# Array shape: (2, 2, 21, 21)
1.000000 0.000000 0.000000 0.000000 0.000000 0.000000 0.000000 0.000000 0.000000 0.000000 0.000000 0.000000 0.000000 0.000000 0.000000 0.000000 0.000000 0.000000 0.000000 0.000000 0.000000
0.923077 0.076923 0.000000 0.000000 0.000000 0.000000 0.000000 0.000000 0.000000 0.000000 0.000000 0.000000 0.000000 0.000000 0.000000 0.000000 0.000000 0.000000 0.000000 0.000000 0.000000
0.450000 0.400000 0.150000 0.000000 0.000000 0.000000 0.000000 0.000000 0.000000 0.000000 0.000000 0.000000 0.000000 0.000000 0.000000 0.000000 0.000000 0.000000 0.000000 0.000000 0.000000
0.172414 0.275862 0.413793 0.137931 0.000000 0.000000 0.000000 0.000000 0.000000 0.000000 0.000000 0.000000 0.000000 0.000000 0.000000 0.000000 0.000000 0.000000 0.000000 0.000000 0.000000
0.058824 0.176471 0.294118 0.352941 0.117647 0.000000 0.000000 0.000000 0.000000 0.000000 0.000000 0.000000 0.000000 0.000000 0.000000 0.000000 0.000000 0.000000 0.000000 0.000000 0.000000
0.040000 0.120000 0.080000 0.360000 0.320000 0.080000 0.000000 0.000000 0.000000 0.000000 0.000000 0.000000 0.000000 0.000000 0.000000 0.000000 0.000000 0.000000 0.000000 0.000000 0.000000
0.066667 0.066667 0.200000 0.200000 0.266667 0.133333 0.066667 0.000000 0.000000 0.000000 0.000000 0.000000 0.000000 0.000000 0.000000 0.000000 0.000000 0.000000 0.000000 0.000000 0.000000
0.026316 0.026316 0.052632 0.052632 0.236842 0.342105 0.210526 0.052632 0.000000 0.000000 0.000000 0.000000 0.000000 0.000000 0.000000 0.000000 0.000000 0.000000 0.000000 0.000000 0.000000
0.031250 0.031250 0.031250 0.031250 0.062500 0.156250 0.312500 0.187500 0.156250 0.000000 0.000000 0.000000 0.000000 0.000000 0.000000 0.000000 0.000000 0.000000 0.000000 0.000000 0.000000
0.040000 0.040000 0.040000 0.040000 0.040000 0.040000 0.200000 0.160000 0.280000 0.120000 0.000000 0.000000 0.000000 0.000000 0.000000 0.000000 0.000000 0.000000 0.000000 0.000000 0.000000
0.030303 0.030303 0.030303 0.030303 0.030303 0.030303 0.030303 0.242424 0.272727 0.212121 0.060606 0.000000 0.000000 0.000000 0.000000 0.000000 0.000000 0.000000 0.000000 0.000000 0.000000
0.045455 0.045455 0.045455 0.045455 0.045455 0.045455 0.045455 0.045455 0.272727 0.136364 0.136364 0.090909 0.000000 0.000000 0.000000 0.000000 0.000000 0.000000 0.000000 0.000000 0.000000
0.020833 0.020833 0.020833 0.020833 0.020833 0.041667 0.020833 0.020833 0.062500 0.208333 0.229167 0.208333 0.104167 0.000000 0.000000 0.000000 0.000000 0.000000 0.000000 0.000000 0.000000
0.025641 0.025641 0.025641 0.025641 0.025641 0.025641 0.025641 0.051282 0.051282 0.076923 0.153846 0.153846 0.256410 0.076923 0.000000 0.000000 0.000000 0.000000 0.000000 0.000000 0.000000
0.037037 0.037037 0.037037 0.037037 0.037037 0.037037 0.037037 0.037037 0.037037 0.037037 0.111111 0.148148 0.185185 0.148148 0.037037 0.000000 0.000000 0.000000 0.000000 0.000000 0.000000
0.022222 0.022222 0.022222 0.022222 0.022222 0.022222 0.022222 0.022222 0.022222 0.022222 0.022222 0.066667 0.155556 0.222222 0.244444 0.066667 0.000000 0.000000 0.000000 0.000000 0.000000
0.029412 0.029412 0.029412 0.029412 0.029412 0.029412 0.029412 0.029412 0.029412 0.029412 0.029412 0.058824 0.058824 0.147059 0.176471 0.205882 0.029412 0.000000 0.000000 0.000000 0.000000
0.022727 0.022727 0.022727 0.022727 0.022727 0.022727 0.022727 0.022727 0.022727 0.045455 0.022727 0.022727 0.022727 0.068182 0.113636 0.136364 0.250000 0.113636 0.000000 0.000000 0.000000
0.034483 0.034483 0.034483 0.034483 0.034483 0.034483 0.034483 0.034483 0.034483 0.034483 0.034483 0.034483 0.034483 0.034483 0.137931 0.172414 0.137931 0.034483 0.034483 0.000000 0.000000
0.037037 0.037037 0.037037 0.037037 0.037037 0.037037 0.037037 0.037037 0.037037 0.037037 0.037037 0.037037 0.037037 0.037037 0.074074 0.037037 0.037037 0.111111 0.111111 0.111111 0.000000
0.021277 0.021277 0.021277 0.021277 0.021277 0.021277 0.021277 0.021277 0.021277 0.021277 0.021277 0.021277 0.021277 0.021277 0.021277 0.042553 0.021277 0.063830 0.127660 0.042553 0.382979
# New slice
0.121951 0.243902 0.097561 0.097561 0.048780 0.024390 0.024390 0.024390 0.024390 0.024390 0.024390 0.024390 0.024390 0.024390 0.024390 0.024390 0.024390 0.024390 0.024390 0.024390 0.024390
0.000000 0.093750 0.156250 0.156250 0.062500 0.062500 0.031250 0.031250 0.031250 0.031250 0.031250 0.031250 0.031250 0.031250 0.031250 0.031250 0.031250 0.031250 0.031250 0.031250 0.031250
0.000000 0.000000 0.142857 0.285714 0.114286 0.028571 0.028571 0.028571 0.028571 0.028571 0.028571 0.028571 0.028571 0.028571 0.028571 0.028571 0.028571 0.028571 0.028571 0.028571 0.028571
0.000000 0.000000 0.027778 0.055556 0.277778 0.166667 0.027778 0.055556 0.055556 0.027778 0.027778 0.027778 0.027778 0.027778 0.027778 0.027778 0.027778 0.027778 0.027778 0.027778 0.027778
0.000000 0.000000 0.000000 0.000000 0.085106 0.340426 0.191489 0.085106 0.042553 0.021277 0.021277 0.021277 0.021277 0.021277 0.021277 0.021277 0.021277 0.021277 0.021277 0.021277 0.021277
0.000000 0.000000 0.000000 0.028571 0.000000 0.114286 0.371429 0.114286 0.028571 0.028571 0.028571 0.028571 0.028571 0.028571 0.028571 0.028571 0.028571 0.028571 0.028571 0.028571 0.028571
0.000000 0.000000 0.000000 0.000000 0.000000 0.000000 0.157895 0.368421 0.245614 0.017544 0.035088 0.017544 0.017544 0.017544 0.017544 0.017544 0.017544 0.017544 0.017544 0.017544 0.017544
0.000000 0.000000 0.000000 0.000000 0.000000 0.000000 0.027027 0.135135 0.243243 0.216216 0.054054 0.054054 0.054054 0.027027 0.027027 0.027027 0.027027 0.027027 0.027027 0.027027 0.027027
0.000000 0.000000 0.000000 0.000000 0.000000 0.000000 0.000000 0.043478 0.130435 0.326087 0.217391 0.065217 0.043478 0.021739 0.021739 0.021739 0.021739 0.021739 0.021739 0.021739 0.021739
0.000000 0.000000 0.000000 0.000000 0.000000 0.000000 0.000000 0.017544 0.035088 0.122807 0.333333 0.210526 0.122807 0.035088 0.017544 0.017544 0.017544 0.017544 0.017544 0.017544 0.017544
0.000000 0.000000 0.000000 0.000000 0.000000 0.000000 0.000000 0.000000 0.000000 0.042553 0.106383 0.340426 0.170213 0.106383 0.106383 0.021277 0.021277 0.021277 0.021277 0.021277 0.021277
0.000000 0.000000 0.000000 0.000000 0.000000 0.000000 0.000000 0.000000 0.000000 0.000000 0.053571 0.142857 0.375000 0.196429 0.107143 0.035714 0.017857 0.017857 0.017857 0.017857 0.017857
0.000000 0.000000 0.000000 0.000000 0.000000 0.000000 0.000000 0.000000 0.000000 0.000000 0.019231 0.038462 0.134615 0.461538 0.153846 0.096154 0.019231 0.019231 0.019231 0.019231 0.019231
0.000000 0.000000 0.000000 0.000000 0.000000 0.000000 0.000000 0.000000 0.000000 0.000000 0.000000 0.000000 0.033333 0.133333 0.400000 0.216667 0.083333 0.083333 0.016667 0.016667 0.016667
0.000000 0.000000 0.000000 0.000000 0.000000 0.000000 0.000000 0.000000 0.017857 0.000000 0.000000 0.035714 0.035714 0.089286 0.142857 0.339286 0.178571 0.107143 0.017857 0.017857 0.017857
0.000000 0.000000 0.000000 0.000000 0.000000 0.000000 0.000000 0.000000 0.000000 0.000000 0.000000 0.000000 0.029412 0.029412 0.029412 0.205882 0.264706 0.147059 0.205882 0.058824 0.029412
0.000000 0.000000 0.000000 0.000000 0.000000 0.000000 0.000000 0.000000 0.000000 0.000000 0.000000 0.000000 0.000000 0.000000 0.043478 0.000000 0.217391 0.304348 0.260870 0.130435 0.043478
0.000000 0.000000 0.000000 0.000000 0.000000 0.000000 0.000000 0.000000 0.000000 0.000000 0.000000 0.000000 0.000000 0.000000 0.058824 0.058824 0.058824 0.294118 0.117647 0.294118 0.117647
0.000000 0.000000 0.000000 0.000000 0.000000 0.000000 0.000000 0.000000 0.000000 0.000000 0.000000 0.000000 0.000000 0.000000 0.000000 0.047619 0.047619 0.095238 0.095238 0.428571 0.285714
0.000000 0.000000 0.000000 0.000000 0.000000 0.000000 0.000000 0.000000 0.000000 0.000000 0.000000 0.000000 0.000000 0.000000 0.000000 0.000000 0.000000 0.000000 0.055556 0.444444 0.500000
0.000000 0.000000 0.000000 0.000000 0.000000 0.000000 0.000000 0.000000 0.000000 0.000000 0.000000 0.000000 0.000000 0.000000 0.000000 0.000000 0.000000 0.000000 0.029412 0.029412 0.941176
# New slice
1.000000 0.000000 0.000000 0.000000 0.000000 0.000000 0.000000 0.000000 0.000000 0.000000 0.000000 0.000000 0.000000 0.000000 0.000000 0.000000 0.000000 0.000000 0.000000 0.000000 0.000000
0.800000 0.200000 0.000000 0.000000 0.000000 0.000000 0.000000 0.000000 0.000000 0.000000 0.000000 0.000000 0.000000 0.000000 0.000000 0.000000 0.000000 0.000000 0.000000 0.000000 0.000000
0.666667 0.166667 0.166667 0.000000 0.000000 0.000000 0.000000 0.000000 0.000000 0.000000 0.000000 0.000000 0.000000 0.000000 0.000000 0.000000 0.000000 0.000000 0.000000 0.000000 0.000000
0.166667 0.166667 0.500000 0.166667 0.000000 0.000000 0.000000 0.000000 0.000000 0.000000 0.000000 0.000000 0.000000 0.000000 0.000000 0.000000 0.000000 0.000000 0.000000 0.000000 0.000000
0.153846 0.076923 0.538462 0.153846 0.076923 0.000000 0.000000 0.000000 0.000000 0.000000 0.000000 0.000000 0.000000 0.000000 0.000000 0.000000 0.000000 0.000000 0.000000 0.000000 0.000000
0.125000 0.062500 0.250000 0.187500 0.312500 0.062500 0.000000 0.000000 0.000000 0.000000 0.000000 0.000000 0.000000 0.000000 0.000000 0.000000 0.000000 0.000000 0.000000 0.000000 0.000000
0.055556 0.055556 0.055556 0.222222 0.388889 0.166667 0.055556 0.000000 0.000000 0.000000 0.000000 0.000000 0.000000 0.000000 0.000000 0.000000 0.000000 0.000000 0.000000 0.000000 0.000000
0.035714 0.035714 0.035714 0.035714 0.142857 0.214286 0.392857 0.107143 0.000000 0.000000 0.000000 0.000000 0.000000 0.000000 0.000000 0.000000 0.000000 0.000000 0.000000 0.000000 0.000000
0.034483 0.034483 0.068966 0.034483 0.068966 0.103448 0.379310 0.241379 0.034483 0.000000 0.000000 0.000000 0.000000 0.000000 0.000000 0.000000 0.000000 0.000000 0.000000 0.000000 0.000000
0.032258 0.032258 0.032258 0.032258 0.064516 0.064516 0.129032 0.290323 0.258065 0.064516 0.000000 0.000000 0.000000 0.000000 0.000000 0.000000 0.000000 0.000000 0.000000 0.000000 0.000000
0.031250 0.031250 0.031250 0.031250 0.031250 0.062500 0.062500 0.093750 0.218750 0.218750 0.187500 0.000000 0.000000 0.000000 0.000000 0.000000 0.000000 0.000000 0.000000 0.000000 0.000000
0.028571 0.028571 0.028571 0.028571 0.028571 0.028571 0.028571 0.028571 0.114286 0.371429 0.257143 0.028571 0.000000 0.000000 0.000000 0.000000 0.000000 0.000000 0.000000 0.000000 0.000000
0.037037 0.037037 0.037037 0.037037 0.037037 0.037037 0.037037 0.037037 0.074074 0.111111 0.259259 0.185185 0.074074 0.000000 0.000000 0.000000 0.000000 0.000000 0.000000 0.000000 0.000000
0.023810 0.023810 0.023810 0.023810 0.023810 0.023810 0.023810 0.023810 0.023810 0.119048 0.071429 0.261905 0.261905 0.071429 0.000000 0.000000 0.000000 0.000000 0.000000 0.000000 0.000000
0.025641 0.025641 0.025641 0.025641 0.025641 0.025641 0.025641 0.025641 0.025641 0.025641 0.153846 0.179487 0.205128 0.153846 0.051282 0.000000 0.000000 0.000000 0.000000 0.000000 0.000000
0.029412 0.029412 0.029412 0.029412 0.029412 0.029412 0.029412 0.029412 0.029412 0.029412 0.029412 0.029412 0.235294 0.117647 0.235294 0.058824 0.000000 0.000000 0.000000 0.000000 0.000000
0.034483 0.034483 0.034483 0.034483 0.034483 0.034483 0.034483 0.034483 0.034483 0.034483 0.068966 0.034483 0.034483 0.172414 0.172414 0.103448 0.068966 0.000000 0.000000 0.000000 0.000000
0.040000 0.040000 0.040000 0.040000 0.040000 0.040000 0.040000 0.040000 0.040000 0.040000 0.040000 0.040000 0.080000 0.120000 0.080000 0.120000 0.080000 0.040000 0.000000 0.000000 0.000000
0.032258 0.032258 0.032258 0.032258 0.032258 0.032258 0.032258 0.032258 0.032258 0.032258 0.032258 0.032258 0.064516 0.032258 0.064516 0.096774 0.193548 0.096774 0.064516 0.000000 0.000000
0.023810 0.023810 0.023810 0.023810 0.023810 0.023810 0.023810 0.023810 0.023810 0.023810 0.023810 0.023810 0.047619 0.023810 0.047619 0.047619 0.023810 0.214286 0.285714 0.023810 0.000000
0.016393 0.016393 0.016393 0.016393 0.016393 0.016393 0.016393 0.016393 0.016393 0.016393 0.016393 0.016393 0.016393 0.049180 0.032787 0.032787 0.016393 0.049180 0.098361 0.147541 0.360656
# New slice
0.121951 0.243902 0.170732 0.048780 0.024390 0.024390 0.024390 0.024390 0.024390 0.024390 0.024390 0.024390 0.024390 0.024390 0.024390 0.024390 0.024390 0.024390 0.024390 0.024390 0.024390
0.000000 0.058824 0.264706 0.088235 0.088235 0.058824 0.029412 0.029412 0.029412 0.029412 0.029412 0.029412 0.029412 0.029412 0.029412 0.029412 0.029412 0.029412 0.029412 0.029412 0.029412
0.000000 0.000000 0.043478 0.391304 0.195652 0.043478 0.021739 0.021739 0.021739 0.021739 0.021739 0.021739 0.021739 0.021739 0.021739 0.021739 0.021739 0.021739 0.021739 0.021739 0.021739
0.000000 0.000000 0.000000 0.142857 0.285714 0.114286 0.028571 0.057143 0.028571 0.028571 0.028571 0.028571 0.028571 0.028571 0.028571 0.028571 0.028571 0.028571 0.028571 0.028571 0.028571
0.000000 0.000000 0.000000 0.000000 0.116279 0.232558 0.232558 0.093023 0.046512 0.023256 0.023256 0.023256 0.023256 0.023256 0.023256 0.023256 0.023256 0.023256 0.023256 0.023256 0.023256
0.000000 0.000000 0.000000 0.000000 0.024390 0.121951 0.170732 0.268293 0.073171 0.024390 0.073171 0.024390 0.024390 0.024390 0.024390 0.024390 0.024390 0.024390 0.024390 0.024390 0.024390
0.000000 0.000000 0.000000 0.000000 0.000000 0.019608 0.156863 0.274510 0.215686 0.117647 0.019608 0.019608 0.019608 0.019608 0.019608 0.019608 0.019608 0.019608 0.019608 0.019608 0.019608
0.000000 0.000000 0.000000 0.000000 0.000000 0.000000 0.025641 0.076923 0.333333 0.153846 0.153846 0.025641 0.025641 0.025641 0.025641 0.025641 0.025641 0.025641 0.025641 0.025641 0.025641
0.000000 0.000000 0.000000 0.000000 0.000000 0.000000 0.000000 0.000000 0.181818 0.386364 0.113636 0.113636 0.022727 0.022727 0.022727 0.022727 0.022727 0.022727 0.022727 0.022727 0.022727
0.000000 0.000000 0.000000 0.000000 0.000000 0.000000 0.000000 0.000000 0.000000 0.200000 0.280000 0.180000 0.160000 0.040000 0.020000 0.020000 0.020000 0.020000 0.020000 0.020000 0.020000
0.000000 0.000000 0.000000 0.000000 0.000000 0.000000 0.021739 0.000000 0.000000 0.130435 0.130435 0.217391 0.173913 0.130435 0.043478 0.043478 0.021739 0.021739 0.021739 0.021739 0.021739
0.000000 0.000000 0.000000 0.000000 0.000000 0.000000 0.000000 0.000000 0.000000 0.000000 0.020833 0.208333 0.375000 0.208333 0.062500 0.020833 0.020833 0.020833 0.020833 0.020833 0.020833
0.000000 0.000000 0.000000 0.000000 0.000000 0.000000 0.000000 0.000000 0.000000 0.018182 0.018182 0.054545 0.127273 0.381818 0.200000 0.090909 0.036364 0.018182 0.018182 0.018182 0.018182
0.000000 0.000000 0.000000 0.000000 0.000000 0.000000 0.000000 0.000000 0.000000 0.000000 0.000000 0.022727 0.000000 0.204545 0.272727 0.295455 0.090909 0.045455 0.022727 0.022727 0.022727
0.000000 0.000000 0.000000 0.000000 0.000000 0.000000 0.000000 0.000000 0.020833 0.000000 0.000000 0.020833 0.041667 0.083333 0.187500 0.250000 0.187500 0.145833 0.020833 0.020833 0.020833
0.000000 0.000000 0.000000 0.000000 0.000000 0.000000 0.000000 0.000000 0.000000 0.030303 0.000000 0.030303 0.000000 0.090909 0.060606 0.090909 0.242424 0.212121 0.090909 0.060606 0.090909
0.000000 0.000000 0.000000 0.000000 0.000000 0.000000 0.000000 0.000000 0.000000 0.000000 0.000000 0.000000 0.000000 0.000000 0.068966 0.068966 0.068966 0.379310 0.241379 0.068966 0.103448
0.000000 0.000000 0.000000 0.000000 0.000000 0.000000 0.000000 0.000000 0.000000 0.000000 0.000000 0.000000 0.000000 0.029412 0.029412 0.000000 0.058824 0.176471 0.352941 0.235294 0.117647
0.000000 0.000000 0.000000 0.000000 0.000000 0.000000 0.000000 0.000000 0.000000 0.000000 0.000000 0.000000 0.000000 0.000000 0.037037 0.000000 0.000000 0.037037 0.148148 0.444444 0.333333
0.000000 0.000000 0.000000 0.000000 0.000000 0.000000 0.000000 0.000000 0.000000 0.000000 0.000000 0.000000 0.000000 0.000000 0.000000 0.000000 0.117647 0.000000 0.058824 0.235294 0.588235
0.000000 0.000000 0.000000 0.000000 0.000000 0.000000 0.000000 0.000000 0.000000 0.000000 0.000000 0.000000 0.000000 0.017241 0.000000 0.000000 0.000000 0.034483 0.017241 0.034483 0.896552
# New slice
