# Array shape: (2, 2, 21, 21)
1.000000 0.000000 0.000000 0.000000 0.000000 0.000000 0.000000 0.000000 0.000000 0.000000 0.000000 0.000000 0.000000 0.000000 0.000000 0.000000 0.000000 0.000000 0.000000 0.000000 0.000000
0.500000 0.500000 0.000000 0.000000 0.000000 0.000000 0.000000 0.000000 0.000000 0.000000 0.000000 0.000000 0.000000 0.000000 0.000000 0.000000 0.000000 0.000000 0.000000 0.000000 0.000000
0.333333 0.333333 0.333333 0.000000 0.000000 0.000000 0.000000 0.000000 0.000000 0.000000 0.000000 0.000000 0.000000 0.000000 0.000000 0.000000 0.000000 0.000000 0.000000 0.000000 0.000000
0.250000 0.250000 0.375000 0.125000 0.000000 0.000000 0.000000 0.000000 0.000000 0.000000 0.000000 0.000000 0.000000 0.000000 0.000000 0.000000 0.000000 0.000000 0.000000 0.000000 0.000000
0.142857 0.214286 0.214286 0.357143 0.071429 0.000000 0.000000 0.000000 0.000000 0.000000 0.000000 0.000000 0.000000 0.000000 0.000000 0.000000 0.000000 0.000000 0.000000 0.000000 0.000000
0.076923 0.153846 0.230769 0.384615 0.076923 0.076923 0.000000 0.000000 0.000000 0.000000 0.000000 0.000000 0.000000 0.000000 0.000000 0.000000 0.000000 0.000000 0.000000 0.000000 0.000000
0.025000 0.025000 0.125000 0.275000 0.200000 0.275000 0.075000 0.000000 0.000000 0.000000 0.000000 0.000000 0.000000 0.000000 0.000000 0.000000 0.000000 0.000000 0.000000 0.000000 0.000000
0.033333 0.033333 0.033333 0.033333 0.333333 0.300000 0.166667 0.066667 0.000000 0.000000 0.000000 0.000000 0.000000 0.000000 0.000000 0.000000 0.000000 0.000000 0.000000 0.000000 0.000000
0.015152 0.015152 0.030303 0.060606 0.075758 0.212121 0.242424 0.318182 0.030303 0.000000 0.000000 0.000000 0.000000 0.000000 0.000000 0.000000 0.000000 0.000000 0.000000 0.000000 0.000000
0.037037 0.037037 0.037037 0.037037 0.074074 0.074074 0.185185 0.296296 0.148148 0.074074 0.000000 0.000000 0.000000 0.000000 0.000000 0.000000 0.000000 0.000000 0.000000 0.000000 0.000000
0.027778 0.027778 0.027778 0.027778 0.027778 0.083333 0.083333 0.250000 0.166667 0.250000 0.027778 0.000000 0.000000 0.000000 0.000000 0.000000 0.000000 0.000000 0.000000 0.000000 0.000000
0.040000 0.040000 0.040000 0.040000 0.040000 0.040000 0.040000 0.120000 0.280000 0.080000 0.200000 0.040000 0.000000 0.000000 0.000000 0.000000 0.000000 0.000000 0.000000 0.000000 0.000000
0.071429 0.071429 0.071429 0.071429 0.071429 0.071429 0.071429 0.071429 0.071429 0.071429 0.071429 0.071429 0.142857 0.000000 0.000000 0.000000 0.000000 0.000000 0.000000 0.000000 0.000000
0.058824 0.058824 0.058824 0.058824 0.058824 0.058824 0.058824 0.058824 0.058824 0.058824 0.117647 0.117647 0.117647 0.058824 0.000000 0.000000 0.000000 0.000000 0.000000 0.000000 0.000000
0.055556 0.055556 0.055556 0.055556 0.055556 0.055556 0.055556 0.111111 0.055556 0.055556 0.111111 0.055556 0.111111 0.055556 0.055556 0.000000 0.000000 0.000000 0.000000 0.000000 0.000000
0.058824 0.058824 0.058824 0.058824 0.058824 0.058824 0.058824 0.058824 0.058824 0.058824 0.058824 0.058824 0.058824 0.117647 0.058824 0.058824 0.000000 0.000000 0.000000 0.000000 0.000000
0.052632 0.052632 0.052632 0.052632 0.052632 0.052632 0.052632 0.052632 0.052632 0.052632 0.052632 0.052632 0.105263 0.052632 0.052632 0.105263 0.052632 0.000000 0.000000 0.000000 0.000000
0.055556 0.055556 0.055556 0.055556 0.055556 0.055556 0.055556 0.055556 0.055556 0.055556 0.055556 0.055556 0.055556 0.055556 0.055556 0.055556 0.055556 0.055556 0.000000 0.000000 0.000000
0.052632 0.052632 0.052632 0.052632 0.052632 0.052632 0.052632 0.052632 0.052632 0.052632 0.052632 0.052632 0.052632 0.052632 0.052632 0.052632 0.052632 0.052632 0.052632 0.000000 0.000000
0.050000 0.050000 0.050000 0.050000 0.050000 0.050000 0.050000 0.050000 0.050000 0.050000 0.050000 0.050000 0.050000 0.050000 0.050000 0.050000 0.050000 0.050000 0.050000 0.050000 0.000000
0.047619 0.047619 0.047619 0.047619 0.047619 0.047619 0.047619 0.047619 0.047619 0.047619 0.047619 0.047619 0.047619 0.047619 0.047619 0.047619 0.047619 0.047619 0.047619 0.047619 0.047619
# New slice
0.107143 0.178571 0.071429 0.035714 0.035714 0.035714 0.035714 0.035714 0.035714 0.035714 0.035714 0.035714 0.035714 0.035714 0.035714 0.035714 0.035714 0.035714 0.035714 0.035714 0.035714
0.000000 0.111111 0.037037 0.148148 0.111111 0.037037 0.037037 0.037037 0.037037 0.037037 0.037037 0.037037 0.037037 0.037037 0.037037 0.037037 0.037037 0.037037 0.037037 0.037037 0.037037
0.000000 0.000000 0.129032 0.225806 0.064516 0.064516 0.064516 0.032258 0.032258 0.032258 0.032258 0.032258 0.032258 0.032258 0.032258 0.032258 0.032258 0.032258 0.032258 0.032258 0.032258
0.000000 0.000000 0.000000 0.140000 0.280000 0.200000 0.060000 0.060000 0.020000 0.020000 0.020000 0.020000 0.020000 0.020000 0.020000 0.020000 0.020000 0.020000 0.020000 0.020000 0.020000
0.000000 0.000000 0.000000 0.056604 0.150943 0.358491 0.132075 0.037736 0.037736 0.018868 0.018868 0.018868 0.018868 0.018868 0.018868 0.018868 0.018868 0.018868 0.018868 0.018868 0.018868
0.000000 0.000000 0.000000 0.010204 0.030612 0.265306 0.295918 0.204082 0.071429 0.010204 0.010204 0.010204 0.010204 0.010204 0.010204 0.010204 0.010204 0.010204 0.010204 0.010204 0.010204
0.000000 0.000000 0.000000 0.000000 0.038462 0.102564 0.230769 0.294872 0.102564 0.051282 0.051282 0.012821 0.012821 0.012821 0.012821 0.012821 0.012821 0.012821 0.012821 0.012821 0.012821
0.000000 0.000000 0.000000 0.000000 0.008850 0.044248 0.123894 0.238938 0.300885 0.115044 0.079646 0.008850 0.008850 0.008850 0.008850 0.008850 0.008850 0.008850 0.008850 0.008850 0.008850
0.000000 0.000000 0.000000 0.000000 0.000000 0.056604 0.018868 0.169811 0.150943 0.245283 0.132075 0.037736 0.037736 0.018868 0.018868 0.018868 0.018868 0.018868 0.018868 0.018868 0.018868
0.000000 0.000000 0.000000 0.000000 0.000000 0.000000 0.032787 0.032787 0.098361 0.163934 0.360656 0.147541 0.032787 0.016393 0.016393 0.016393 0.016393 0.016393 0.016393 0.016393 0.016393
0.000000 0.000000 0.000000 0.000000 0.000000 0.022222 0.022222 0.066667 0.066667 0.200000 0.133333 0.133333 0.133333 0.044444 0.044444 0.022222 0.022222 0.022222 0.022222 0.022222 0.022222
0.000000 0.000000 0.000000 0.000000 0.000000 0.000000 0.000000 0.024390 0.024390 0.073171 0.097561 0.170732 0.243902 0.121951 0.073171 0.048780 0.024390 0.024390 0.024390 0.024390 0.024390
0.000000 0.000000 0.000000 0.000000 0.000000 0.000000 0.000000 0.022727 0.000000 0.090909 0.022727 0.113636 0.136364 0.318182 0.136364 0.045455 0.022727 0.022727 0.022727 0.022727 0.022727
0.000000 0.000000 0.000000 0.000000 0.000000 0.000000 0.000000 0.000000 0.000000 0.000000 0.055556 0.166667 0.083333 0.222222 0.166667 0.083333 0.111111 0.027778 0.027778 0.027778 0.027778
0.000000 0.000000 0.000000 0.000000 0.000000 0.000000 0.000000 0.000000 0.000000 0.038462 0.000000 0.000000 0.115385 0.038462 0.115385 0.461538 0.076923 0.038462 0.038462 0.038462 0.038462
0.000000 0.000000 0.000000 0.000000 0.000000 0.000000 0.000000 0.000000 0.043478 0.000000 0.000000 0.000000 0.086957 0.000000 0.217391 0.173913 0.130435 0.130435 0.130435 0.043478 0.043478
0.000000 0.000000 0.000000 0.000000 0.000000 0.000000 0.000000 0.000000 0.000000 0.000000 0.000000 0.076923 0.000000 0.076923 0.076923 0.000000 0.230769 0.153846 0.230769 0.076923 0.076923
0.000000 0.000000 0.000000 0.000000 0.000000 0.000000 0.000000 0.000000 0.000000 0.000000 0.000000 0.000000 0.111111 0.000000 0.222222 0.000000 0.000000 0.222222 0.111111 0.222222 0.111111
0.000000 0.000000 0.000000 0.000000 0.000000 0.000000 0.000000 0.000000 0.000000 0.000000 0.000000 0.000000 0.000000 0.000000 0.125000 0.125000 0.000000 0.000000 0.125000 0.250000 0.375000
0.000000 0.000000 0.000000 0.000000 0.000000 0.000000 0.000000 0.000000 0.000000 0.000000 0.000000 0.000000 0.000000 0.000000 0.000000 0.000000 0.333333 0.000000 0.000000 0.333333 0.333333
0.000000 0.000000 0.000000 0.000000 0.000000 0.000000 0.000000 0.000000 0.000000 0.000000 0.000000 0.000000 0.000000 0.000000 0.000000 0.000000 0.000000 0.000000 0.000000 0.000000 1.000000
# New slice
1.000000 0.000000 0.000000 0.000000 0.000000 0.000000 0.000000 0.000000 0.000000 0.000000 0.000000 0.000000 0.000000 0.000000 0.000000 0.000000 0.000000 0.000000 0.000000 0.000000 0.000000
0.500000 0.500000 0.000000 0.000000 0.000000 0.000000 0.000000 0.000000 0.000000 0.000000 0.000000 0.000000 0.000000 0.000000 0.000000 0.000000 0.000000 0.000000 0.000000 0.000000 0.000000
0.333333 0.333333 0.333333 0.000000 0.000000 0.000000 0.000000 0.000000 0.000000 0.000000 0.000000 0.000000 0.000000 0.000000 0.000000 0.000000 0.000000 0.000000 0.000000 0.000000 0.000000
0.230769 0.384615 0.307692 0.076923 0.000000 0.000000 0.000000 0.000000 0.000000 0.000000 0.000000 0.000000 0.000000 0.000000 0.000000 0.000000 0.000000 0.000000 0.000000 0.000000 0.000000
0.111111 0.222222 0.277778 0.333333 0.055556 0.000000 0.000000 0.000000 0.000000 0.000000 0.000000 0.000000 0.000000 0.000000 0.000000 0.000000 0.000000 0.000000 0.000000 0.000000 0.000000
0.058824 0.117647 0.294118 0.117647 0.176471 0.235294 0.000000 0.000000 0.000000 0.000000 0.000000 0.000000 0.000000 0.000000 0.000000 0.000000 0.000000 0.000000 0.000000 0.000000 0.000000
0.023256 0.023256 0.093023 0.302326 0.209302 0.209302 0.139535 0.000000 0.000000 0.000000 0.000000 0.000000 0.000000 0.000000 0.000000 0.000000 0.000000 0.000000 0.000000 0.000000 0.000000
0.028571 0.028571 0.028571 0.171429 0.171429 0.171429 0.285714 0.114286 0.000000 0.000000 0.000000 0.000000 0.000000 0.000000 0.000000 0.000000 0.000000 0.000000 0.000000 0.000000 0.000000
0.031250 0.031250 0.031250 0.093750 0.093750 0.281250 0.156250 0.218750 0.062500 0.000000 0.000000 0.000000 0.000000 0.000000 0.000000 0.000000 0.000000 0.000000 0.000000 0.000000 0.000000
0.030303 0.030303 0.030303 0.030303 0.030303 0.090909 0.272727 0.151515 0.212121 0.121212 0.000000 0.000000 0.000000 0.000000 0.000000 0.000000 0.000000 0.000000 0.000000 0.000000 0.000000
0.027778 0.027778 0.027778 0.027778 0.027778 0.055556 0.250000 0.138889 0.222222 0.166667 0.027778 0.000000 0.000000 0.000000 0.000000 0.000000 0.000000 0.000000 0.000000 0.000000 0.000000
0.052632 0.052632 0.052632 0.052632 0.052632 0.052632 0.052632 0.157895 0.263158 0.052632 0.105263 0.052632 0.000000 0.000000 0.000000 0.000000 0.000000 0.000000 0.000000 0.000000 0.000000
0.052632 0.052632 0.052632 0.052632 0.052632 0.052632 0.105263 0.052632 0.210526 0.105263 0.105263 0.052632 0.052632 0.000000 0.000000 0.000000 0.000000 0.000000 0.000000 0.000000 0.000000
0.047619 0.047619 0.047619 0.047619 0.047619 0.047619 0.047619 0.095238 0.142857 0.095238 0.095238 0.142857 0.047619 0.047619 0.000000 0.000000 0.000000 0.000000 0.000000 0.000000 0.000000
0.055556 0.055556 0.055556 0.055556 0.055556 0.055556 0.055556 0.055556 0.055556 0.055556 0.055556 0.166667 0.111111 0.055556 0.055556 0.000000 0.000000 0.000000 0.000000 0.000000 0.000000
0.050000 0.050000 0.050000 0.050000 0.050000 0.050000 0.050000 0.050000 0.050000 0.050000 0.100000 0.150000 0.050000 0.050000 0.100000 0.050000 0.000000 0.000000 0.000000 0.000000 0.000000
0.058824 0.058824 0.058824 0.058824 0.058824 0.058824 0.058824 0.058824 0.058824 0.058824 0.058824 0.058824 0.058824 0.058824 0.058824 0.058824 0.058824 0.000000 0.000000 0.000000 0.000000
0.050000 0.050000 0.050000 0.050000 0.050000 0.050000 0.050000 0.050000 0.050000 0.100000 0.050000 0.050000 0.050000 0.050000 0.050000 0.050000 0.100000 0.050000 0.000000 0.000000 0.000000
0.052632 0.052632 0.052632 0.052632 0.052632 0.052632 0.052632 0.052632 0.052632 0.052632 0.052632 0.052632 0.052632 0.052632 0.052632 0.052632 0.052632 0.052632 0.052632 0.000000 0.000000
0.050000 0.050000 0.050000 0.050000 0.050000 0.050000 0.050000 0.050000 0.050000 0.050000 0.050000 0.050000 0.050000 0.050000 0.050000 0.050000 0.050000 0.050000 0.050000 0.050000 0.000000
0.047619 0.047619 0.047619 0.047619 0.047619 0.047619 0.047619 0.047619 0.047619 0.047619 0.047619 0.047619 0.047619 0.047619 0.047619 0.047619 0.047619 0.047619 0.047619 0.047619 0.047619
# New slice
0.047619 0.047619 0.047619 0.047619 0.047619 0.047619 0.047619 0.047619 0.047619 0.047619 0.047619 0.047619 0.047619 0.047619 0.047619 0.047619 0.047619 0.047619 0.047619 0.047619 0.047619
0.000000 0.062500 0.312500 0.062500 0.062500 0.031250 0.031250 0.031250 0.031250 0.031250 0.031250 0.031250 0.031250 0.031250 0.031250 0.031250 0.031250 0.031250 0.031250 0.031250 0.031250
0.000000 0.000000 0.153846 0.384615 0.153846 0.019231 0.019231 0.019231 0.019231 0.019231 0.019231 0.019231 0.019231 0.019231 0.019231 0.019231 0.019231 0.019231 0.019231 0.019231 0.019231
0.000000 0.000000 0.000000 0.225000 0.275000 0.212500 0.100000 0.025000 0.012500 0.012500 0.012500 0.012500 0.012500 0.012500 0.012500 0.012500 0.012500 0.012500 0.012500 0.012500 0.012500
0.000000 0.000000 0.000000 0.044444 0.177778 0.300000 0.188889 0.100000 0.055556 0.011111 0.011111 0.011111 0.011111 0.011111 0.011111 0.011111 0.011111 0.011111 0.011111 0.011111 0.011111
0.000000 0.000000 0.000000 0.007042 0.070423 0.218310 0.302817 0.204225 0.091549 0.021127 0.014085 0.007042 0.007042 0.007042 0.007042 0.007042 0.007042 0.007042 0.007042 0.007042 0.007042
0.000000 0.000000 0.000000 0.000000 0.061538 0.092308 0.200000 0.323077 0.146154 0.069231 0.023077 0.015385 0.007692 0.007692 0.007692 0.007692 0.007692 0.007692 0.007692 0.007692 0.007692
0.000000 0.000000 0.000000 0.000000 0.000000 0.042857 0.085714 0.242857 0.271429 0.171429 0.107143 0.014286 0.007143 0.007143 0.007143 0.007143 0.007143 0.007143 0.007143 0.007143 0.007143
0.000000 0.000000 0.000000 0.000000 0.009524 0.047619 0.066667 0.104762 0.152381 0.247619 0.180952 0.085714 0.028571 0.009524 0.009524 0.009524 0.009524 0.009524 0.009524 0.009524 0.009524
0.000000 0.000000 0.000000 0.000000 0.000000 0.000000 0.038462 0.038462 0.179487 0.115385 0.269231 0.166667 0.064103 0.025641 0.025641 0.012821 0.012821 0.012821 0.012821 0.012821 0.012821
0.000000 0.000000 0.000000 0.000000 0.000000 0.000000 0.012821 0.038462 0.076923 0.064103 0.243590 0.269231 0.115385 0.089744 0.012821 0.012821 0.012821 0.012821 0.012821 0.012821 0.012821
0.000000 0.000000 0.000000 0.000000 0.000000 0.000000 0.000000 0.000000 0.014925 0.074627 0.119403 0.149254 0.313433 0.179104 0.044776 0.029851 0.014925 0.014925 0.014925 0.014925 0.014925
0.000000 0.000000 0.000000 0.000000 0.000000 0.000000 0.000000 0.018182 0.018182 0.054545 0.054545 0.145455 0.145455 0.272727 0.145455 0.054545 0.018182 0.018182 0.018182 0.018182 0.018182
0.000000 0.000000 0.000000 0.000000 0.000000 0.000000 0.000000 0.000000 0.024390 0.000000 0.073171 0.073171 0.146341 0.195122 0.170732 0.170732 0.048780 0.024390 0.024390 0.024390 0.024390
0.000000 0.000000 0.000000 0.000000 0.000000 0.000000 0.000000 0.000000 0.000000 0.030303 0.090909 0.090909 0.090909 0.060606 0.121212 0.151515 0.181818 0.090909 0.030303 0.030303 0.030303
0.000000 0.000000 0.000000 0.000000 0.000000 0.000000 0.000000 0.000000 0.000000 0.040000 0.000000 0.120000 0.080000 0.040000 0.160000 0.160000 0.240000 0.040000 0.040000 0.040000 0.040000
0.000000 0.000000 0.000000 0.000000 0.000000 0.000000 0.000000 0.000000 0.000000 0.000000 0.000000 0.052632 0.052632 0.000000 0.157895 0.210526 0.157895 0.105263 0.105263 0.105263 0.052632
0.000000 0.000000 0.000000 0.000000 0.000000 0.000000 0.000000 0.000000 0.000000 0.000000 0.000000 0.000000 0.000000 0.000000 0.000000 0.000000 0.000000 0.250000 0.375000 0.250000 0.125000
0.000000 0.000000 0.000000 0.000000 0.000000 0.000000 0.000000 0.000000 0.000000 0.000000 0.000000 0.000000 0.000000 0.166667 0.000000 0.166667 0.000000 0.166667 0.166667 0.166667 0.166667
0.000000 0.000000 0.000000 0.000000 0.000000 0.000000 0.000000 0.000000 0.000000 0.000000 0.000000 0.000000 0.000000 0.166667 0.000000 0.000000 0.166667 0.166667 0.166667 0.166667 0.166667
0.000000 0.000000 0.000000 0.000000 0.000000 0.000000 0.000000 0.000000 0.000000 0.000000 0.000000 0.000000 0.000000 0.000000 0.000000 0.000000 0.000000 0.142857 0.000000 0.142857 0.714286
# New slice
