# Array shape: (2, 2, 21, 21)
1.000000 0.000000 0.000000 0.000000 0.000000 0.000000 0.000000 0.000000 0.000000 0.000000 0.000000 0.000000 0.000000 0.000000 0.000000 0.000000 0.000000 0.000000 0.000000 0.000000 0.000000
0.500000 0.500000 0.000000 0.000000 0.000000 0.000000 0.000000 0.000000 0.000000 0.000000 0.000000 0.000000 0.000000 0.000000 0.000000 0.000000 0.000000 0.000000 0.000000 0.000000 0.000000
0.500000 0.375000 0.125000 0.000000 0.000000 0.000000 0.000000 0.000000 0.000000 0.000000 0.000000 0.000000 0.000000 0.000000 0.000000 0.000000 0.000000 0.000000 0.000000 0.000000 0.000000
0.272727 0.090909 0.454545 0.181818 0.000000 0.000000 0.000000 0.000000 0.000000 0.000000 0.000000 0.000000 0.000000 0.000000 0.000000 0.000000 0.000000 0.000000 0.000000 0.000000 0.000000
0.052632 0.157895 0.368421 0.315789 0.105263 0.000000 0.000000 0.000000 0.000000 0.000000 0.000000 0.000000 0.000000 0.000000 0.000000 0.000000 0.000000 0.000000 0.000000 0.000000 0.000000
0.062500 0.062500 0.125000 0.375000 0.312500 0.062500 0.000000 0.000000 0.000000 0.000000 0.000000 0.000000 0.000000 0.000000 0.000000 0.000000 0.000000 0.000000 0.000000 0.000000 0.000000
0.043478 0.086957 0.043478 0.043478 0.260870 0.391304 0.130435 0.000000 0.000000 0.000000 0.000000 0.000000 0.000000 0.000000 0.000000 0.000000 0.000000 0.000000 0.000000 0.000000 0.000000
0.037037 0.037037 0.037037 0.037037 0.148148 0.333333 0.222222 0.148148 0.000000 0.000000 0.000000 0.000000 0.000000 0.000000 0.000000 0.000000 0.000000 0.000000 0.000000 0.000000 0.000000
0.026316 0.026316 0.026316 0.026316 0.026316 0.052632 0.289474 0.447368 0.078947 0.000000 0.000000 0.000000 0.000000 0.000000 0.000000 0.000000 0.000000 0.000000 0.000000 0.000000 0.000000
0.023810 0.023810 0.023810 0.023810 0.023810 0.142857 0.142857 0.214286 0.333333 0.047619 0.000000 0.000000 0.000000 0.000000 0.000000 0.000000 0.000000 0.000000 0.000000 0.000000 0.000000
0.022222 0.022222 0.022222 0.022222 0.022222 0.022222 0.022222 0.155556 0.288889 0.311111 0.088889 0.000000 0.000000 0.000000 0.000000 0.000000 0.000000 0.000000 0.000000 0.000000 0.000000
0.019231 0.019231 0.019231 0.019231 0.038462 0.019231 0.057692 0.057692 0.134615 0.250000 0.307692 0.057692 0.000000 0.000000 0.000000 0.000000 0.000000 0.000000 0.000000 0.000000 0.000000
0.025000 0.025000 0.025000 0.025000 0.025000 0.025000 0.050000 0.025000 0.075000 0.125000 0.225000 0.275000 0.075000 0.000000 0.000000 0.000000 0.000000 0.000000 0.000000 0.000000 0.000000
0.021739 0.021739 0.021739 0.021739 0.021739 0.021739 0.021739 0.021739 0.021739 0.043478 0.065217 0.239130 0.347826 0.108696 0.000000 0.000000 0.000000 0.000000 0.000000 0.000000 0.000000
0.032258 0.032258 0.032258 0.032258 0.032258 0.032258 0.032258 0.032258 0.064516 0.032258 0.129032 0.193548 0.193548 0.096774 0.032258 0.000000 0.000000 0.000000 0.000000 0.000000 0.000000
0.027027 0.027027 0.027027 0.027027 0.027027 0.027027 0.027027 0.027027 0.027027 0.027027 0.027027 0.081081 0.108108 0.243243 0.216216 0.054054 0.000000 0.000000 0.000000 0.000000 0.000000
0.026316 0.026316 0.026316 0.026316 0.026316 0.026316 0.026316 0.026316 0.026316 0.026316 0.026316 0.026316 0.131579 0.105263 0.236842 0.184211 0.026316 0.000000 0.000000 0.000000 0.000000
0.047619 0.047619 0.047619 0.047619 0.047619 0.047619 0.047619 0.047619 0.047619 0.047619 0.047619 0.047619 0.095238 0.047619 0.047619 0.095238 0.095238 0.047619 0.000000 0.000000 0.000000
0.037037 0.037037 0.037037 0.037037 0.037037 0.037037 0.037037 0.037037 0.037037 0.037037 0.037037 0.037037 0.037037 0.037037 0.185185 0.111111 0.074074 0.037037 0.074074 0.000000 0.000000
0.037037 0.037037 0.037037 0.037037 0.037037 0.037037 0.037037 0.037037 0.037037 0.037037 0.037037 0.037037 0.037037 0.037037 0.037037 0.074074 0.148148 0.074074 0.074074 0.074074 0.000000
0.028571 0.028571 0.028571 0.028571 0.028571 0.028571 0.028571 0.028571 0.028571 0.028571 0.028571 0.028571 0.028571 0.028571 0.057143 0.028571 0.085714 0.028571 0.085714 0.142857 0.171429
# New slice
0.111111 0.074074 0.148148 0.037037 0.037037 0.037037 0.037037 0.037037 0.037037 0.037037 0.037037 0.037037 0.037037 0.037037 0.037037 0.037037 0.037037 0.037037 0.037037 0.037037 0.037037
0.000000 0.040000 0.080000 0.160000 0.080000 0.040000 0.040000 0.040000 0.040000 0.040000 0.040000 0.040000 0.040000 0.040000 0.040000 0.040000 0.040000 0.040000 0.040000 0.040000 0.040000
0.000000 0.000000 0.066667 0.166667 0.200000 0.066667 0.033333 0.033333 0.033333 0.033333 0.033333 0.033333 0.033333 0.033333 0.033333 0.033333 0.033333 0.033333 0.033333 0.033333 0.033333
0.000000 0.000000 0.000000 0.051282 0.282051 0.205128 0.102564 0.025641 0.025641 0.025641 0.025641 0.025641 0.025641 0.025641 0.025641 0.025641 0.025641 0.025641 0.025641 0.025641 0.025641
0.000000 0.000000 0.000000 0.000000 0.088235 0.264706 0.058824 0.205882 0.029412 0.029412 0.029412 0.029412 0.029412 0.029412 0.029412 0.029412 0.029412 0.029412 0.029412 0.029412 0.029412
0.000000 0.000000 0.000000 0.000000 0.020000 0.180000 0.240000 0.180000 0.120000 0.040000 0.020000 0.020000 0.020000 0.020000 0.020000 0.020000 0.020000 0.020000 0.020000 0.020000 0.020000
0.000000 0.000000 0.000000 0.000000 0.000000 0.000000 0.203704 0.314815 0.166667 0.111111 0.018519 0.018519 0.018519 0.018519 0.018519 0.018519 0.018519 0.018519 0.018519 0.018519 0.018519
0.000000 0.000000 0.000000 0.000000 0.000000 0.000000 0.013514 0.121622 0.337838 0.297297 0.094595 0.013514 0.013514 0.013514 0.013514 0.013514 0.013514 0.013514 0.013514 0.013514 0.013514
0.000000 0.000000 0.000000 0.000000 0.000000 0.000000 0.000000 0.056338 0.253521 0.352113 0.183099 0.014085 0.028169 0.014085 0.014085 0.014085 0.014085 0.014085 0.014085 0.014085 0.014085
0.000000 0.000000 0.000000 0.000000 0.000000 0.000000 0.000000 0.000000 0.067568 0.148649 0.391892 0.202703 0.054054 0.027027 0.027027 0.013514 0.013514 0.013514 0.013514 0.013514 0.013514
0.000000 0.000000 0.000000 0.000000 0.000000 0.000000 0.011364 0.000000 0.000000 0.011364 0.181818 0.420455 0.204545 0.068182 0.034091 0.011364 0.011364 0.011364 0.011364 0.011364 0.011364
0.000000 0.000000 0.000000 0.000000 0.000000 0.000000 0.016129 0.000000 0.000000 0.016129 0.096774 0.145161 0.258065 0.193548 0.161290 0.032258 0.016129 0.016129 0.016129 0.016129 0.016129
0.000000 0.000000 0.000000 0.000000 0.000000 0.000000 0.000000 0.000000 0.000000 0.000000 0.016667 0.083333 0.083333 0.316667 0.283333 0.116667 0.033333 0.016667 0.016667 0.016667 0.016667
0.000000 0.000000 0.000000 0.000000 0.000000 0.000000 0.000000 0.000000 0.000000 0.000000 0.000000 0.022727 0.113636 0.159091 0.363636 0.227273 0.022727 0.022727 0.022727 0.022727 0.022727
0.000000 0.000000 0.000000 0.000000 0.000000 0.000000 0.000000 0.000000 0.000000 0.000000 0.000000 0.000000 0.072727 0.072727 0.145455 0.309091 0.181818 0.109091 0.072727 0.018182 0.018182
0.000000 0.000000 0.000000 0.000000 0.000000 0.000000 0.000000 0.000000 0.000000 0.000000 0.000000 0.000000 0.034483 0.068966 0.068966 0.103448 0.275862 0.275862 0.103448 0.034483 0.034483
0.000000 0.000000 0.000000 0.000000 0.000000 0.000000 0.000000 0.000000 0.000000 0.000000 0.000000 0.000000 0.000000 0.105263 0.000000 0.052632 0.105263 0.210526 0.157895 0.263158 0.105263
0.000000 0.000000 0.000000 0.000000 0.000000 0.000000 0.000000 0.000000 0.000000 0.000000 0.000000 0.000000 0.000000 0.000000 0.000000 0.090909 0.090909 0.227273 0.272727 0.272727 0.045455
0.000000 0.000000 0.000000 0.000000 0.000000 0.000000 0.000000 0.000000 0.000000 0.000000 0.000000 0.000000 0.000000 0.050000 0.000000 0.050000 0.050000 0.100000 0.150000 0.400000 0.200000
0.000000 0.000000 0.000000 0.000000 0.000000 0.000000 0.000000 0.000000 0.000000 0.000000 0.000000 0.000000 0.000000 0.000000 0.000000 0.000000 0.250000 0.000000 0.083333 0.250000 0.416667
0.000000 0.000000 0.000000 0.000000 0.000000 0.000000 0.000000 0.000000 0.000000 0.000000 0.000000 0.052632 0.000000 0.000000 0.000000 0.000000 0.000000 0.052632 0.000000 0.105263 0.789474
# New slice
1.000000 0.000000 0.000000 0.000000 0.000000 0.000000 0.000000 0.000000 0.000000 0.000000 0.000000 0.000000 0.000000 0.000000 0.000000 0.000000 0.000000 0.000000 0.000000 0.000000 0.000000
0.600000 0.400000 0.000000 0.000000 0.000000 0.000000 0.000000 0.000000 0.000000 0.000000 0.000000 0.000000 0.000000 0.000000 0.000000 0.000000 0.000000 0.000000 0.000000 0.000000 0.000000
0.555556 0.222222 0.222222 0.000000 0.000000 0.000000 0.000000 0.000000 0.000000 0.000000 0.000000 0.000000 0.000000 0.000000 0.000000 0.000000 0.000000 0.000000 0.000000 0.000000 0.000000
0.181818 0.272727 0.363636 0.181818 0.000000 0.000000 0.000000 0.000000 0.000000 0.000000 0.000000 0.000000 0.000000 0.000000 0.000000 0.000000 0.000000 0.000000 0.000000 0.000000 0.000000
0.083333 0.083333 0.166667 0.583333 0.083333 0.000000 0.000000 0.000000 0.000000 0.000000 0.000000 0.000000 0.000000 0.000000 0.000000 0.000000 0.000000 0.000000 0.000000 0.000000 0.000000
0.062500 0.250000 0.187500 0.250000 0.125000 0.125000 0.000000 0.000000 0.000000 0.000000 0.000000 0.000000 0.000000 0.000000 0.000000 0.000000 0.000000 0.000000 0.000000 0.000000 0.000000
0.052632 0.052632 0.052632 0.210526 0.263158 0.263158 0.105263 0.000000 0.000000 0.000000 0.000000 0.000000 0.000000 0.000000 0.000000 0.000000 0.000000 0.000000 0.000000 0.000000 0.000000
0.030303 0.030303 0.030303 0.060606 0.212121 0.181818 0.303030 0.151515 0.000000 0.000000 0.000000 0.000000 0.000000 0.000000 0.000000 0.000000 0.000000 0.000000 0.000000 0.000000 0.000000
0.027027 0.027027 0.027027 0.027027 0.027027 0.162162 0.216216 0.405405 0.081081 0.000000 0.000000 0.000000 0.000000 0.000000 0.000000 0.000000 0.000000 0.000000 0.000000 0.000000 0.000000
0.021739 0.021739 0.021739 0.021739 0.021739 0.021739 0.130435 0.304348 0.369565 0.065217 0.000000 0.000000 0.000000 0.000000 0.000000 0.000000 0.000000 0.000000 0.000000 0.000000 0.000000
0.026316 0.026316 0.026316 0.026316 0.026316 0.052632 0.026316 0.131579 0.289474 0.342105 0.026316 0.000000 0.000000 0.000000 0.000000 0.000000 0.000000 0.000000 0.000000 0.000000 0.000000
0.022727 0.022727 0.022727 0.022727 0.022727 0.022727 0.022727 0.045455 0.113636 0.250000 0.340909 0.090909 0.000000 0.000000 0.000000 0.000000 0.000000 0.000000 0.000000 0.000000 0.000000
0.022222 0.022222 0.022222 0.022222 0.022222 0.022222 0.022222 0.022222 0.022222 0.133333 0.311111 0.311111 0.044444 0.000000 0.000000 0.000000 0.000000 0.000000 0.000000 0.000000 0.000000
0.030303 0.030303 0.030303 0.030303 0.030303 0.030303 0.030303 0.030303 0.030303 0.121212 0.242424 0.121212 0.181818 0.060606 0.000000 0.000000 0.000000 0.000000 0.000000 0.000000 0.000000
0.023810 0.023810 0.023810 0.023810 0.023810 0.023810 0.023810 0.047619 0.023810 0.023810 0.047619 0.166667 0.214286 0.238095 0.071429 0.000000 0.000000 0.000000 0.000000 0.000000 0.000000
0.020000 0.020000 0.020000 0.020000 0.020000 0.020000 0.020000 0.020000 0.020000 0.040000 0.120000 0.020000 0.100000 0.140000 0.360000 0.040000 0.000000 0.000000 0.000000 0.000000 0.000000
0.030303 0.030303 0.030303 0.030303 0.030303 0.030303 0.030303 0.030303 0.030303 0.030303 0.030303 0.060606 0.090909 0.060606 0.181818 0.242424 0.030303 0.000000 0.000000 0.000000 0.000000
0.035714 0.035714 0.035714 0.035714 0.035714 0.035714 0.035714 0.035714 0.035714 0.035714 0.035714 0.035714 0.107143 0.142857 0.035714 0.107143 0.142857 0.035714 0.000000 0.000000 0.000000
0.052632 0.052632 0.052632 0.052632 0.052632 0.052632 0.052632 0.052632 0.052632 0.052632 0.052632 0.052632 0.052632 0.052632 0.052632 0.052632 0.052632 0.052632 0.052632 0.000000 0.000000
0.038462 0.038462 0.038462 0.038462 0.038462 0.038462 0.038462 0.038462 0.038462 0.038462 0.038462 0.038462 0.038462 0.038462 0.038462 0.038462 0.115385 0.115385 0.115385 0.038462 0.000000
0.037037 0.037037 0.037037 0.037037 0.037037 0.037037 0.037037 0.037037 0.037037 0.037037 0.037037 0.037037 0.037037 0.037037 0.037037 0.074074 0.037037 0.037037 0.074074 0.111111 0.111111
# New slice
0.125000 0.125000 0.187500 0.031250 0.031250 0.031250 0.031250 0.031250 0.031250 0.031250 0.031250 0.031250 0.031250 0.031250 0.031250 0.031250 0.031250 0.031250 0.031250 0.031250 0.031250
0.000000 0.068966 0.172414 0.103448 0.103448 0.034483 0.034483 0.034483 0.034483 0.034483 0.034483 0.034483 0.034483 0.034483 0.034483 0.034483 0.034483 0.034483 0.034483 0.034483 0.034483
0.000000 0.000000 0.096774 0.290323 0.096774 0.032258 0.032258 0.032258 0.032258 0.032258 0.032258 0.032258 0.032258 0.032258 0.032258 0.032258 0.032258 0.032258 0.032258 0.032258 0.032258
0.000000 0.000000 0.000000 0.038462 0.192308 0.153846 0.076923 0.038462 0.038462 0.038462 0.038462 0.038462 0.038462 0.038462 0.038462 0.038462 0.038462 0.038462 0.038462 0.038462 0.038462
0.000000 0.000000 0.000000 0.000000 0.117647 0.323529 0.117647 0.058824 0.029412 0.029412 0.029412 0.029412 0.029412 0.029412 0.029412 0.029412 0.029412 0.029412 0.029412 0.029412 0.029412
0.000000 0.000000 0.000000 0.000000 0.000000 0.121951 0.268293 0.195122 0.097561 0.048780 0.024390 0.024390 0.024390 0.024390 0.024390 0.024390 0.024390 0.024390 0.024390 0.024390 0.024390
0.000000 0.000000 0.000000 0.000000 0.000000 0.000000 0.047619 0.404762 0.238095 0.047619 0.023810 0.023810 0.023810 0.023810 0.023810 0.023810 0.023810 0.023810 0.023810 0.023810 0.023810
0.000000 0.000000 0.000000 0.000000 0.000000 0.000000 0.032787 0.147541 0.229508 0.262295 0.131148 0.049180 0.016393 0.016393 0.016393 0.016393 0.016393 0.016393 0.016393 0.016393 0.016393
0.000000 0.000000 0.000000 0.000000 0.000000 0.000000 0.000000 0.046154 0.200000 0.292308 0.200000 0.107692 0.030769 0.015385 0.015385 0.015385 0.015385 0.015385 0.015385 0.015385 0.015385
0.000000 0.000000 0.000000 0.000000 0.000000 0.000000 0.000000 0.000000 0.039216 0.117647 0.352941 0.235294 0.078431 0.039216 0.019608 0.019608 0.019608 0.019608 0.019608 0.019608 0.019608
0.000000 0.000000 0.000000 0.000000 0.000000 0.000000 0.030769 0.015385 0.015385 0.046154 0.123077 0.276923 0.246154 0.107692 0.030769 0.030769 0.015385 0.015385 0.015385 0.015385 0.015385
0.000000 0.000000 0.000000 0.000000 0.000000 0.000000 0.000000 0.000000 0.000000 0.000000 0.101695 0.152542 0.322034 0.288136 0.033898 0.016949 0.016949 0.016949 0.016949 0.016949 0.016949
0.000000 0.000000 0.000000 0.000000 0.000000 0.000000 0.000000 0.018182 0.000000 0.000000 0.072727 0.054545 0.109091 0.472727 0.127273 0.054545 0.018182 0.018182 0.018182 0.018182 0.018182
0.000000 0.000000 0.000000 0.000000 0.000000 0.000000 0.000000 0.000000 0.000000 0.000000 0.000000 0.064935 0.025974 0.233766 0.311688 0.220779 0.064935 0.038961 0.012987 0.012987 0.012987
0.000000 0.000000 0.000000 0.000000 0.000000 0.000000 0.000000 0.000000 0.000000 0.000000 0.000000 0.000000 0.137255 0.058824 0.098039 0.313725 0.156863 0.156863 0.039216 0.019608 0.019608
0.000000 0.000000 0.000000 0.000000 0.000000 0.000000 0.000000 0.000000 0.000000 0.000000 0.000000 0.000000 0.062500 0.031250 0.000000 0.218750 0.312500 0.187500 0.125000 0.031250 0.031250
0.000000 0.000000 0.000000 0.000000 0.000000 0.000000 0.000000 0.000000 0.000000 0.000000 0.000000 0.000000 0.071429 0.000000 0.142857 0.142857 0.071429 0.285714 0.142857 0.071429 0.071429
0.000000 0.000000 0.000000 0.000000 0.000000 0.000000 0.000000 0.000000 0.000000 0.000000 0.000000 0.000000 0.000000 0.000000 0.043478 0.086957 0.086957 0.130435 0.434783 0.130435 0.086957
0.000000 0.000000 0.000000 0.000000 0.000000 0.000000 0.000000 0.000000 0.000000 0.000000 0.000000 0.000000 0.000000 0.000000 0.050000 0.000000 0.050000 0.150000 0.200000 0.350000 0.200000
0.000000 0.000000 0.000000 0.000000 0.000000 0.000000 0.000000 0.000000 0.000000 0.000000 0.000000 0.000000 0.000000 0.000000 0.000000 0.000000 0.000000 0.105263 0.052632 0.210526 0.631579
0.000000 0.000000 0.000000 0.000000 0.000000 0.000000 0.000000 0.000000 0.000000 0.000000 0.000000 0.000000 0.000000 0.000000 0.000000 0.000000 0.050000 0.050000 0.100000 0.100000 0.700000
# New slice
