# Array shape: (2, 21, 2)
     0.000  88073.720
     0.000  82454.274
     0.000 141668.240
105278.609 167973.633
145862.375 156797.751
 95585.443 187673.565
158351.737 210278.533
180663.709 207432.068
168042.152 206606.240
195252.945 221328.137
209523.253 168647.525
208751.162 148557.030
184926.775 163957.467
120001.923 215495.849
163030.693      0.000
     0.000 158539.514
     0.000      0.000
     0.000  87056.150
     0.000 137518.476
     0.000      0.000
     0.000      0.000
# New slice
     0.000  41178.570
 35131.185 100045.554
 55885.416 146723.903
 28083.158 171539.157
102058.466 192359.704
140313.970 181941.100
152855.909 204013.601
185186.044 204275.765
159815.130 209326.246
180978.898 173743.374
209114.796 164366.823
153607.380 200945.842
152369.264 215231.267
     0.000 196649.840
159092.871 167017.989
168592.310      0.000
     0.000 105793.955
     0.000      0.000
     0.000      0.000
     0.000      0.000
     0.000      0.000
# New slice
