# Array shape: (2, 21, 2)
 29698.560  16571.688
 24439.758  39278.221
 30291.127  39658.027
 34886.513  44675.607
 36480.651  48328.796
 41763.679  44163.596
 42443.961  52326.367
 42497.246  45782.690
 47661.835  53296.463
 47894.541  59441.552
 51955.645  61505.998
 47162.203  61105.534
 54365.544  64647.202
 57692.561  63299.369
 54382.950  60811.436
 48833.674  62466.153
 54004.483  46422.725
 45993.689  16977.435
     0.000  29815.012
 40936.479      0.000
 47307.135  48183.500
# New slice
 28377.806  35492.482
 28855.504  39836.920
 30174.788  41331.493
 34262.625  41671.325
 37540.835  46872.481
 41869.165  53081.137
 40464.556  54903.885
 48234.063  43278.881
 49272.761  57517.534
 48442.546  60921.292
 56598.018  63823.508
 56952.478  53456.396
 48632.285  66426.310
 56734.047  60969.722
 41738.809  60958.815
 51196.150  75968.774
 55132.861  23150.617
 24599.181  71533.386
     0.000  75115.441
     0.000  49823.679
 43665.929  81583.223
# New slice
