# Array shape: (2, 21, 2)
     0.000  30071.810
     0.000  53239.032
 31290.073  66153.359
 59912.345  69452.354
 53918.991  72189.222
 70662.312  65904.239
 66429.573  78184.073
 73720.925  79567.831
 67076.635  79784.900
 71418.708  78690.809
 81403.464  75646.345
 78393.163  62530.125
 49603.013  77445.207
 76465.600  81780.281
 49587.760  72799.595
 26821.855  77421.752
 66897.641  29610.602
     0.000  55179.961
 32055.744  60549.047
 57766.612      0.000
     0.000  25022.347
# New slice
     0.000  16200.905
     0.000  58742.898
 34846.850  63046.458
 59498.123  69114.552
 61057.136  69138.131
 60155.657  78711.606
 64954.989  72073.904
 73882.025  77768.173
 77608.613  76042.348
 78922.355  71435.242
 75845.823  71757.495
 80432.210  64502.676
 48151.506  81236.945
 60553.965  74526.089
 14518.903  78612.001
 77360.475      0.000
 36124.758  60035.732
     0.000  60930.644
 29774.153      0.000
     0.000  43115.584
     0.000  27055.877
# New slice
