# Array shape: (2, 21, 2)
     0.000      0.000
     0.000      0.000
     0.000      0.000
     0.000      0.000
     0.000      0.000
     0.000      0.000
     0.000      0.000
     0.000      0.000
     0.000      0.000
     0.000      0.000
     0.000      0.000
     0.000      0.000
     0.000      0.000
     0.000      0.000
     0.000  79103.641
     0.000 151072.922
145495.462 151548.774
151706.744 147088.569
149861.268 141696.097
139619.845 136079.127
143574.968 111122.889
# New slice
     0.000      0.000
     0.000      0.000
     0.000      0.000
     0.000      0.000
     0.000      0.000
     0.000      0.000
     0.000      0.000
     0.000      0.000
     0.000      0.000
     0.000      0.000
     0.000      0.000
     0.000      0.000
     0.000      0.000
     0.000      0.000
     0.000  80285.024
111055.727 149095.582
148447.776 150301.742
150825.672 149179.978
150117.564 143919.176
147454.584 137822.508
139197.209 130264.540
# New slice
