# Array shape: (2, 21, 2)
     0.000      0.000
     0.000      0.000
     0.000      0.000
     0.000      0.000
     0.000      0.000
     0.000      0.000
     0.000      0.000
     0.000      0.000
     0.000      0.000
     0.000      0.000
     0.000      0.000
     0.000 573220.793
     0.000 576395.892
534826.945 621051.096
535400.744 641931.952
560910.586 648034.443
526869.162 644793.888
616382.142 567444.797
     0.000 614431.099
     0.000      0.000
     0.000      0.000
# New slice
     0.000      0.000
     0.000      0.000
     0.000      0.000
     0.000      0.000
     0.000      0.000
     0.000      0.000
     0.000      0.000
     0.000      0.000
     0.000      0.000
     0.000      0.000
     0.000 401181.537
257066.782 536211.946
481561.418 590993.244
466049.953 614351.490
575207.240 641442.983
601302.651 659382.930
637602.796 566758.958
480202.535 648541.842
281637.264 573112.053
     0.000      0.000
     0.000      0.000
# New slice
