# Array shape: (2, 21, 2)
     0.000 357801.127
     0.000 365021.044
273286.630 469703.302
368773.331 553603.320
307406.290 570967.781
485128.101 594599.031
482339.658 658678.488
592482.999 640819.184
499425.505 708758.173
640498.939 672864.907
697893.193 527336.492
632667.186 522125.796
     0.000 774106.115
579168.868 711896.689
     0.000 734583.260
     0.000 574070.174
     0.000 540618.250
     0.000 395072.265
     0.000      0.000
     0.000      0.000
     0.000      0.000
# New slice
     0.000 407526.132
236861.124 422252.700
     0.000 479028.115
260750.801 472171.047
430638.413 554831.657
496360.250 681054.733
478782.062 618244.418
536303.571 559045.224
625690.016 691058.421
656061.549 559332.437
579384.357 638207.876
672403.510 539311.476
423301.496 746538.253
735875.089 557993.526
375455.839 722063.144
     0.000 600575.740
     0.000 670498.286
     0.000 500122.229
     0.000 321593.377
     0.000 359317.082
     0.000      0.000
# New slice
