# Array shape: (2, 21, 2)
     0.000      0.000
     0.000      0.000
     0.000      0.000
     0.000      0.000
     0.000      0.000
     0.000      0.000
     0.000      0.000
     0.000      0.000
     0.000      0.000
     0.000      0.000
     0.000      0.000
     0.000      0.000
549938.808 1187154.908
1121775.376 1236207.439
1216693.188 1237929.380
1260216.728 1173330.165
     0.000 1056064.936
     0.000      0.000
     0.000      0.000
     0.000      0.000
     0.000      0.000
# New slice
     0.000      0.000
     0.000      0.000
     0.000      0.000
     0.000      0.000
     0.000      0.000
     0.000      0.000
     0.000      0.000
     0.000      0.000
     0.000      0.000
     0.000      0.000
     0.000      0.000
     0.000      0.000
     0.000 1215385.907
1104388.824 1241841.465
1200314.323 1256302.436
1252149.357 1199337.266
     0.000 1146878.873
     0.000 462837.051
     0.000      0.000
     0.000      0.000
     0.000      0.000
# New slice
