# Array shape: (2, 21, 2)
     0.000      0.000
     0.000      0.000
     0.000      0.000
     0.000      0.000
     0.000      0.000
     0.000      0.000
     0.000      0.000
     0.000 1065858.934
739068.738 1642495.583
1163779.519 1838680.259
1507578.792 1876517.446
1476774.250 1786581.530
1685049.448 1786322.283
1855913.895 1719641.695
852573.456 1694612.608
     0.000      0.000
     0.000      0.000
     0.000      0.000
     0.000      0.000
     0.000      0.000
     0.000      0.000
# New slice
     0.000      0.000
     0.000      0.000
     0.000      0.000
     0.000      0.000
     0.000      0.000
     0.000      0.000
     0.000      0.000
     0.000      0.000
     0.000 1735075.473
     0.000 1854833.985
1532514.537 1860006.985
1595249.206 1848084.768
1802846.678 1745124.154
1838883.239 1788541.782
     0.000      0.000
     0.000      0.000
     0.000      0.000
     0.000      0.000
     0.000      0.000
     0.000      0.000
     0.000      0.000
# New slice
