# Array shape: (2, 2, 21, 21)
1.000000 0.000000 0.000000 0.000000 0.000000 0.000000 0.000000 0.000000 0.000000 0.000000 0.000000 0.000000 0.000000 0.000000 0.000000 0.000000 0.000000 0.000000 0.000000 0.000000 0.000000
0.500000 0.500000 0.000000 0.000000 0.000000 0.000000 0.000000 0.000000 0.000000 0.000000 0.000000 0.000000 0.000000 0.000000 0.000000 0.000000 0.000000 0.000000 0.000000 0.000000 0.000000
0.333333 0.333333 0.333333 0.000000 0.000000 0.000000 0.000000 0.000000 0.000000 0.000000 0.000000 0.000000 0.000000 0.000000 0.000000 0.000000 0.000000 0.000000 0.000000 0.000000 0.000000
0.400000 0.200000 0.200000 0.200000 0.000000 0.000000 0.000000 0.000000 0.000000 0.000000 0.000000 0.000000 0.000000 0.000000 0.000000 0.000000 0.000000 0.000000 0.000000 0.000000 0.000000
0.166667 0.166667 0.333333 0.166667 0.166667 0.000000 0.000000 0.000000 0.000000 0.000000 0.000000 0.000000 0.000000 0.000000 0.000000 0.000000 0.000000 0.000000 0.000000 0.000000 0.000000
0.166667 0.166667 0.166667 0.166667 0.166667 0.166667 0.000000 0.000000 0.000000 0.000000 0.000000 0.000000 0.000000 0.000000 0.000000 0.000000 0.000000 0.000000 0.000000 0.000000 0.000000
0.090909 0.090909 0.090909 0.181818 0.181818 0.272727 0.090909 0.000000 0.000000 0.000000 0.000000 0.000000 0.000000 0.000000 0.000000 0.000000 0.000000 0.000000 0.000000 0.000000 0.000000
0.090909 0.090909 0.090909 0.090909 0.090909 0.272727 0.181818 0.090909 0.000000 0.000000 0.000000 0.000000 0.000000 0.000000 0.000000 0.000000 0.000000 0.000000 0.000000 0.000000 0.000000
0.066667 0.066667 0.066667 0.066667 0.066667 0.133333 0.266667 0.200000 0.066667 0.000000 0.000000 0.000000 0.000000 0.000000 0.000000 0.000000 0.000000 0.000000 0.000000 0.000000 0.000000
0.071429 0.071429 0.071429 0.142857 0.071429 0.071429 0.071429 0.142857 0.214286 0.071429 0.000000 0.000000 0.000000 0.000000 0.000000 0.000000 0.000000 0.000000 0.000000 0.000000 0.000000
0.066667 0.066667 0.066667 0.066667 0.066667 0.066667 0.066667 0.133333 0.200000 0.066667 0.133333 0.000000 0.000000 0.000000 0.000000 0.000000 0.000000 0.000000 0.000000 0.000000 0.000000
0.071429 0.071429 0.071429 0.071429 0.071429 0.071429 0.071429 0.142857 0.071429 0.071429 0.142857 0.071429 0.000000 0.000000 0.000000 0.000000 0.000000 0.000000 0.000000 0.000000 0.000000
0.062500 0.062500 0.062500 0.062500 0.062500 0.125000 0.062500 0.062500 0.062500 0.125000 0.062500 0.062500 0.125000 0.000000 0.000000 0.000000 0.000000 0.000000 0.000000 0.000000 0.000000
0.058824 0.058824 0.058824 0.058824 0.058824 0.058824 0.058824 0.058824 0.058824 0.058824 0.117647 0.117647 0.117647 0.058824 0.000000 0.000000 0.000000 0.000000 0.000000 0.000000 0.000000
0.052632 0.052632 0.052632 0.052632 0.052632 0.052632 0.052632 0.052632 0.052632 0.052632 0.105263 0.157895 0.052632 0.105263 0.052632 0.000000 0.000000 0.000000 0.000000 0.000000 0.000000
0.020833 0.020833 0.020833 0.020833 0.020833 0.020833 0.020833 0.020833 0.020833 0.041667 0.083333 0.083333 0.145833 0.187500 0.229167 0.041667 0.000000 0.000000 0.000000 0.000000 0.000000
0.058824 0.058824 0.058824 0.058824 0.058824 0.058824 0.058824 0.058824 0.058824 0.058824 0.058824 0.058824 0.058824 0.058824 0.058824 0.058824 0.058824 0.000000 0.000000 0.000000 0.000000
0.055556 0.055556 0.055556 0.055556 0.055556 0.055556 0.055556 0.055556 0.055556 0.055556 0.055556 0.055556 0.055556 0.055556 0.055556 0.055556 0.055556 0.055556 0.000000 0.000000 0.000000
0.052632 0.052632 0.052632 0.052632 0.052632 0.052632 0.052632 0.052632 0.052632 0.052632 0.052632 0.052632 0.052632 0.052632 0.052632 0.052632 0.052632 0.052632 0.052632 0.000000 0.000000
0.050000 0.050000 0.050000 0.050000 0.050000 0.050000 0.050000 0.050000 0.050000 0.050000 0.050000 0.050000 0.050000 0.050000 0.050000 0.050000 0.050000 0.050000 0.050000 0.050000 0.000000
0.047619 0.047619 0.047619 0.047619 0.047619 0.047619 0.047619 0.047619 0.047619 0.047619 0.047619 0.047619 0.047619 0.047619 0.047619 0.047619 0.047619 0.047619 0.047619 0.047619 0.047619
# New slice
0.045455 0.090909 0.045455 0.045455 0.045455 0.045455 0.045455 0.045455 0.045455 0.045455 0.045455 0.045455 0.045455 0.045455 0.045455 0.045455 0.045455 0.045455 0.045455 0.045455 0.045455
0.000000 0.050000 0.050000 0.050000 0.050000 0.050000 0.050000 0.050000 0.050000 0.050000 0.050000 0.050000 0.050000 0.050000 0.050000 0.050000 0.050000 0.050000 0.050000 0.050000 0.050000
0.000000 0.000000 0.052632 0.052632 0.052632 0.052632 0.052632 0.052632 0.052632 0.052632 0.052632 0.052632 0.052632 0.052632 0.052632 0.052632 0.052632 0.052632 0.052632 0.052632 0.052632
0.000000 0.000000 0.000000 0.181818 0.045455 0.090909 0.045455 0.045455 0.045455 0.045455 0.045455 0.045455 0.045455 0.045455 0.045455 0.045455 0.045455 0.045455 0.045455 0.045455 0.045455
0.000000 0.000000 0.000000 0.000000 0.043478 0.130435 0.130435 0.086957 0.086957 0.043478 0.043478 0.043478 0.043478 0.043478 0.043478 0.043478 0.043478 0.043478 0.043478 0.043478 0.043478
0.000000 0.000000 0.000000 0.031250 0.000000 0.062500 0.156250 0.250000 0.125000 0.031250 0.031250 0.031250 0.031250 0.031250 0.031250 0.031250 0.031250 0.031250 0.031250 0.031250 0.031250
0.000000 0.000000 0.000000 0.000000 0.020408 0.020408 0.142857 0.244898 0.224490 0.102041 0.040816 0.020408 0.020408 0.020408 0.020408 0.020408 0.020408 0.020408 0.020408 0.020408 0.020408
0.000000 0.000000 0.000000 0.000000 0.000000 0.012048 0.048193 0.156627 0.409639 0.180723 0.072289 0.012048 0.012048 0.012048 0.012048 0.012048 0.012048 0.012048 0.012048 0.012048 0.012048
0.000000 0.000000 0.000000 0.000000 0.000000 0.022989 0.022989 0.022989 0.172414 0.344828 0.229885 0.057471 0.034483 0.011494 0.011494 0.011494 0.011494 0.011494 0.011494 0.011494 0.011494
0.000000 0.000000 0.000000 0.000000 0.011111 0.000000 0.000000 0.000000 0.044444 0.144444 0.322222 0.244444 0.122222 0.022222 0.022222 0.011111 0.011111 0.011111 0.011111 0.011111 0.011111
0.000000 0.000000 0.000000 0.000000 0.000000 0.020202 0.000000 0.020202 0.060606 0.040404 0.141414 0.353535 0.181818 0.111111 0.010101 0.010101 0.010101 0.010101 0.010101 0.010101 0.010101
0.000000 0.000000 0.000000 0.000000 0.000000 0.000000 0.012987 0.000000 0.000000 0.025974 0.064935 0.220779 0.311688 0.207792 0.051948 0.025974 0.025974 0.012987 0.012987 0.012987 0.012987
0.000000 0.000000 0.000000 0.000000 0.000000 0.000000 0.000000 0.000000 0.027397 0.000000 0.068493 0.109589 0.178082 0.246575 0.164384 0.068493 0.068493 0.013699 0.027397 0.013699 0.013699
0.000000 0.000000 0.000000 0.000000 0.000000 0.000000 0.000000 0.000000 0.000000 0.016129 0.032258 0.032258 0.048387 0.193548 0.338710 0.177419 0.080645 0.032258 0.016129 0.016129 0.016129
0.000000 0.000000 0.000000 0.000000 0.000000 0.000000 0.018868 0.000000 0.000000 0.000000 0.000000 0.018868 0.056604 0.207547 0.150943 0.283019 0.113208 0.075472 0.037736 0.018868 0.018868
0.000000 0.000000 0.000000 0.000000 0.000000 0.000000 0.000000 0.000000 0.000000 0.000000 0.000000 0.000000 0.000000 0.000000 0.200000 0.100000 0.200000 0.200000 0.100000 0.100000 0.100000
0.000000 0.000000 0.000000 0.000000 0.000000 0.000000 0.000000 0.000000 0.000000 0.000000 0.000000 0.045455 0.045455 0.090909 0.090909 0.181818 0.136364 0.136364 0.181818 0.045455 0.045455
0.000000 0.000000 0.000000 0.000000 0.000000 0.000000 0.000000 0.000000 0.000000 0.000000 0.000000 0.000000 0.000000 0.000000 0.000000 0.000000 0.166667 0.333333 0.166667 0.166667 0.166667
0.000000 0.000000 0.000000 0.000000 0.000000 0.000000 0.000000 0.000000 0.000000 0.000000 0.000000 0.000000 0.000000 0.000000 0.100000 0.200000 0.000000 0.000000 0.200000 0.100000 0.400000
0.000000 0.000000 0.000000 0.000000 0.000000 0.000000 0.000000 0.000000 0.000000 0.000000 0.000000 0.000000 0.000000 0.000000 0.000000 0.000000 0.000000 0.000000 0.200000 0.200000 0.600000
0.000000 0.000000 0.000000 0.000000 0.000000 0.000000 0.000000 0.000000 0.000000 0.000000 0.000000 0.000000 0.000000 0.000000 0.000000 0.000000 0.000000 0.000000 0.000000 0.000000 1.000000
# New slice
1.000000 0.000000 0.000000 0.000000 0.000000 0.000000 0.000000 0.000000 0.000000 0.000000 0.000000 0.000000 0.000000 0.000000 0.000000 0.000000 0.000000 0.000000 0.000000 0.000000 0.000000
0.500000 0.500000 0.000000 0.000000 0.000000 0.000000 0.000000 0.000000 0.000000 0.000000 0.000000 0.000000 0.000000 0.000000 0.000000 0.000000 0.000000 0.000000 0.000000 0.000000 0.000000
0.333333 0.333333 0.333333 0.000000 0.000000 0.000000 0.000000 0.000000 0.000000 0.000000 0.000000 0.000000 0.000000 0.000000 0.000000 0.000000 0.000000 0.000000 0.000000 0.000000 0.000000
0.250000 0.250000 0.250000 0.250000 0.000000 0.000000 0.000000 0.000000 0.000000 0.000000 0.000000 0.000000 0.000000 0.000000 0.000000 0.000000 0.000000 0.000000 0.000000 0.000000 0.000000
0.142857 0.142857 0.285714 0.285714 0.142857 0.000000 0.000000 0.000000 0.000000 0.000000 0.000000 0.000000 0.000000 0.000000 0.000000 0.000000 0.000000 0.000000 0.000000 0.000000 0.000000
0.166667 0.166667 0.166667 0.166667 0.166667 0.166667 0.000000 0.000000 0.000000 0.000000 0.000000 0.000000 0.000000 0.000000 0.000000 0.000000 0.000000 0.000000 0.000000 0.000000 0.000000
0.125000 0.125000 0.125000 0.250000 0.125000 0.125000 0.125000 0.000000 0.000000 0.000000 0.000000 0.000000 0.000000 0.000000 0.000000 0.000000 0.000000 0.000000 0.000000 0.000000 0.000000
0.066667 0.066667 0.066667 0.133333 0.266667 0.133333 0.200000 0.066667 0.000000 0.000000 0.000000 0.000000 0.000000 0.000000 0.000000 0.000000 0.000000 0.000000 0.000000 0.000000 0.000000
0.055556 0.055556 0.055556 0.055556 0.111111 0.111111 0.277778 0.222222 0.055556 0.000000 0.000000 0.000000 0.000000 0.000000 0.000000 0.000000 0.000000 0.000000 0.000000 0.000000 0.000000
0.018868 0.018868 0.018868 0.018868 0.056604 0.113208 0.113208 0.283019 0.320755 0.037736 0.000000 0.000000 0.000000 0.000000 0.000000 0.000000 0.000000 0.000000 0.000000 0.000000 0.000000
0.007246 0.007246 0.007246 0.007246 0.028986 0.021739 0.108696 0.297101 0.260870 0.231884 0.021739 0.000000 0.000000 0.000000 0.000000 0.000000 0.000000 0.000000 0.000000 0.000000 0.000000
0.050000 0.050000 0.050000 0.050000 0.050000 0.050000 0.050000 0.150000 0.100000 0.200000 0.150000 0.050000 0.000000 0.000000 0.000000 0.000000 0.000000 0.000000 0.000000 0.000000 0.000000
0.034483 0.034483 0.034483 0.034483 0.034483 0.034483 0.034483 0.034483 0.068966 0.137931 0.241379 0.241379 0.034483 0.000000 0.000000 0.000000 0.000000 0.000000 0.000000 0.000000 0.000000
0.019608 0.019608 0.019608 0.019608 0.019608 0.019608 0.019608 0.019608 0.039216 0.156863 0.176471 0.274510 0.156863 0.039216 0.000000 0.000000 0.000000 0.000000 0.000000 0.000000 0.000000
0.052632 0.052632 0.052632 0.052632 0.052632 0.052632 0.052632 0.052632 0.052632 0.052632 0.105263 0.157895 0.052632 0.105263 0.052632 0.000000 0.000000 0.000000 0.000000 0.000000 0.000000
0.012500 0.012500 0.012500 0.012500 0.012500 0.025000 0.012500 0.012500 0.025000 0.037500 0.125000 0.150000 0.237500 0.162500 0.112500 0.037500 0.000000 0.000000 0.000000 0.000000 0.000000
0.047619 0.047619 0.047619 0.047619 0.047619 0.047619 0.047619 0.047619 0.047619 0.047619 0.047619 0.142857 0.047619 0.142857 0.047619 0.047619 0.047619 0.000000 0.000000 0.000000 0.000000
0.055556 0.055556 0.055556 0.055556 0.055556 0.055556 0.055556 0.055556 0.055556 0.055556 0.055556 0.055556 0.055556 0.055556 0.055556 0.055556 0.055556 0.055556 0.000000 0.000000 0.000000
0.052632 0.052632 0.052632 0.052632 0.052632 0.052632 0.052632 0.052632 0.052632 0.052632 0.052632 0.052632 0.052632 0.052632 0.052632 0.052632 0.052632 0.052632 0.052632 0.000000 0.000000
0.050000 0.050000 0.050000 0.050000 0.050000 0.050000 0.050000 0.050000 0.050000 0.050000 0.050000 0.050000 0.050000 0.050000 0.050000 0.050000 0.050000 0.050000 0.050000 0.050000 0.000000
0.027778 0.027778 0.027778 0.027778 0.027778 0.027778 0.027778 0.027778 0.027778 0.027778 0.027778 0.027778 0.027778 0.055556 0.027778 0.055556 0.083333 0.083333 0.111111 0.166667 0.055556
# New slice
0.047619 0.047619 0.047619 0.047619 0.047619 0.047619 0.047619 0.047619 0.047619 0.047619 0.047619 0.047619 0.047619 0.047619 0.047619 0.047619 0.047619 0.047619 0.047619 0.047619 0.047619
0.000000 0.047619 0.095238 0.047619 0.047619 0.047619 0.047619 0.047619 0.047619 0.047619 0.047619 0.047619 0.047619 0.047619 0.047619 0.047619 0.047619 0.047619 0.047619 0.047619 0.047619
0.000000 0.000000 0.086957 0.173913 0.043478 0.043478 0.043478 0.043478 0.043478 0.043478 0.043478 0.043478 0.043478 0.043478 0.043478 0.043478 0.043478 0.043478 0.043478 0.043478 0.043478
0.000000 0.000000 0.000000 0.035714 0.107143 0.214286 0.142857 0.035714 0.035714 0.035714 0.035714 0.035714 0.035714 0.035714 0.035714 0.035714 0.035714 0.035714 0.035714 0.035714 0.035714
0.000000 0.000000 0.000000 0.035714 0.071429 0.107143 0.142857 0.142857 0.071429 0.035714 0.035714 0.035714 0.035714 0.035714 0.035714 0.035714 0.035714 0.035714 0.035714 0.035714 0.035714
0.000000 0.000000 0.000000 0.000000 0.000000 0.046512 0.302326 0.209302 0.093023 0.069767 0.046512 0.023256 0.023256 0.023256 0.023256 0.023256 0.023256 0.023256 0.023256 0.023256 0.023256
0.000000 0.000000 0.000000 0.000000 0.016129 0.048387 0.129032 0.290323 0.193548 0.096774 0.064516 0.016129 0.016129 0.016129 0.016129 0.016129 0.016129 0.016129 0.016129 0.016129 0.016129
0.000000 0.000000 0.000000 0.010638 0.021277 0.010638 0.042553 0.180851 0.287234 0.202128 0.117021 0.031915 0.010638 0.010638 0.010638 0.010638 0.010638 0.010638 0.010638 0.010638 0.010638
0.000000 0.000000 0.000000 0.006944 0.000000 0.000000 0.048611 0.076389 0.243056 0.291667 0.194444 0.048611 0.034722 0.006944 0.006944 0.006944 0.006944 0.006944 0.006944 0.006944 0.006944
0.000000 0.000000 0.000000 0.000000 0.019231 0.009615 0.009615 0.019231 0.067308 0.221154 0.346154 0.163462 0.067308 0.009615 0.009615 0.009615 0.009615 0.009615 0.009615 0.009615 0.009615
0.000000 0.000000 0.000000 0.000000 0.000000 0.066667 0.000000 0.000000 0.066667 0.066667 0.066667 0.066667 0.133333 0.066667 0.066667 0.066667 0.066667 0.066667 0.066667 0.066667 0.066667
0.000000 0.000000 0.000000 0.000000 0.000000 0.014085 0.000000 0.007042 0.014085 0.056338 0.169014 0.183099 0.288732 0.161972 0.056338 0.014085 0.007042 0.007042 0.007042 0.007042 0.007042
0.000000 0.000000 0.000000 0.000000 0.000000 0.006757 0.000000 0.000000 0.000000 0.013514 0.047297 0.108108 0.270270 0.243243 0.189189 0.060811 0.027027 0.006757 0.013514 0.006757 0.006757
0.000000 0.000000 0.000000 0.000000 0.000000 0.000000 0.000000 0.010309 0.010309 0.010309 0.020619 0.072165 0.185567 0.164948 0.247423 0.175258 0.051546 0.010309 0.020619 0.010309 0.010309
0.000000 0.000000 0.000000 0.000000 0.000000 0.000000 0.000000 0.000000 0.009009 0.009009 0.009009 0.072072 0.072072 0.099099 0.261261 0.252252 0.171171 0.009009 0.018018 0.009009 0.009009
0.000000 0.000000 0.000000 0.000000 0.000000 0.000000 0.000000 0.000000 0.000000 0.000000 0.000000 0.000000 0.000000 0.100000 0.000000 0.100000 0.100000 0.200000 0.200000 0.200000 0.100000
0.000000 0.000000 0.000000 0.000000 0.000000 0.000000 0.000000 0.000000 0.000000 0.000000 0.000000 0.022727 0.045455 0.068182 0.159091 0.227273 0.204545 0.113636 0.090909 0.022727 0.045455
0.000000 0.000000 0.000000 0.000000 0.000000 0.000000 0.000000 0.000000 0.000000 0.000000 0.000000 0.000000 0.000000 0.157895 0.052632 0.052632 0.157895 0.105263 0.157895 0.157895 0.157895
0.000000 0.000000 0.000000 0.000000 0.000000 0.000000 0.000000 0.055556 0.055556 0.000000 0.000000 0.000000 0.000000 0.000000 0.000000 0.000000 0.166667 0.055556 0.222222 0.222222 0.222222
0.000000 0.000000 0.000000 0.000000 0.000000 0.000000 0.000000 0.000000 0.000000 0.100000 0.000000 0.000000 0.000000 0.000000 0.100000 0.200000 0.000000 0.000000 0.000000 0.100000 0.500000
0.000000 0.000000 0.000000 0.000000 0.000000 0.000000 0.000000 0.000000 0.000000 0.000000 0.000000 0.000000 0.000000 0.000000 0.000000 0.000000 0.333333 0.000000 0.000000 0.000000 0.666667
# New slice
