# Array shape: (2, 2, 21, 21)
1.000000 0.000000 0.000000 0.000000 0.000000 0.000000 0.000000 0.000000 0.000000 0.000000 0.000000 0.000000 0.000000 0.000000 0.000000 0.000000 0.000000 0.000000 0.000000 0.000000 0.000000
0.500000 0.500000 0.000000 0.000000 0.000000 0.000000 0.000000 0.000000 0.000000 0.000000 0.000000 0.000000 0.000000 0.000000 0.000000 0.000000 0.000000 0.000000 0.000000 0.000000 0.000000
0.033333 0.366667 0.600000 0.000000 0.000000 0.000000 0.000000 0.000000 0.000000 0.000000 0.000000 0.000000 0.000000 0.000000 0.000000 0.000000 0.000000 0.000000 0.000000 0.000000 0.000000
0.005882 0.058824 0.558824 0.376471 0.000000 0.000000 0.000000 0.000000 0.000000 0.000000 0.000000 0.000000 0.000000 0.000000 0.000000 0.000000 0.000000 0.000000 0.000000 0.000000 0.000000
0.007519 0.022556 0.045113 0.639098 0.285714 0.000000 0.000000 0.000000 0.000000 0.000000 0.000000 0.000000 0.000000 0.000000 0.000000 0.000000 0.000000 0.000000 0.000000 0.000000 0.000000
0.041667 0.041667 0.208333 0.083333 0.458333 0.166667 0.000000 0.000000 0.000000 0.000000 0.000000 0.000000 0.000000 0.000000 0.000000 0.000000 0.000000 0.000000 0.000000 0.000000 0.000000
0.142857 0.142857 0.142857 0.142857 0.142857 0.142857 0.142857 0.000000 0.000000 0.000000 0.000000 0.000000 0.000000 0.000000 0.000000 0.000000 0.000000 0.000000 0.000000 0.000000 0.000000
0.125000 0.125000 0.125000 0.125000 0.125000 0.125000 0.125000 0.125000 0.000000 0.000000 0.000000 0.000000 0.000000 0.000000 0.000000 0.000000 0.000000 0.000000 0.000000 0.000000 0.000000
0.111111 0.111111 0.111111 0.111111 0.111111 0.111111 0.111111 0.111111 0.111111 0.000000 0.000000 0.000000 0.000000 0.000000 0.000000 0.000000 0.000000 0.000000 0.000000 0.000000 0.000000
0.090909 0.090909 0.090909 0.090909 0.181818 0.090909 0.090909 0.090909 0.090909 0.090909 0.000000 0.000000 0.000000 0.000000 0.000000 0.000000 0.000000 0.000000 0.000000 0.000000 0.000000
0.090909 0.090909 0.090909 0.090909 0.090909 0.090909 0.090909 0.090909 0.090909 0.090909 0.090909 0.000000 0.000000 0.000000 0.000000 0.000000 0.000000 0.000000 0.000000 0.000000 0.000000
0.083333 0.083333 0.083333 0.083333 0.083333 0.083333 0.083333 0.083333 0.083333 0.083333 0.083333 0.083333 0.000000 0.000000 0.000000 0.000000 0.000000 0.000000 0.000000 0.000000 0.000000
0.076923 0.076923 0.076923 0.076923 0.076923 0.076923 0.076923 0.076923 0.076923 0.076923 0.076923 0.076923 0.076923 0.000000 0.000000 0.000000 0.000000 0.000000 0.000000 0.000000 0.000000
0.071429 0.071429 0.071429 0.071429 0.071429 0.071429 0.071429 0.071429 0.071429 0.071429 0.071429 0.071429 0.071429 0.071429 0.000000 0.000000 0.000000 0.000000 0.000000 0.000000 0.000000
0.066667 0.066667 0.066667 0.066667 0.066667 0.066667 0.066667 0.066667 0.066667 0.066667 0.066667 0.066667 0.066667 0.066667 0.066667 0.000000 0.000000 0.000000 0.000000 0.000000 0.000000
0.062500 0.062500 0.062500 0.062500 0.062500 0.062500 0.062500 0.062500 0.062500 0.062500 0.062500 0.062500 0.062500 0.062500 0.062500 0.062500 0.000000 0.000000 0.000000 0.000000 0.000000
0.058824 0.058824 0.058824 0.058824 0.058824 0.058824 0.058824 0.058824 0.058824 0.058824 0.058824 0.058824 0.058824 0.058824 0.058824 0.058824 0.058824 0.000000 0.000000 0.000000 0.000000
0.055556 0.055556 0.055556 0.055556 0.055556 0.055556 0.055556 0.055556 0.055556 0.055556 0.055556 0.055556 0.055556 0.055556 0.055556 0.055556 0.055556 0.055556 0.000000 0.000000 0.000000
0.052632 0.052632 0.052632 0.052632 0.052632 0.052632 0.052632 0.052632 0.052632 0.052632 0.052632 0.052632 0.052632 0.052632 0.052632 0.052632 0.052632 0.052632 0.052632 0.000000 0.000000
0.050000 0.050000 0.050000 0.050000 0.050000 0.050000 0.050000 0.050000 0.050000 0.050000 0.050000 0.050000 0.050000 0.050000 0.050000 0.050000 0.050000 0.050000 0.050000 0.050000 0.000000
0.047619 0.047619 0.047619 0.047619 0.047619 0.047619 0.047619 0.047619 0.047619 0.047619 0.047619 0.047619 0.047619 0.047619 0.047619 0.047619 0.047619 0.047619 0.047619 0.047619 0.047619
# New slice
0.115385 0.153846 0.038462 0.038462 0.038462 0.038462 0.038462 0.038462 0.038462 0.038462 0.038462 0.038462 0.038462 0.038462 0.038462 0.038462 0.038462 0.038462 0.038462 0.038462 0.038462
0.000000 0.336449 0.476636 0.028037 0.009346 0.009346 0.009346 0.009346 0.009346 0.009346 0.009346 0.009346 0.009346 0.009346 0.009346 0.009346 0.009346 0.009346 0.009346 0.009346 0.009346
0.000000 0.012539 0.432602 0.485893 0.018809 0.003135 0.003135 0.003135 0.003135 0.003135 0.003135 0.003135 0.003135 0.003135 0.003135 0.003135 0.003135 0.003135 0.003135 0.003135 0.003135
0.000000 0.022959 0.030612 0.548469 0.349490 0.010204 0.002551 0.002551 0.002551 0.002551 0.002551 0.002551 0.002551 0.002551 0.002551 0.002551 0.002551 0.002551 0.002551 0.002551 0.002551
0.000000 0.015385 0.061538 0.092308 0.384615 0.215385 0.015385 0.015385 0.015385 0.015385 0.015385 0.015385 0.015385 0.015385 0.015385 0.015385 0.015385 0.015385 0.015385 0.015385 0.015385
0.000000 0.000000 0.000000 0.000000 0.055556 0.111111 0.055556 0.055556 0.055556 0.055556 0.055556 0.055556 0.055556 0.055556 0.055556 0.055556 0.055556 0.055556 0.055556 0.055556 0.055556
0.000000 0.000000 0.000000 0.000000 0.000000 0.000000 0.066667 0.066667 0.066667 0.066667 0.066667 0.066667 0.066667 0.066667 0.066667 0.066667 0.066667 0.066667 0.066667 0.066667 0.066667
0.000000 0.000000 0.000000 0.000000 0.000000 0.000000 0.000000 0.071429 0.071429 0.071429 0.071429 0.071429 0.071429 0.071429 0.071429 0.071429 0.071429 0.071429 0.071429 0.071429 0.071429
0.000000 0.000000 0.000000 0.000000 0.000000 0.000000 0.000000 0.000000 0.076923 0.076923 0.076923 0.076923 0.076923 0.076923 0.076923 0.076923 0.076923 0.076923 0.076923 0.076923 0.076923
0.000000 0.000000 0.000000 0.000000 0.000000 0.000000 0.000000 0.000000 0.000000 0.083333 0.083333 0.083333 0.083333 0.083333 0.083333 0.083333 0.083333 0.083333 0.083333 0.083333 0.083333
0.000000 0.000000 0.000000 0.000000 0.000000 0.000000 0.000000 0.000000 0.000000 0.000000 0.090909 0.090909 0.090909 0.090909 0.090909 0.090909 0.090909 0.090909 0.090909 0.090909 0.090909
0.000000 0.000000 0.000000 0.000000 0.000000 0.000000 0.000000 0.000000 0.000000 0.000000 0.000000 0.100000 0.100000 0.100000 0.100000 0.100000 0.100000 0.100000 0.100000 0.100000 0.100000
0.000000 0.000000 0.000000 0.000000 0.000000 0.000000 0.000000 0.000000 0.000000 0.000000 0.000000 0.000000 0.111111 0.111111 0.111111 0.111111 0.111111 0.111111 0.111111 0.111111 0.111111
0.000000 0.000000 0.000000 0.000000 0.000000 0.000000 0.000000 0.000000 0.000000 0.000000 0.000000 0.000000 0.000000 0.125000 0.125000 0.125000 0.125000 0.125000 0.125000 0.125000 0.125000
0.000000 0.000000 0.000000 0.000000 0.000000 0.000000 0.000000 0.000000 0.000000 0.000000 0.000000 0.000000 0.000000 0.000000 0.142857 0.142857 0.142857 0.142857 0.142857 0.142857 0.142857
0.000000 0.000000 0.000000 0.000000 0.000000 0.000000 0.000000 0.000000 0.000000 0.000000 0.000000 0.000000 0.000000 0.000000 0.000000 0.166667 0.166667 0.166667 0.166667 0.166667 0.166667
0.000000 0.000000 0.000000 0.000000 0.000000 0.000000 0.000000 0.000000 0.000000 0.000000 0.000000 0.000000 0.000000 0.000000 0.000000 0.000000 0.200000 0.200000 0.200000 0.200000 0.200000
0.000000 0.000000 0.000000 0.000000 0.000000 0.000000 0.000000 0.000000 0.000000 0.000000 0.000000 0.000000 0.000000 0.000000 0.000000 0.000000 0.000000 0.250000 0.250000 0.250000 0.250000
0.000000 0.000000 0.000000 0.000000 0.000000 0.000000 0.000000 0.000000 0.000000 0.000000 0.000000 0.000000 0.000000 0.000000 0.000000 0.000000 0.000000 0.000000 0.333333 0.333333 0.333333
0.000000 0.000000 0.000000 0.000000 0.000000 0.000000 0.000000 0.000000 0.000000 0.000000 0.000000 0.000000 0.000000 0.000000 0.000000 0.000000 0.000000 0.000000 0.000000 0.500000 0.500000
0.000000 0.000000 0.000000 0.000000 0.000000 0.000000 0.000000 0.000000 0.000000 0.000000 0.000000 0.000000 0.000000 0.000000 0.000000 0.000000 0.000000 0.000000 0.000000 0.000000 1.000000
# New slice
1.000000 0.000000 0.000000 0.000000 0.000000 0.000000 0.000000 0.000000 0.000000 0.000000 0.000000 0.000000 0.000000 0.000000 0.000000 0.000000 0.000000 0.000000 0.000000 0.000000 0.000000
0.500000 0.500000 0.000000 0.000000 0.000000 0.000000 0.000000 0.000000 0.000000 0.000000 0.000000 0.000000 0.000000 0.000000 0.000000 0.000000 0.000000 0.000000 0.000000 0.000000 0.000000
0.033333 0.566667 0.400000 0.000000 0.000000 0.000000 0.000000 0.000000 0.000000 0.000000 0.000000 0.000000 0.000000 0.000000 0.000000 0.000000 0.000000 0.000000 0.000000 0.000000 0.000000
0.005587 0.044693 0.541899 0.407821 0.000000 0.000000 0.000000 0.000000 0.000000 0.000000 0.000000 0.000000 0.000000 0.000000 0.000000 0.000000 0.000000 0.000000 0.000000 0.000000 0.000000
0.006173 0.024691 0.086420 0.623457 0.259259 0.000000 0.000000 0.000000 0.000000 0.000000 0.000000 0.000000 0.000000 0.000000 0.000000 0.000000 0.000000 0.000000 0.000000 0.000000 0.000000
0.142857 0.142857 0.142857 0.285714 0.142857 0.142857 0.000000 0.000000 0.000000 0.000000 0.000000 0.000000 0.000000 0.000000 0.000000 0.000000 0.000000 0.000000 0.000000 0.000000 0.000000
0.142857 0.142857 0.142857 0.142857 0.142857 0.142857 0.142857 0.000000 0.000000 0.000000 0.000000 0.000000 0.000000 0.000000 0.000000 0.000000 0.000000 0.000000 0.000000 0.000000 0.000000
0.125000 0.125000 0.125000 0.125000 0.125000 0.125000 0.125000 0.125000 0.000000 0.000000 0.000000 0.000000 0.000000 0.000000 0.000000 0.000000 0.000000 0.000000 0.000000 0.000000 0.000000
0.111111 0.111111 0.111111 0.111111 0.111111 0.111111 0.111111 0.111111 0.111111 0.000000 0.000000 0.000000 0.000000 0.000000 0.000000 0.000000 0.000000 0.000000 0.000000 0.000000 0.000000
0.100000 0.100000 0.100000 0.100000 0.100000 0.100000 0.100000 0.100000 0.100000 0.100000 0.000000 0.000000 0.000000 0.000000 0.000000 0.000000 0.000000 0.000000 0.000000 0.000000 0.000000
0.090909 0.090909 0.090909 0.090909 0.090909 0.090909 0.090909 0.090909 0.090909 0.090909 0.090909 0.000000 0.000000 0.000000 0.000000 0.000000 0.000000 0.000000 0.000000 0.000000 0.000000
0.083333 0.083333 0.083333 0.083333 0.083333 0.083333 0.083333 0.083333 0.083333 0.083333 0.083333 0.083333 0.000000 0.000000 0.000000 0.000000 0.000000 0.000000 0.000000 0.000000 0.000000
0.076923 0.076923 0.076923 0.076923 0.076923 0.076923 0.076923 0.076923 0.076923 0.076923 0.076923 0.076923 0.076923 0.000000 0.000000 0.000000 0.000000 0.000000 0.000000 0.000000 0.000000
0.071429 0.071429 0.071429 0.071429 0.071429 0.071429 0.071429 0.071429 0.071429 0.071429 0.071429 0.071429 0.071429 0.071429 0.000000 0.000000 0.000000 0.000000 0.000000 0.000000 0.000000
0.066667 0.066667 0.066667 0.066667 0.066667 0.066667 0.066667 0.066667 0.066667 0.066667 0.066667 0.066667 0.066667 0.066667 0.066667 0.000000 0.000000 0.000000 0.000000 0.000000 0.000000
0.062500 0.062500 0.062500 0.062500 0.062500 0.062500 0.062500 0.062500 0.062500 0.062500 0.062500 0.062500 0.062500 0.062500 0.062500 0.062500 0.000000 0.000000 0.000000 0.000000 0.000000
0.058824 0.058824 0.058824 0.058824 0.058824 0.058824 0.058824 0.058824 0.058824 0.058824 0.058824 0.058824 0.058824 0.058824 0.058824 0.058824 0.058824 0.000000 0.000000 0.000000 0.000000
0.055556 0.055556 0.055556 0.055556 0.055556 0.055556 0.055556 0.055556 0.055556 0.055556 0.055556 0.055556 0.055556 0.055556 0.055556 0.055556 0.055556 0.055556 0.000000 0.000000 0.000000
0.052632 0.052632 0.052632 0.052632 0.052632 0.052632 0.052632 0.052632 0.052632 0.052632 0.052632 0.052632 0.052632 0.052632 0.052632 0.052632 0.052632 0.052632 0.052632 0.000000 0.000000
0.050000 0.050000 0.050000 0.050000 0.050000 0.050000 0.050000 0.050000 0.050000 0.050000 0.050000 0.050000 0.050000 0.050000 0.050000 0.050000 0.050000 0.050000 0.050000 0.050000 0.000000
0.047619 0.047619 0.047619 0.047619 0.047619 0.047619 0.047619 0.047619 0.047619 0.047619 0.047619 0.047619 0.047619 0.047619 0.047619 0.047619 0.047619 0.047619 0.047619 0.047619 0.047619
# New slice
0.043478 0.130435 0.043478 0.043478 0.043478 0.043478 0.043478 0.043478 0.043478 0.043478 0.043478 0.043478 0.043478 0.043478 0.043478 0.043478 0.043478 0.043478 0.043478 0.043478 0.043478
0.000000 0.235294 0.411765 0.019608 0.019608 0.019608 0.019608 0.019608 0.019608 0.019608 0.019608 0.019608 0.019608 0.019608 0.019608 0.019608 0.019608 0.019608 0.019608 0.019608 0.019608
0.000000 0.023256 0.367442 0.525581 0.009302 0.004651 0.004651 0.004651 0.004651 0.004651 0.004651 0.004651 0.004651 0.004651 0.004651 0.004651 0.004651 0.004651 0.004651 0.004651 0.004651
0.000000 0.018100 0.036199 0.475113 0.389140 0.013575 0.004525 0.004525 0.004525 0.004525 0.004525 0.004525 0.004525 0.004525 0.004525 0.004525 0.004525 0.004525 0.004525 0.004525 0.004525
0.000000 0.025000 0.050000 0.075000 0.350000 0.125000 0.025000 0.025000 0.025000 0.025000 0.025000 0.025000 0.025000 0.025000 0.025000 0.025000 0.025000 0.025000 0.025000 0.025000 0.025000
0.000000 0.000000 0.000000 0.064516 0.064516 0.354839 0.064516 0.032258 0.032258 0.032258 0.032258 0.032258 0.032258 0.032258 0.032258 0.032258 0.032258 0.032258 0.032258 0.032258 0.032258
0.000000 0.062500 0.000000 0.000000 0.000000 0.000000 0.062500 0.062500 0.062500 0.062500 0.062500 0.062500 0.062500 0.062500 0.062500 0.062500 0.062500 0.062500 0.062500 0.062500 0.062500
0.000000 0.000000 0.000000 0.000000 0.000000 0.000000 0.000000 0.071429 0.071429 0.071429 0.071429 0.071429 0.071429 0.071429 0.071429 0.071429 0.071429 0.071429 0.071429 0.071429 0.071429
0.000000 0.000000 0.000000 0.000000 0.000000 0.000000 0.000000 0.000000 0.076923 0.076923 0.076923 0.076923 0.076923 0.076923 0.076923 0.076923 0.076923 0.076923 0.076923 0.076923 0.076923
0.000000 0.000000 0.000000 0.000000 0.000000 0.000000 0.000000 0.000000 0.000000 0.083333 0.083333 0.083333 0.083333 0.083333 0.083333 0.083333 0.083333 0.083333 0.083333 0.083333 0.083333
0.000000 0.000000 0.000000 0.000000 0.000000 0.000000 0.000000 0.000000 0.000000 0.000000 0.090909 0.090909 0.090909 0.090909 0.090909 0.090909 0.090909 0.090909 0.090909 0.090909 0.090909
0.000000 0.000000 0.000000 0.000000 0.000000 0.000000 0.000000 0.000000 0.000000 0.000000 0.000000 0.100000 0.100000 0.100000 0.100000 0.100000 0.100000 0.100000 0.100000 0.100000 0.100000
0.000000 0.000000 0.000000 0.000000 0.000000 0.000000 0.000000 0.000000 0.000000 0.000000 0.000000 0.000000 0.111111 0.111111 0.111111 0.111111 0.111111 0.111111 0.111111 0.111111 0.111111
0.000000 0.000000 0.000000 0.000000 0.000000 0.000000 0.000000 0.000000 0.000000 0.000000 0.000000 0.000000 0.000000 0.125000 0.125000 0.125000 0.125000 0.125000 0.125000 0.125000 0.125000
0.000000 0.000000 0.000000 0.000000 0.000000 0.000000 0.000000 0.000000 0.000000 0.000000 0.000000 0.000000 0.000000 0.000000 0.142857 0.142857 0.142857 0.142857 0.142857 0.142857 0.142857
0.000000 0.000000 0.000000 0.000000 0.000000 0.000000 0.000000 0.000000 0.000000 0.000000 0.000000 0.000000 0.000000 0.000000 0.000000 0.166667 0.166667 0.166667 0.166667 0.166667 0.166667
0.000000 0.000000 0.000000 0.000000 0.000000 0.000000 0.000000 0.000000 0.000000 0.000000 0.000000 0.000000 0.000000 0.000000 0.000000 0.000000 0.200000 0.200000 0.200000 0.200000 0.200000
0.000000 0.000000 0.000000 0.000000 0.000000 0.000000 0.000000 0.000000 0.000000 0.000000 0.000000 0.000000 0.000000 0.000000 0.000000 0.000000 0.000000 0.250000 0.250000 0.250000 0.250000
0.000000 0.000000 0.000000 0.000000 0.000000 0.000000 0.000000 0.000000 0.000000 0.000000 0.000000 0.000000 0.000000 0.000000 0.000000 0.000000 0.000000 0.000000 0.333333 0.333333 0.333333
0.000000 0.000000 0.000000 0.000000 0.000000 0.000000 0.000000 0.000000 0.000000 0.000000 0.000000 0.000000 0.000000 0.000000 0.000000 0.000000 0.000000 0.000000 0.000000 0.500000 0.500000
0.000000 0.000000 0.000000 0.000000 0.000000 0.000000 0.000000 0.000000 0.000000 0.000000 0.000000 0.000000 0.000000 0.000000 0.000000 0.000000 0.000000 0.000000 0.000000 0.000000 1.000000
# New slice
