# Array shape: (2, 2, 21, 21)
1.000000 0.000000 0.000000 0.000000 0.000000 0.000000 0.000000 0.000000 0.000000 0.000000 0.000000 0.000000 0.000000 0.000000 0.000000 0.000000 0.000000 0.000000 0.000000 0.000000 0.000000
0.666667 0.333333 0.000000 0.000000 0.000000 0.000000 0.000000 0.000000 0.000000 0.000000 0.000000 0.000000 0.000000 0.000000 0.000000 0.000000 0.000000 0.000000 0.000000 0.000000 0.000000
0.500000 0.250000 0.250000 0.000000 0.000000 0.000000 0.000000 0.000000 0.000000 0.000000 0.000000 0.000000 0.000000 0.000000 0.000000 0.000000 0.000000 0.000000 0.000000 0.000000 0.000000
0.300000 0.400000 0.200000 0.100000 0.000000 0.000000 0.000000 0.000000 0.000000 0.000000 0.000000 0.000000 0.000000 0.000000 0.000000 0.000000 0.000000 0.000000 0.000000 0.000000 0.000000
0.062500 0.187500 0.187500 0.375000 0.187500 0.000000 0.000000 0.000000 0.000000 0.000000 0.000000 0.000000 0.000000 0.000000 0.000000 0.000000 0.000000 0.000000 0.000000 0.000000 0.000000
0.043478 0.086957 0.130435 0.217391 0.434783 0.086957 0.000000 0.000000 0.000000 0.000000 0.000000 0.000000 0.000000 0.000000 0.000000 0.000000 0.000000 0.000000 0.000000 0.000000 0.000000
0.029412 0.058824 0.058824 0.176471 0.294118 0.235294 0.147059 0.000000 0.000000 0.000000 0.000000 0.000000 0.000000 0.000000 0.000000 0.000000 0.000000 0.000000 0.000000 0.000000 0.000000
0.016667 0.016667 0.050000 0.033333 0.150000 0.316667 0.300000 0.116667 0.000000 0.000000 0.000000 0.000000 0.000000 0.000000 0.000000 0.000000 0.000000 0.000000 0.000000 0.000000 0.000000
0.024390 0.024390 0.024390 0.097561 0.121951 0.146341 0.292683 0.195122 0.073171 0.000000 0.000000 0.000000 0.000000 0.000000 0.000000 0.000000 0.000000 0.000000 0.000000 0.000000 0.000000
0.013889 0.013889 0.013889 0.055556 0.013889 0.125000 0.166667 0.263889 0.291667 0.041667 0.000000 0.000000 0.000000 0.000000 0.000000 0.000000 0.000000 0.000000 0.000000 0.000000 0.000000
0.019608 0.019608 0.019608 0.019608 0.039216 0.039216 0.078431 0.274510 0.254902 0.176471 0.058824 0.000000 0.000000 0.000000 0.000000 0.000000 0.000000 0.000000 0.000000 0.000000 0.000000
0.045455 0.045455 0.045455 0.045455 0.045455 0.045455 0.090909 0.090909 0.136364 0.181818 0.181818 0.045455 0.000000 0.000000 0.000000 0.000000 0.000000 0.000000 0.000000 0.000000 0.000000
0.028571 0.028571 0.028571 0.028571 0.028571 0.057143 0.057143 0.142857 0.142857 0.028571 0.114286 0.257143 0.057143 0.000000 0.000000 0.000000 0.000000 0.000000 0.000000 0.000000 0.000000
0.050000 0.050000 0.050000 0.050000 0.050000 0.050000 0.050000 0.050000 0.050000 0.100000 0.100000 0.100000 0.150000 0.100000 0.000000 0.000000 0.000000 0.000000 0.000000 0.000000 0.000000
0.062500 0.062500 0.062500 0.062500 0.062500 0.062500 0.062500 0.062500 0.062500 0.062500 0.062500 0.062500 0.062500 0.125000 0.062500 0.000000 0.000000 0.000000 0.000000 0.000000 0.000000
0.062500 0.062500 0.062500 0.062500 0.062500 0.062500 0.062500 0.062500 0.062500 0.062500 0.062500 0.062500 0.062500 0.062500 0.062500 0.062500 0.000000 0.000000 0.000000 0.000000 0.000000
0.052632 0.052632 0.052632 0.052632 0.052632 0.052632 0.052632 0.052632 0.052632 0.105263 0.052632 0.052632 0.052632 0.105263 0.052632 0.052632 0.052632 0.000000 0.000000 0.000000 0.000000
0.055556 0.055556 0.055556 0.055556 0.055556 0.055556 0.055556 0.055556 0.055556 0.055556 0.055556 0.055556 0.055556 0.055556 0.055556 0.055556 0.055556 0.055556 0.000000 0.000000 0.000000
0.052632 0.052632 0.052632 0.052632 0.052632 0.052632 0.052632 0.052632 0.052632 0.052632 0.052632 0.052632 0.052632 0.052632 0.052632 0.052632 0.052632 0.052632 0.052632 0.000000 0.000000
0.050000 0.050000 0.050000 0.050000 0.050000 0.050000 0.050000 0.050000 0.050000 0.050000 0.050000 0.050000 0.050000 0.050000 0.050000 0.050000 0.050000 0.050000 0.050000 0.050000 0.000000
0.047619 0.047619 0.047619 0.047619 0.047619 0.047619 0.047619 0.047619 0.047619 0.047619 0.047619 0.047619 0.047619 0.047619 0.047619 0.047619 0.047619 0.047619 0.047619 0.047619 0.047619
# New slice
0.066667 0.133333 0.200000 0.033333 0.033333 0.033333 0.033333 0.033333 0.033333 0.033333 0.033333 0.033333 0.033333 0.033333 0.033333 0.033333 0.033333 0.033333 0.033333 0.033333 0.033333
0.000000 0.033333 0.133333 0.266667 0.033333 0.033333 0.033333 0.033333 0.033333 0.033333 0.033333 0.033333 0.033333 0.033333 0.033333 0.033333 0.033333 0.033333 0.033333 0.033333 0.033333
0.000000 0.000000 0.076923 0.205128 0.256410 0.076923 0.025641 0.025641 0.025641 0.025641 0.025641 0.025641 0.025641 0.025641 0.025641 0.025641 0.025641 0.025641 0.025641 0.025641 0.025641
0.000000 0.020000 0.000000 0.100000 0.400000 0.160000 0.040000 0.020000 0.020000 0.020000 0.020000 0.020000 0.020000 0.020000 0.020000 0.020000 0.020000 0.020000 0.020000 0.020000 0.020000
0.000000 0.000000 0.011364 0.022727 0.227273 0.295455 0.227273 0.045455 0.034091 0.011364 0.011364 0.011364 0.011364 0.011364 0.011364 0.011364 0.011364 0.011364 0.011364 0.011364 0.011364
0.000000 0.000000 0.000000 0.008696 0.052174 0.147826 0.408696 0.165217 0.086957 0.026087 0.017391 0.008696 0.008696 0.008696 0.008696 0.008696 0.008696 0.008696 0.008696 0.008696 0.008696
0.000000 0.000000 0.000000 0.000000 0.006803 0.095238 0.197279 0.319728 0.238095 0.054422 0.020408 0.006803 0.006803 0.006803 0.006803 0.006803 0.006803 0.006803 0.006803 0.006803 0.006803
0.000000 0.000000 0.000000 0.000000 0.023622 0.031496 0.125984 0.173228 0.275591 0.220472 0.062992 0.015748 0.007874 0.007874 0.007874 0.007874 0.007874 0.007874 0.007874 0.007874 0.007874
0.000000 0.000000 0.000000 0.000000 0.000000 0.049296 0.077465 0.098592 0.147887 0.323944 0.133803 0.070423 0.042254 0.007042 0.007042 0.007042 0.007042 0.007042 0.007042 0.007042 0.007042
0.000000 0.000000 0.000000 0.000000 0.000000 0.037975 0.037975 0.037975 0.113924 0.215190 0.240506 0.126582 0.075949 0.025316 0.012658 0.012658 0.012658 0.012658 0.012658 0.012658 0.012658
0.000000 0.000000 0.000000 0.000000 0.000000 0.017544 0.052632 0.070175 0.052632 0.087719 0.192982 0.210526 0.157895 0.035088 0.017544 0.017544 0.017544 0.017544 0.017544 0.017544 0.017544
0.000000 0.000000 0.000000 0.000000 0.000000 0.000000 0.035714 0.035714 0.017857 0.107143 0.071429 0.232143 0.160714 0.160714 0.035714 0.053571 0.017857 0.017857 0.017857 0.017857 0.017857
0.000000 0.000000 0.000000 0.000000 0.000000 0.000000 0.000000 0.000000 0.000000 0.058824 0.058824 0.058824 0.117647 0.176471 0.176471 0.058824 0.058824 0.058824 0.058824 0.058824 0.058824
0.000000 0.000000 0.000000 0.000000 0.000000 0.000000 0.000000 0.000000 0.000000 0.047619 0.095238 0.095238 0.047619 0.095238 0.285714 0.095238 0.047619 0.047619 0.047619 0.047619 0.047619
0.000000 0.000000 0.000000 0.000000 0.000000 0.000000 0.000000 0.000000 0.000000 0.000000 0.062500 0.062500 0.062500 0.062500 0.187500 0.187500 0.125000 0.062500 0.062500 0.062500 0.062500
0.000000 0.000000 0.000000 0.000000 0.000000 0.000000 0.000000 0.000000 0.000000 0.000000 0.000000 0.083333 0.083333 0.083333 0.000000 0.250000 0.166667 0.083333 0.083333 0.083333 0.083333
0.000000 0.000000 0.000000 0.000000 0.000000 0.000000 0.000000 0.000000 0.000000 0.000000 0.000000 0.000000 0.000000 0.000000 0.000000 0.000000 0.200000 0.200000 0.200000 0.200000 0.200000
0.000000 0.000000 0.000000 0.000000 0.000000 0.000000 0.000000 0.000000 0.000000 0.000000 0.000000 0.000000 0.000000 0.000000 0.000000 0.200000 0.000000 0.200000 0.200000 0.200000 0.200000
0.000000 0.000000 0.000000 0.000000 0.000000 0.000000 0.000000 0.000000 0.000000 0.000000 0.000000 0.000000 0.000000 0.000000 0.000000 0.000000 0.000000 0.000000 0.333333 0.333333 0.333333
0.000000 0.000000 0.000000 0.000000 0.000000 0.000000 0.000000 0.000000 0.000000 0.000000 0.000000 0.000000 0.000000 0.000000 0.000000 0.000000 0.000000 0.000000 0.000000 0.500000 0.500000
0.000000 0.000000 0.000000 0.000000 0.000000 0.000000 0.000000 0.000000 0.000000 0.000000 0.000000 0.000000 0.000000 0.000000 0.000000 0.000000 0.000000 0.000000 0.000000 0.000000 1.000000
# New slice
1.000000 0.000000 0.000000 0.000000 0.000000 0.000000 0.000000 0.000000 0.000000 0.000000 0.000000 0.000000 0.000000 0.000000 0.000000 0.000000 0.000000 0.000000 0.000000 0.000000 0.000000
0.500000 0.500000 0.000000 0.000000 0.000000 0.000000 0.000000 0.000000 0.000000 0.000000 0.000000 0.000000 0.000000 0.000000 0.000000 0.000000 0.000000 0.000000 0.000000 0.000000 0.000000
0.545455 0.363636 0.090909 0.000000 0.000000 0.000000 0.000000 0.000000 0.000000 0.000000 0.000000 0.000000 0.000000 0.000000 0.000000 0.000000 0.000000 0.000000 0.000000 0.000000 0.000000
0.100000 0.500000 0.300000 0.100000 0.000000 0.000000 0.000000 0.000000 0.000000 0.000000 0.000000 0.000000 0.000000 0.000000 0.000000 0.000000 0.000000 0.000000 0.000000 0.000000 0.000000
0.066667 0.066667 0.466667 0.266667 0.133333 0.000000 0.000000 0.000000 0.000000 0.000000 0.000000 0.000000 0.000000 0.000000 0.000000 0.000000 0.000000 0.000000 0.000000 0.000000 0.000000
0.045455 0.090909 0.181818 0.363636 0.227273 0.090909 0.000000 0.000000 0.000000 0.000000 0.000000 0.000000 0.000000 0.000000 0.000000 0.000000 0.000000 0.000000 0.000000 0.000000 0.000000
0.022727 0.022727 0.045455 0.204545 0.250000 0.340909 0.113636 0.000000 0.000000 0.000000 0.000000 0.000000 0.000000 0.000000 0.000000 0.000000 0.000000 0.000000 0.000000 0.000000 0.000000
0.031250 0.031250 0.031250 0.156250 0.218750 0.281250 0.125000 0.125000 0.000000 0.000000 0.000000 0.000000 0.000000 0.000000 0.000000 0.000000 0.000000 0.000000 0.000000 0.000000 0.000000
0.029412 0.029412 0.029412 0.088235 0.088235 0.088235 0.176471 0.352941 0.117647 0.000000 0.000000 0.000000 0.000000 0.000000 0.000000 0.000000 0.000000 0.000000 0.000000 0.000000 0.000000
0.027027 0.027027 0.027027 0.027027 0.054054 0.108108 0.054054 0.297297 0.243243 0.135135 0.000000 0.000000 0.000000 0.000000 0.000000 0.000000 0.000000 0.000000 0.000000 0.000000 0.000000
0.029412 0.029412 0.029412 0.029412 0.029412 0.088235 0.058824 0.235294 0.205882 0.235294 0.029412 0.000000 0.000000 0.000000 0.000000 0.000000 0.000000 0.000000 0.000000 0.000000 0.000000
0.022727 0.022727 0.022727 0.022727 0.022727 0.045455 0.090909 0.090909 0.090909 0.250000 0.272727 0.045455 0.000000 0.000000 0.000000 0.000000 0.000000 0.000000 0.000000 0.000000 0.000000
0.030303 0.030303 0.030303 0.030303 0.030303 0.030303 0.030303 0.090909 0.060606 0.090909 0.181818 0.333333 0.030303 0.000000 0.000000 0.000000 0.000000 0.000000 0.000000 0.000000 0.000000
0.058824 0.058824 0.058824 0.058824 0.058824 0.058824 0.058824 0.058824 0.058824 0.058824 0.117647 0.117647 0.117647 0.058824 0.000000 0.000000 0.000000 0.000000 0.000000 0.000000 0.000000
0.066667 0.066667 0.066667 0.066667 0.066667 0.066667 0.066667 0.066667 0.066667 0.066667 0.066667 0.066667 0.066667 0.066667 0.066667 0.000000 0.000000 0.000000 0.000000 0.000000 0.000000
0.050000 0.050000 0.050000 0.050000 0.050000 0.050000 0.050000 0.050000 0.050000 0.050000 0.050000 0.100000 0.100000 0.100000 0.100000 0.050000 0.000000 0.000000 0.000000 0.000000 0.000000
0.058824 0.058824 0.058824 0.058824 0.058824 0.058824 0.058824 0.058824 0.058824 0.058824 0.058824 0.058824 0.058824 0.058824 0.058824 0.058824 0.058824 0.000000 0.000000 0.000000 0.000000
0.055556 0.055556 0.055556 0.055556 0.055556 0.055556 0.055556 0.055556 0.055556 0.055556 0.055556 0.055556 0.055556 0.055556 0.055556 0.055556 0.055556 0.055556 0.000000 0.000000 0.000000
0.052632 0.052632 0.052632 0.052632 0.052632 0.052632 0.052632 0.052632 0.052632 0.052632 0.052632 0.052632 0.052632 0.052632 0.052632 0.052632 0.052632 0.052632 0.052632 0.000000 0.000000
0.050000 0.050000 0.050000 0.050000 0.050000 0.050000 0.050000 0.050000 0.050000 0.050000 0.050000 0.050000 0.050000 0.050000 0.050000 0.050000 0.050000 0.050000 0.050000 0.050000 0.000000
0.047619 0.047619 0.047619 0.047619 0.047619 0.047619 0.047619 0.047619 0.047619 0.047619 0.047619 0.047619 0.047619 0.047619 0.047619 0.047619 0.047619 0.047619 0.047619 0.047619 0.047619
# New slice
0.086957 0.086957 0.043478 0.043478 0.043478 0.043478 0.043478 0.043478 0.043478 0.043478 0.043478 0.043478 0.043478 0.043478 0.043478 0.043478 0.043478 0.043478 0.043478 0.043478 0.043478
0.000000 0.066667 0.200000 0.133333 0.066667 0.033333 0.033333 0.033333 0.033333 0.033333 0.033333 0.033333 0.033333 0.033333 0.033333 0.033333 0.033333 0.033333 0.033333 0.033333 0.033333
0.000000 0.000000 0.200000 0.085714 0.228571 0.057143 0.028571 0.028571 0.028571 0.028571 0.028571 0.028571 0.028571 0.028571 0.028571 0.028571 0.028571 0.028571 0.028571 0.028571 0.028571
0.000000 0.000000 0.033898 0.135593 0.271186 0.203390 0.101695 0.033898 0.016949 0.016949 0.016949 0.016949 0.016949 0.016949 0.016949 0.016949 0.016949 0.016949 0.016949 0.016949 0.016949
0.000000 0.000000 0.011905 0.047619 0.154762 0.380952 0.166667 0.071429 0.011905 0.023810 0.011905 0.011905 0.011905 0.011905 0.011905 0.011905 0.011905 0.011905 0.011905 0.011905 0.011905
0.000000 0.000000 0.000000 0.009259 0.046296 0.175926 0.435185 0.157407 0.046296 0.027778 0.009259 0.009259 0.009259 0.009259 0.009259 0.009259 0.009259 0.009259 0.009259 0.009259 0.009259
0.000000 0.000000 0.000000 0.016529 0.016529 0.057851 0.223140 0.305785 0.239669 0.049587 0.008264 0.008264 0.008264 0.008264 0.008264 0.008264 0.008264 0.008264 0.008264 0.008264 0.008264
0.000000 0.000000 0.000000 0.000000 0.024590 0.016393 0.040984 0.221311 0.319672 0.172131 0.098361 0.032787 0.008197 0.008197 0.008197 0.008197 0.008197 0.008197 0.008197 0.008197 0.008197
0.000000 0.000000 0.000000 0.000000 0.000000 0.030928 0.082474 0.113402 0.164948 0.257732 0.185567 0.030928 0.051546 0.010309 0.010309 0.010309 0.010309 0.010309 0.010309 0.010309 0.010309
0.000000 0.000000 0.000000 0.000000 0.000000 0.000000 0.049383 0.049383 0.123457 0.185185 0.246914 0.172840 0.049383 0.037037 0.012346 0.012346 0.012346 0.012346 0.012346 0.012346 0.012346
0.000000 0.000000 0.000000 0.000000 0.000000 0.000000 0.022222 0.022222 0.022222 0.133333 0.133333 0.288889 0.088889 0.111111 0.044444 0.022222 0.022222 0.022222 0.022222 0.022222 0.022222
0.000000 0.000000 0.000000 0.000000 0.000000 0.000000 0.000000 0.040000 0.000000 0.120000 0.080000 0.200000 0.200000 0.080000 0.040000 0.040000 0.040000 0.040000 0.040000 0.040000 0.040000
0.000000 0.000000 0.000000 0.000000 0.000000 0.000000 0.000000 0.000000 0.090909 0.090909 0.000000 0.000000 0.090909 0.090909 0.090909 0.090909 0.090909 0.090909 0.090909 0.090909 0.090909
0.000000 0.000000 0.000000 0.000000 0.000000 0.000000 0.000000 0.000000 0.000000 0.000000 0.000000 0.000000 0.125000 0.250000 0.187500 0.062500 0.125000 0.062500 0.062500 0.062500 0.062500
0.000000 0.000000 0.000000 0.000000 0.000000 0.000000 0.000000 0.000000 0.000000 0.000000 0.000000 0.000000 0.083333 0.083333 0.166667 0.166667 0.083333 0.166667 0.083333 0.083333 0.083333
0.000000 0.000000 0.000000 0.000000 0.000000 0.000000 0.000000 0.000000 0.000000 0.000000 0.000000 0.000000 0.000000 0.000000 0.000000 0.166667 0.166667 0.166667 0.166667 0.166667 0.166667
0.000000 0.000000 0.000000 0.000000 0.000000 0.000000 0.000000 0.000000 0.000000 0.000000 0.000000 0.000000 0.000000 0.000000 0.000000 0.000000 0.166667 0.333333 0.166667 0.166667 0.166667
0.000000 0.000000 0.000000 0.000000 0.000000 0.000000 0.000000 0.000000 0.000000 0.000000 0.000000 0.000000 0.000000 0.000000 0.000000 0.166667 0.000000 0.333333 0.166667 0.166667 0.166667
0.000000 0.000000 0.000000 0.000000 0.000000 0.000000 0.000000 0.000000 0.000000 0.000000 0.000000 0.000000 0.000000 0.000000 0.000000 0.000000 0.000000 0.000000 0.333333 0.333333 0.333333
0.000000 0.000000 0.000000 0.000000 0.000000 0.000000 0.000000 0.000000 0.000000 0.000000 0.000000 0.000000 0.000000 0.000000 0.000000 0.000000 0.000000 0.000000 0.000000 0.500000 0.500000
0.000000 0.000000 0.000000 0.000000 0.000000 0.000000 0.000000 0.000000 0.000000 0.000000 0.000000 0.000000 0.000000 0.000000 0.000000 0.000000 0.000000 0.000000 0.000000 0.000000 1.000000
# New slice
