# Array shape: (2, 21, 2)
     0.000      0.000
     0.000      0.000
     0.000      0.000
     0.000      0.000
     0.000      0.000
     0.000      0.000
     0.000      0.000
     0.000  34307.741
     0.000  79469.263
 65272.610  94831.130
 35957.083  96275.468
     0.000 105799.520
110849.613  60042.844
107653.962  73117.398
 95567.218 121478.508
 96230.471 122355.617
 95306.065 119919.862
115323.851  90412.523
 89917.951 128840.619
111081.125 117519.265
108318.916 128191.024
# New slice
     0.000      0.000
     0.000      0.000
     0.000      0.000
     0.000      0.000
     0.000  22360.072
     0.000  24035.401
     0.000  25789.804
     0.000  76146.385
 28789.925 110168.180
 79014.174 108203.190
     0.000 113637.295
 55980.061 114504.973
 19898.476 118307.644
 85211.568 118430.735
 83544.621 116526.372
102023.611 118007.580
103550.986 118674.742
 90279.930 122815.102
 98620.467 120563.088
120657.285 103591.752
 98670.617 106006.654
# New slice
