# Array shape: (2, 21, 2)
     0.000      0.000
     0.000      0.000
     0.000   2698.897
  1221.780   2916.319
  2553.719   2890.016
  2538.981   3180.175
  3095.848   3703.131
  3390.498   3960.994
  2882.164   4119.748
  3420.923   3348.323
  3656.443   4756.568
  4359.937   3115.192
  4389.291   5079.938
  4290.043   3650.622
  4924.773   3155.588
  3839.519   4760.010
  2877.717   5307.272
  5229.607   1911.477
     0.000   4758.136
     0.000   2956.328
  1799.885   5697.021
# New slice
     0.000   2211.606
     0.000   1959.620
  1067.601   2372.583
  1913.933   2970.325
  1679.890   2919.760
  2741.536   3702.787
  2722.323   3832.605
  3311.422   3903.375
  3105.989   3363.593
  3739.090   4033.499
  4151.159   2838.980
  2995.879   4437.635
  3375.216   4561.903
  2199.547   4936.622
  3715.770   4278.208
  2987.383   4892.805
  5205.520      0.000
  2246.845   4799.034
  2883.871   4448.661
     0.000   3448.053
     0.000   6084.246
# New slice
