# Array shape: (2, 21, 2)
     0.000      0.000
     0.000  44358.736
 21256.694  56198.328
 44176.540  58143.902
 50832.689  61046.383
 58075.996  60894.141
 54653.854  71893.970
 52962.861  74041.058
 74894.638  80739.029
 59665.543  81141.081
 64557.616  94222.101
 80929.338  97514.866
 88121.023  81776.396
 96342.954  75906.123
 85314.529  79412.043
 69158.563  81132.375
 37217.781 116178.045
 92583.834      0.000
     0.000  66115.838
     0.000 102523.948
 35363.044 114419.481
# New slice
     0.000  24937.613
     0.000  41400.450
     0.000  55068.905
 47760.713  57297.799
 46555.829  63894.231
 49045.168  75939.914
 60388.818  72068.436
 51696.900  79521.787
 58139.365  79848.830
 72596.464  88122.550
 78600.914  87611.017
 79172.253  76253.939
 78049.115  62356.269
 91159.594  83304.901
 89929.163 108347.730
 42314.600  75844.118
     0.000  83276.933
     0.000  80615.686
     0.000 104221.039
     0.000  60731.515
 81001.049  72868.221
# New slice
