# Array shape: (2, 21, 2)
 10805.148   9233.544
     0.000  15896.239
  4534.221  18020.442
 13619.404  19598.373
 14655.242  20251.455
 16035.109  17776.731
 18891.679  22841.922
 16142.707  21137.264
 17099.062  24944.047
 20263.579  22340.270
 24245.822  20295.438
 20818.205  21472.614
 11193.300  22048.677
 24035.692  23428.129
 25986.279   6954.279
  9649.562  26490.657
     0.000  23250.671
     0.000  23181.054
 16757.110  17972.446
     0.000      0.000
     0.000  15379.281
# New slice
     0.000   5866.775
     0.000  10387.028
     0.000  16365.896
 12981.248  18690.700
 15137.934  15445.508
 15329.881  21737.731
 15496.144  17782.054
 20111.279  20942.247
 21309.064  24457.826
 22840.926  25611.230
 20910.630  25808.357
 19326.580  26097.136
 25094.139  17816.661
 18554.410  21460.956
     0.000  19916.063
 17287.356  27627.193
     0.000  23587.816
     0.000  11729.428
     0.000  16621.860
     0.000      0.000
     0.000      0.000
# New slice
