# Array shape: (2, 21, 2)
     0.000 207385.237
     0.000 197259.826
162378.182 264438.375
216401.864 286422.547
225312.873 306173.228
276261.293 316879.299
273997.323 379957.921
320577.393 302917.056
305993.797 300858.500
336607.474 263921.500
268025.748 284331.922
360511.579 347130.957
348455.364 152730.127
     0.000 290906.866
     0.000 262705.947
     0.000 151591.988
     0.000      0.000
     0.000      0.000
     0.000      0.000
     0.000      0.000
     0.000      0.000
# New slice
 97237.451 165868.898
 93441.058 220152.430
120942.263 258103.216
230157.566 278545.320
187225.755 346118.402
252915.268 291962.555
297927.425 360795.220
329852.843 295823.912
331328.436 324497.061
306440.892 306650.483
359275.083 243074.868
339175.420      0.000
     0.000 320329.141
     0.000 351096.252
     0.000      0.000
     0.000      0.000
     0.000      0.000
     0.000      0.000
     0.000      0.000
     0.000      0.000
     0.000      0.000
# New slice
