# Array shape: (2, 21, 2)
506389.895 544530.118
418457.471 871642.037
514053.919 739677.541
576879.027 918056.267
833146.291 1079281.270
946196.487 1100755.097
1080774.086 1246561.524
1142236.517 1197778.872
1181289.471 1206024.851
1246346.102 1192388.154
1121465.634 1180326.329
1176607.294 1040192.860
     0.000 409180.895
     0.000      0.000
     0.000      0.000
     0.000      0.000
     0.000      0.000
     0.000      0.000
     0.000      0.000
     0.000      0.000
     0.000      0.000
# New slice
324828.221 648093.168
     0.000 752382.580
476906.631 900908.429
593770.783 1046095.556
589428.076 1160681.863
944845.986 1204010.218
1043956.434 1242267.610
1131209.590 1243422.338
1169071.312 1225276.519
1119357.490 1255029.527
1227704.094 1191696.947
1204031.763 238885.545
     0.000 908866.535
     0.000      0.000
     0.000      0.000
     0.000      0.000
     0.000      0.000
     0.000      0.000
     0.000      0.000
     0.000      0.000
     0.000      0.000
# New slice
