# Array shape: (2, 21, 2)
  3172.917   7147.351
  5936.097      0.000
     0.000  10062.701
  6013.406   9290.318
  6698.957  10399.069
  7663.357  10672.373
  8852.581  11163.480
  9060.441  10504.839
  8507.594  11983.931
 10934.402  11177.851
 10660.074  14662.780
 13040.136  10102.137
 14099.687  10656.207
  6404.712  12821.753
 11919.961  16493.721
  5331.167  18676.080
 11567.452  18554.445
 17654.111  10504.900
     0.000  15538.168
     0.000   7385.040
 12087.237  16554.399
# New slice
     0.000   8411.592
  3282.066   7495.955
  6486.878   4126.663
  7420.844   9180.067
  6569.862  10322.447
  9168.101   9385.313
  8843.127  10872.170
  8757.485  11544.031
 11308.743   9749.082
 11018.814  10127.742
 12249.191  13471.209
 10430.846  13685.303
  9045.341  13535.812
 13863.587  13025.761
  4466.459  10592.415
     0.000  18494.951
     0.000  18722.913
  4019.113  18857.369
  8572.440  14952.025
     0.000  18093.851
     0.000  19938.168
# New slice
