# Array shape: (2, 21, 2)
     0.000      0.000
     0.000      0.000
     0.000      0.000
     0.000      0.000
     0.000 137370.193
 76270.443 141043.372
127675.147 148452.084
108996.117 148089.707
112882.523 147997.748
144053.083 150045.060
145740.356 155966.644
152987.529 144119.309
146586.709 156049.550
150655.639  78994.294
111792.723 164226.731
     0.000 145506.161
 18709.085 172331.250
169416.593  31516.637
 30642.846 156706.443
147276.748  58582.355
122374.406 224119.769
# New slice
     0.000      0.000
     0.000      0.000
     0.000  92226.145
     0.000 137496.552
 59594.260 141141.846
     0.000 144853.201
122520.686 144789.555
142464.556 145198.628
138123.245 150339.310
124213.470 145813.143
147879.619 151546.660
126791.756 159136.193
150974.913 145281.525
146878.333 164690.178
130644.553 170079.631
161603.983 152252.920
 96942.475 159853.439
 73029.681 154773.656
122927.922 155402.911
150152.523 161368.878
149829.975 164959.725
# New slice
