# Array shape: (2, 21, 2)
 13792.688  17645.215
 13322.605  22250.924
 15604.067  20820.269
 21476.322  26937.362
 21578.697  25051.017
 23239.533  31178.617
 24435.058  32103.053
 26647.078  33313.134
 29907.709  35997.241
 25865.321  31995.390
 37819.833  36180.931
 38712.958  27596.261
 44240.916  47226.621
 42826.133  38356.833
 49969.532  38437.065
 31329.401  46163.649
 32498.207  44100.551
 43731.502      0.000
     0.000      0.000
     0.000      0.000
     0.000  44279.061
# New slice
 12719.097  19751.527
 14051.406  21410.054
 16813.014  22231.194
 17273.559  25980.356
 20439.737  26953.755
 22244.032  29853.029
 24224.393  30567.181
 24137.010  33405.101
 29069.180  39939.324
 30483.531  33314.817
 28076.672  40070.324
 27722.357  37781.315
 40567.392  36512.243
 34899.801  50643.362
 44715.224  53904.045
     0.000  48565.377
     0.000  39593.677
 22540.471  44468.805
     0.000  63097.456
     0.000  38247.339
 38407.823      0.000
# New slice
