# Array shape: (2, 21, 2)
     0.000 249336.965
152795.815 319910.641
202180.038 388542.645
285430.906 361225.981
340017.476 364785.698
327836.289 439385.724
315029.791 457615.965
362067.025 450388.413
393174.721 344344.865
434680.400 536565.150
393549.539 480684.878
499208.152 545763.910
326675.855 488101.808
507156.089 562973.013
380209.839 555232.346
     0.000 586549.078
     0.000 406544.986
246121.161 476206.637
     0.000      0.000
     0.000      0.000
     0.000      0.000
# New slice
183325.393 224287.796
     0.000 335491.713
217649.532 307051.522
295679.109 371567.548
317870.573 449787.006
330004.306 402264.031
340556.516 438895.409
359882.819 489586.887
358852.376 521248.410
399886.171 404746.408
482441.500 545473.412
482970.010 548740.109
416078.266 570475.384
469255.959 384080.319
437972.147 537732.543
     0.000 420714.304
405061.491 526005.168
     0.000 457486.278
     0.000 454156.005
     0.000 296329.893
     0.000      0.000
# New slice
