# Array shape: (2, 21, 2)
     0.000      0.000
     0.000      0.000
     0.000 774847.128
     0.000 1022672.435
     0.000 1082270.213
925233.680 1151871.956
     0.000 1142965.558
1052954.957 1168439.555
1012550.600 1137578.985
1165059.565 894403.913
1102729.472 1303832.327
1214652.996 1329888.809
1245180.135 1313038.449
1328787.988 1263546.019
1343523.139 987372.433
1291545.381 754838.614
1062452.108 1284760.749
869057.173 939022.562
691587.447 549545.423
688322.439 598236.105
     0.000 573744.157
# New slice
     0.000      0.000
     0.000 576205.623
     0.000 657238.711
568325.956 972345.925
     0.000 1067002.747
854906.311 1206882.281
1033900.247 1106984.811
1087527.668 1097807.997
1109957.142 1188166.504
1062440.227 1189806.009
1168271.365 1130511.093
1264910.850 1126388.695
1163840.459 1333742.119
1098861.575 1301623.935
979664.612 1226015.876
     0.000 1268888.103
936948.715 1258044.877
     0.000 1083645.548
1310771.315 443210.466
     0.000 902160.836
573760.096 836284.470
# New slice
