# Array shape: (2, 21, 2)
 52528.517 141784.839
     0.000 163826.838
 37996.163 165553.196
 61748.882 195944.077
161930.337 214568.283
176023.091 166482.759
155937.305 208703.009
211572.361 232277.136
207005.387 247131.771
219352.547 183895.130
205147.903 233724.757
203325.055 217737.249
181104.944 214609.894
219204.331 246727.643
206423.078 284300.736
     0.000 265910.784
     0.000 252164.616
     0.000 244658.117
     0.000 207360.278
     0.000 153660.330
128342.423      0.000
# New slice
 52470.816  46876.784
     0.000 145278.432
     0.000 166443.638
144290.814 182840.322
169326.587 166353.745
157786.818 223775.385
179058.329 231193.836
189295.728 242057.557
183884.660 252288.238
207299.966 264222.095
232411.720 118278.844
193754.551 263995.609
152246.050 245545.620
226092.058 171416.295
     0.000 245379.474
     0.000 232729.201
     0.000 234996.779
     0.000 233527.567
     0.000 179599.511
     0.000 121208.188
     0.000 132076.206
# New slice
