# Array shape: (2, 21, 2)
     0.000      0.000
     0.000      0.000
     0.000      0.000
     0.000      0.000
 14742.585  25363.656
 20549.938  25858.105
 25826.799  26869.936
 22745.567  25620.400
 25723.297  18594.275
 28824.262  18866.605
 17472.186  11861.739
     0.000  18046.354
     0.000      0.000
     0.000      0.000
     0.000      0.000
     0.000      0.000
     0.000      0.000
     0.000      0.000
     0.000      0.000
     0.000      0.000
     0.000      0.000
# New slice
     0.000      0.000
     0.000      0.000
     0.000      0.000
     0.000      0.000
     0.000  19443.598
 18562.692  25585.226
 20240.209  26449.263
 26237.027  27287.093
 26507.485  26607.129
 25607.941  25548.682
     0.000      0.000
     0.000      0.000
     0.000      0.000
     0.000      0.000
     0.000      0.000
     0.000      0.000
     0.000      0.000
     0.000      0.000
     0.000      0.000
     0.000      0.000
     0.000      0.000
# New slice
