# Array shape: (2, 21, 2)
     0.000      0.000
     0.000      0.000
     0.000 139727.128
     0.000 164759.325
204661.108 293855.789
153278.030 310533.523
235390.393 322763.405
296232.176 328277.457
295643.826 325933.982
301528.789 333586.399
291164.969 320958.717
323181.132 305308.433
318929.603 280908.736
223992.335 305208.874
278128.581 293430.691
 78426.893 282296.732
148632.054 283723.562
159709.201 273626.819
224369.109  75067.290
157644.842 254463.064
158888.187 177373.493
# New slice
     0.000      0.000
     0.000 137444.151
     0.000 235994.946
126785.791 268207.475
     0.000 272850.098
145163.197 305787.966
247182.766 319787.171
277349.500 323359.977
269968.056 334748.161
299092.899 331670.733
296494.571 324880.876
316307.313 321900.408
326344.491 297033.935
237560.062 322238.569
316233.791      0.000
314042.880 165036.738
183707.882 274212.542
     0.000 315327.836
295374.943 130989.866
     0.000 241956.821
     0.000 289196.514
# New slice
