start_date: 2019-01-31 24:00
end_date: 2060-12-31 24:00
timestep: 1 MONTH
units: acre-ft/month
scale: 1.000000
# Series Slot: CO Schedules.AgAndMIAbvGlenwoodSprings_AgMiscellaneous_Depletion Requested [1 acre-ft/month]
-9098.95
-9098.95
-10169.41
-2140.93
19803.59
58875.54
27832.07
6958.02
-4281.86
-8028.48
-8563.72
-8563.72
-9082.89
-9082.89
-10151.47
-2137.15
19768.65
58771.67
27782.97
6945.74
-4274.30
-8014.32
-8548.61
-8548.61
-9064.82
-9064.82
-10131.27
-2132.90
19729.32
58654.73
27727.69
6931.92
-4265.80
-7998.37
-8531.60
-8531.60
-9046.75
-9046.75
-10111.07
-2128.65
19689.98
58537.79
27672.41
6918.10
-4257.29
-7982.43
-8514.59
-8514.59
-9028.68
-9028.68
-10090.87
-2124.39
19650.65
58420.85
27617.13
6904.28
-4248.79
-7966.48
-8497.58
-8497.58
-9010.60
-9010.60
-10070.67
-2120.14
19611.31
58303.90
27561.85
6890.46
-4240.28
-7950.53
-8480.57
-8480.57
-8992.53
-8992.53
-10050.48
-2115.89
19571.98
58186.96
27506.56
6876.64
-4231.78
-7934.59
-8463.56
-8463.56
-8974.46
-8974.46
-10030.28
-2111.64
19532.64
58070.02
27451.28
6862.82
-4223.27
-7918.64
-8446.55
-8446.55
-8956.39
-8956.39
-10010.08
-2107.38
19493.31
57953.08
27396.00
6849.00
-4214.77
-7902.69
-8429.54
-8429.54
-8938.31
-8938.31
-9989.88
-2103.13
19453.97
57836.14
27340.72
6835.18
-4206.26
-7886.75
-8412.53
-8412.53
-8920.24
-8920.24
-9969.68
-2098.88
19414.64
57719.20
27285.44
6821.36
-4197.76
-7870.80
-8395.52
-8395.52
-8902.17
-8902.17
-9949.48
-2094.63
19375.31
57602.26
27230.16
6807.54
-4189.26
-7854.85
-8378.51
-8378.51
-8891.98
-8891.98
-9938.10
-2092.23
19353.14
57536.35
27199.00
6799.75
-4184.46
-7845.87
-8368.92
-8368.92
-8881.80
-8881.80
-9926.71
-2089.83
19330.97
57470.45
27167.85
6791.96
-4179.67
-7836.88
-8359.34
-8359.34
-8871.61
-8871.61
-9915.33
-2087.44
19308.80
57404.54
27136.69
6784.17
-4174.88
-7827.89
-8349.75
-8349.75
-8861.43
-8861.43
-9903.95
-2085.04
19286.63
57338.63
27105.54
6776.38
-4170.08
-7818.90
-8340.16
-8340.16
-8851.24
-8851.24
-9892.56
-2082.64
19264.46
57272.73
27074.38
6768.59
-4165.29
-7809.92
-8330.58
-8330.58
-8841.05
-8841.05
-9881.18
-2080.25
19242.29
57206.82
27043.22
6760.81
-4160.50
-7800.93
-8320.99
-8320.99
-8830.87
-8830.87
-9869.79
-2077.85
19220.13
57140.91
27012.07
6753.02
-4155.70
-7791.94
-8311.41
-8311.41
-8820.68
-8820.68
-9858.41
-2075.45
19197.96
57075.01
26980.91
6745.23
-4150.91
-7782.96
-8301.82
-8301.82
-8810.50
-8810.50
-9847.03
-2073.06
19175.79
57009.10
26949.76
6737.44
-4146.12
-7773.97
-8292.23
-8292.23
-8800.31
-8800.31
-9835.64
-2070.66
19153.62
56943.19
26918.60
6729.65
-4141.32
-7764.98
-8282.65
-8282.65
-8798.91
-8798.91
-9834.07
-2070.33
19150.57
56934.12
26914.31
6728.58
-4140.66
-7763.74
-8281.33
-8281.33
-8797.51
-8797.51
-9832.51
-2070.00
19147.51
56925.04
26910.02
6727.50
-4140.00
-7762.51
-8280.01
-8280.01
-8796.10
-8796.10
-9830.94
-2069.67
19144.46
56915.96
26905.73
6726.43
-4139.34
-7761.27
-8278.69
-8278.69
-8794.70
-8794.70
-9829.37
-2069.34
19141.41
56906.89
26901.44
6725.36
-4138.68
-7760.03
-8277.37
-8277.37
-8793.30
-8793.30
-9827.80
-2069.01
19138.35
56897.81
26897.15
6724.29
-4138.02
-7758.79
-8276.04
-8276.04
-8791.89
-8791.89
-9826.24
-2068.68
19135.30
56888.73
26892.85
6723.21
-4137.36
-7757.55
-8274.72
-8274.72
-8790.49
-8790.49
-9824.67
-2068.35
19132.25
56879.65
26888.56
6722.14
-4136.70
-7756.32
-8273.40
-8273.40
-8789.09
-8789.09
-9823.10
-2068.02
19129.19
56870.58
26884.27
6721.07
-4136.04
-7755.08
-8272.08
-8272.08
-8787.69
-8787.69
-9821.53
-2067.69
19126.14
56861.50
26879.98
6720.00
-4135.38
-7753.84
-8270.76
-8270.76
-8786.28
-8786.28
-9819.96
-2067.36
19123.09
56852.42
26875.69
6718.92
-4134.72
-7752.60
-8269.44
-8269.44
-8786.28
-8786.28
-9819.96
-2067.36
19123.09
56852.42
26875.69
6718.92
-4134.72
-7752.60
-8269.44
-8269.44
-8786.28
-8786.28
-9819.96
-2067.36
19123.09
56852.42
26875.69
6718.92
-4134.72
-7752.60
-8269.44
-8269.44
-8786.28
-8786.28
-9819.96
-2067.36
19123.09
56852.42
26875.69
6718.92
-4134.72
-7752.60
-8269.44
-8269.44
-8786.28
-8786.28
-9819.96
-2067.36
19123.09
56852.42
26875.69
6718.92
-4134.72
-7752.60
-8269.44
-8269.44
-8786.28
-8786.28
-9819.96
-2067.36
19123.09
56852.42
26875.69
6718.92
-4134.72
-7752.60
-8269.44
-8269.44
-8786.28
-8786.28
-9819.96
-2067.36
19123.09
56852.42
26875.69
6718.92
-4134.72
-7752.60
-8269.44
-8269.44
-8786.28
-8786.28
-9819.96
-2067.36
19123.09
56852.42
26875.69
6718.92
-4134.72
-7752.60
-8269.44
-8269.44
-8786.28
-8786.28
-9819.96
-2067.36
19123.09
56852.42
26875.69
6718.92
-4134.72
-7752.60
-8269.44
-8269.44
-8786.28
-8786.28
-9819.96
-2067.36
19123.09
56852.42
26875.69
6718.92
-4134.72
-7752.60
-8269.44
-8269.44
-8786.28
-8786.28
-9819.96
-2067.36
19123.09
56852.42
26875.69
6718.92
-4134.72
-7752.60
-8269.44
-8269.44
