start_date: 2019-01-31 24:00
end_date: 2060-12-31 24:00
timestep: 1 MONTH
units: acre-ft/month
scale: 1.000000
# Series Slot: CO Schedules.AgUsesAboveMaybell_AgMiscellaneous_Depletion Requested [1 acre-ft/month]
0.00
0.00
0.00
319.76
5116.23
9912.69
8633.64
5435.99
2238.35
319.76
0.00
0.00
0.00
0.00
0.00
320.28
5124.52
9928.76
8647.63
5444.81
2241.98
320.28
0.00
0.00
0.00
0.00
0.00
320.50
5127.93
9935.36
8653.38
5448.42
2243.47
320.50
0.00
0.00
0.00
0.00
0.00
320.71
5131.33
9941.96
8659.13
5452.04
2244.96
320.71
0.00
0.00
0.00
0.00
0.00
320.92
5134.74
9948.56
8664.87
5455.66
2246.45
320.92
0.00
0.00
0.00
0.00
0.00
321.13
5138.14
9955.15
8670.62
5459.28
2247.94
321.13
0.00
0.00
0.00
0.00
0.00
321.35
5141.55
9961.75
8676.36
5462.90
2249.43
321.35
0.00
0.00
0.00
0.00
0.00
321.56
5144.95
9968.35
8682.11
5466.51
2250.92
321.56
0.00
0.00
0.00
0.00
0.00
321.77
5148.36
9974.95
8687.86
5470.13
2252.41
321.77
0.00
0.00
0.00
0.00
0.00
321.99
5151.77
9981.55
8693.60
5473.75
2253.90
321.99
0.00
0.00
0.00
0.00
0.00
322.20
5155.17
9988.14
8699.35
5477.37
2255.39
322.20
0.00
0.00
0.00
0.00
0.00
322.41
5158.58
9994.74
8705.10
5480.99
2256.88
322.41
0.00
0.00
0.00
0.00
0.00
322.72
5163.57
10004.42
8713.53
5486.30
2259.06
322.72
0.00
0.00
0.00
0.00
0.00
323.04
5168.57
10014.10
8721.96
5491.60
2261.25
323.04
0.00
0.00
0.00
0.00
0.00
323.35
5173.56
10023.78
8730.39
5496.91
2263.43
323.35
0.00
0.00
0.00
0.00
0.00
323.66
5178.56
10033.46
8738.82
5502.22
2265.62
323.66
0.00
0.00
0.00
0.00
0.00
323.97
5183.56
10043.14
8747.25
5507.53
2267.81
323.97
0.00
0.00
0.00
0.00
0.00
324.28
5188.55
10052.82
8755.68
5512.84
2269.99
324.28
0.00
0.00
0.00
0.00
0.00
324.60
5193.55
10062.50
8764.11
5518.15
2272.18
324.60
0.00
0.00
0.00
0.00
0.00
324.91
5198.55
10072.18
8772.55
5523.45
2274.36
324.91
0.00
0.00
0.00
0.00
0.00
325.22
5203.54
10081.86
8780.98
5528.76
2276.55
325.22
0.00
0.00
0.00
0.00
0.00
325.53
5208.54
10091.54
8789.41
5534.07
2278.74
325.53
0.00
0.00
0.00
0.00
0.00
325.10
5201.58
10078.06
8777.66
5526.68
2275.69
325.10
0.00
0.00
0.00
0.00
0.00
324.66
5194.62
10064.58
8765.92
5519.28
2272.65
324.66
0.00
0.00
0.00
0.00
0.00
324.23
5187.66
10051.09
8754.18
5511.89
2269.60
324.23
0.00
0.00
0.00
0.00
0.00
323.79
5180.70
10037.61
8742.43
5504.50
2266.56
323.79
0.00
0.00
0.00
0.00
0.00
323.36
5173.74
10024.13
8730.69
5497.10
2263.51
323.36
0.00
0.00
0.00
0.00
0.00
322.92
5166.78
10010.64
8718.95
5489.71
2260.47
322.92
0.00
0.00
0.00
0.00
0.00
322.49
5159.82
9997.16
8707.20
5482.31
2257.42
322.49
0.00
0.00
0.00
0.00
0.00
322.05
5152.87
9983.68
8695.46
5474.92
2254.38
322.05
0.00
0.00
0.00
0.00
0.00
321.62
5145.91
9970.19
8683.72
5467.53
2251.33
321.62
0.00
0.00
0.00
0.00
0.00
321.18
5138.95
9956.71
8671.97
5460.13
2248.29
321.18
0.00
0.00
0.00
0.00
0.00
320.86
5133.78
9946.70
8663.26
5454.64
2246.03
320.86
0.00
0.00
0.00
0.00
0.00
320.54
5128.62
9936.70
8654.54
5449.16
2243.77
320.54
0.00
0.00
0.00
0.00
0.00
320.22
5123.45
9926.69
8645.83
5443.67
2241.51
320.22
0.00
0.00
0.00
0.00
0.00
319.89
5118.29
9916.68
8637.11
5438.18
2239.25
319.89
0.00
0.00
0.00
0.00
0.00
319.57
5113.12
9906.68
8628.40
5432.69
2236.99
319.57
0.00
0.00
0.00
0.00
0.00
319.25
5107.96
9896.67
8619.68
5427.21
2234.73
319.25
0.00
0.00
0.00
0.00
0.00
318.92
5102.79
9886.66
8610.97
5421.72
2232.47
318.92
0.00
0.00
0.00
0.00
0.00
318.60
5097.63
9876.66
8602.25
5416.23
2230.21
318.60
0.00
0.00
0.00
0.00
0.00
318.28
5092.47
9866.65
8593.54
5410.74
2227.95
318.28
0.00
0.00
0.00
0.00
0.00
317.96
5087.30
9856.65
8584.82
5405.26
2225.69
317.96
0.00
0.00
