start_date: 2019-01-31 24:00
end_date: 2060-12-31 24:00
timestep: 1 MONTH
units: acre-ft/month
scale: 1.000000
# Series Slot: CO Schedules.AgUsesAboveMaybell_StagecoachYamcoloAg_Depletion Requested [1 acre-ft/month]
0.00
0.00
0.00
79.94
1279.06
2478.17
2158.41
1359.00
559.59
79.94
0.00
0.00
0.00
0.00
0.00
80.07
1281.13
2482.19
2161.91
1361.20
560.49
80.07
0.00
0.00
0.00
0.00
0.00
80.12
1281.98
2483.84
2163.35
1362.11
560.87
80.12
0.00
0.00
0.00
0.00
0.00
80.18
1282.83
2485.49
2164.78
1363.01
561.24
80.18
0.00
0.00
0.00
0.00
0.00
80.23
1283.68
2487.14
2166.22
1363.92
561.61
80.23
0.00
0.00
0.00
0.00
0.00
80.28
1284.54
2488.79
2167.65
1364.82
561.98
80.28
0.00
0.00
0.00
0.00
0.00
80.34
1285.39
2490.44
2169.09
1365.72
562.36
80.34
0.00
0.00
0.00
0.00
0.00
80.39
1286.24
2492.09
2170.53
1366.63
562.73
80.39
0.00
0.00
0.00
0.00
0.00
80.44
1287.09
2493.74
2171.96
1367.53
563.10
80.44
0.00
0.00
0.00
0.00
0.00
80.50
1287.94
2495.39
2173.40
1368.44
563.47
80.50
0.00
0.00
0.00
0.00
0.00
80.55
1288.79
2497.03
2174.84
1369.34
563.85
80.55
0.00
0.00
0.00
0.00
0.00
80.60
1289.64
2498.68
2176.27
1370.25
564.22
80.60
0.00
0.00
0.00
0.00
0.00
80.68
1290.89
2501.10
2178.38
1371.57
564.77
80.68
0.00
0.00
0.00
0.00
0.00
80.76
1292.14
2503.52
2180.49
1372.90
565.31
80.76
0.00
0.00
0.00
0.00
0.00
80.84
1293.39
2505.94
2182.60
1374.23
565.86
80.84
0.00
0.00
0.00
0.00
0.00
80.91
1294.64
2508.36
2184.70
1375.55
566.40
80.91
0.00
0.00
0.00
0.00
0.00
80.99
1295.89
2510.78
2186.81
1376.88
566.95
80.99
0.00
0.00
0.00
0.00
0.00
81.07
1297.14
2513.20
2188.92
1378.21
567.50
81.07
0.00
0.00
0.00
0.00
0.00
81.15
1298.39
2515.62
2191.03
1379.54
568.04
81.15
0.00
0.00
0.00
0.00
0.00
81.23
1299.64
2518.05
2193.14
1380.86
568.59
81.23
0.00
0.00
0.00
0.00
0.00
81.31
1300.89
2520.47
2195.24
1382.19
569.14
81.31
0.00
0.00
0.00
0.00
0.00
81.38
1302.13
2522.89
2197.35
1383.52
569.68
81.38
0.00
0.00
0.00
0.00
0.00
81.27
1300.39
2519.51
2194.42
1381.67
568.92
81.27
0.00
0.00
0.00
0.00
0.00
81.17
1298.66
2516.14
2191.48
1379.82
568.16
81.17
0.00
0.00
0.00
0.00
0.00
81.06
1296.92
2512.77
2188.54
1377.97
567.40
81.06
0.00
0.00
0.00
0.00
0.00
80.95
1295.18
2509.40
2185.61
1376.12
566.64
80.95
0.00
0.00
0.00
0.00
0.00
80.84
1293.44
2506.03
2182.67
1374.28
565.88
80.84
0.00
0.00
0.00
0.00
0.00
80.73
1291.70
2502.66
2179.74
1372.43
565.12
80.73
0.00
0.00
0.00
0.00
0.00
80.62
1289.96
2499.29
2176.80
1370.58
564.36
80.62
0.00
0.00
0.00
0.00
0.00
80.51
1288.22
2495.92
2173.87
1368.73
563.59
80.51
0.00
0.00
0.00
0.00
0.00
80.40
1286.48
2492.55
2170.93
1366.88
562.83
80.40
0.00
0.00
0.00
0.00
0.00
80.30
1284.74
2489.18
2167.99
1365.03
562.07
80.30
0.00
0.00
0.00
0.00
0.00
80.22
1283.45
2486.68
2165.82
1363.66
561.51
80.22
0.00
0.00
0.00
0.00
0.00
80.13
1282.16
2484.18
2163.64
1362.29
560.94
80.13
0.00
0.00
0.00
0.00
0.00
80.05
1280.86
2481.67
2161.46
1360.92
560.38
80.05
0.00
0.00
0.00
0.00
0.00
79.97
1279.57
2479.17
2159.28
1359.55
559.81
79.97
0.00
0.00
0.00
0.00
0.00
79.89
1278.28
2476.67
2157.10
1358.17
559.25
79.89
0.00
0.00
0.00
0.00
0.00
79.81
1276.99
2474.17
2154.92
1356.80
558.68
79.81
0.00
0.00
0.00
0.00
0.00
79.73
1275.70
2471.67
2152.74
1355.43
558.12
79.73
0.00
0.00
0.00
0.00
0.00
79.65
1274.41
2469.17
2150.56
1354.06
557.55
79.65
0.00
0.00
0.00
0.00
0.00
79.57
1273.12
2466.66
2148.38
1352.69
556.99
79.57
0.00
0.00
0.00
0.00
0.00
79.49
1271.83
2464.16
2146.21
1351.31
556.42
79.49
0.00
0.00
