start_date: 2019-01-31 24:00
end_date: 2060-12-31 24:00
timestep: 1 MONTH
units: acre-ft/month
scale: 1.000000
# Series Slot: CA Schedules.AllAmericanCanalYumaProj_Quechan Res Unit_Depletion Requested [1 acre-ft/month]
1800.00
2880.00
3600.00
3600.00
3600.00
3600.00
3600.00
3600.00
3240.00
2880.00
1800.00
1800.00
1800.00
2880.00
3600.00
3600.00
3600.00
3600.00
3600.00
3600.00
3240.00
2880.00
1800.00
1800.00
1800.00
2880.00
3600.00
3600.00
3600.00
3600.00
3600.00
3600.00
3240.00
2880.00
1800.00
1800.00
1800.00
2880.00
3600.00
3600.00
3600.00
3600.00
3600.00
3600.00
3240.00
2880.00
1800.00
1800.00
1800.00
2880.00
3600.00
3600.00
3600.00
3600.00
3600.00
3600.00
3240.00
2880.00
1800.00
1800.00
1800.00
2880.00
3600.00
3600.00
3600.00
3600.00
3600.00
3600.00
3240.00
2880.00
1800.00
1800.00
1800.00
2880.00
3600.00
3600.00
3600.00
3600.00
3600.00
3600.00
3240.00
2880.00
1800.00
1800.00
1800.00
2880.00
3600.00
3600.00
3600.00
3600.00
3600.00
3600.00
3240.00
2880.00
1800.00
1800.00
1800.00
2880.00
3600.00
3600.00
3600.00
3600.00
3600.00
3600.00
3240.00
2880.00
1800.00
1800.00
1800.00
2880.00
3600.00
3600.00
3600.00
3600.00
3600.00
3600.00
3240.00
2880.00
1800.00
1800.00
1800.00
2880.00
3600.00
3600.00
3600.00
3600.00
3600.00
3600.00
3240.00
2880.00
1800.00
1800.00
1800.00
2880.00
3600.00
3600.00
3600.00
3600.00
3600.00
3600.00
3240.00
2880.00
1800.00
1800.00
1800.00
2880.00
3600.00
3600.00
3600.00
3600.00
3600.00
3600.00
3240.00
2880.00
1800.00
1800.00
1800.00
2880.00
3600.00
3600.00
3600.00
3600.00
3600.00
3600.00
3240.00
2880.00
1800.00
1800.00
1800.00
2880.00
3600.00
3600.00
3600.00
3600.00
3600.00
3600.00
3240.00
2880.00
1800.00
1800.00
1800.00
2880.00
3600.00
3600.00
3600.00
3600.00
3600.00
3600.00
3240.00
2880.00
1800.00
1800.00
1800.00
2880.00
3600.00
3600.00
3600.00
3600.00
3600.00
3600.00
3240.00
2880.00
1800.00
1800.00
1800.00
2880.00
3600.00
3600.00
3600.00
3600.00
3600.00
3600.00
3240.00
2880.00
1800.00
1800.00
1800.00
2880.00
3600.00
3600.00
3600.00
3600.00
3600.00
3600.00
3240.00
2880.00
1800.00
1800.00
1800.00
2880.00
3600.00
3600.00
3600.00
3600.00
3600.00
3600.00
3240.00
2880.00
1800.00
1800.00
1800.00
2880.00
3600.00
3600.00
3600.00
3600.00
3600.00
3600.00
3240.00
2880.00
1800.00
1800.00
1800.00
2880.00
3600.00
3600.00
3600.00
3600.00
3600.00
3600.00
3240.00
2880.00
1800.00
1800.00
1800.00
2880.00
3600.00
3600.00
3600.00
3600.00
3600.00
3600.00
3240.00
2880.00
1800.00
1800.00
1800.00
2880.00
3600.00
3600.00
3600.00
3600.00
3600.00
3600.00
3240.00
2880.00
1800.00
1800.00
1800.00
2880.00
3600.00
3600.00
3600.00
3600.00
3600.00
3600.00
3240.00
2880.00
1800.00
1800.00
1800.00
2880.00
3600.00
3600.00
3600.00
3600.00
3600.00
3600.00
3240.00
2880.00
1800.00
1800.00
1800.00
2880.00
3600.00
3600.00
3600.00
3600.00
3600.00
3600.00
3240.00
2880.00
1800.00
1800.00
1800.00
2880.00
3600.00
3600.00
3600.00
3600.00
3600.00
3600.00
3240.00
2880.00
1800.00
1800.00
1800.00
2880.00
3600.00
3600.00
3600.00
3600.00
3600.00
3600.00
3240.00
2880.00
1800.00
1800.00
1800.00
2880.00
3600.00
3600.00
3600.00
3600.00
3600.00
3600.00
3240.00
2880.00
1800.00
1800.00
1800.00
2880.00
3600.00
3600.00
3600.00
3600.00
3600.00
3600.00
3240.00
2880.00
1800.00
1800.00
1800.00
2880.00
3600.00
3600.00
3600.00
3600.00
3600.00
3600.00
3240.00
2880.00
1800.00
1800.00
1800.00
2880.00
3600.00
3600.00
3600.00
3600.00
3600.00
3600.00
3240.00
2880.00
1800.00
1800.00
1800.00
2880.00
3600.00
3600.00
3600.00
3600.00
3600.00
3600.00
3240.00
2880.00
1800.00
1800.00
1800.00
2880.00
3600.00
3600.00
3600.00
3600.00
3600.00
3600.00
3240.00
2880.00
1800.00
1800.00
1800.00
2880.00
3600.00
3600.00
3600.00
3600.00
3600.00
3600.00
3240.00
2880.00
1800.00
1800.00
1800.00
2880.00
3600.00
3600.00
3600.00
3600.00
3600.00
3600.00
3240.00
2880.00
1800.00
1800.00
1800.00
2880.00
3600.00
3600.00
3600.00
3600.00
3600.00
3600.00
3240.00
2880.00
1800.00
1800.00
1800.00
2880.00
3600.00
3600.00
3600.00
3600.00
3600.00
3600.00
3240.00
2880.00
1800.00
1800.00
1800.00
2880.00
3600.00
3600.00
3600.00
3600.00
3600.00
3600.00
3240.00
2880.00
1800.00
1800.00
1800.00
2880.00
3600.00
3600.00
3600.00
3600.00
3600.00
3600.00
3240.00
2880.00
1800.00
1800.00
1800.00
2880.00
3600.00
3600.00
3600.00
3600.00
3600.00
3600.00
3240.00
2880.00
1800.00
1800.00
