start_date: 2019-01-31 24:00
end_date: 2060-12-31 24:00
timestep: 1 MONTH
units: acre-ft/month
scale: 1.000000
# Series Slot: CO Schedules.ColoradoNewMexAgAbvArch_COSoUte_Diversion Requested [1 acre-ft/month]
476.00
476.00
476.00
4284.00
17612.00
21896.00
7616.00
952.00
-4284.00
-2856.00
476.00
476.00
480.00
480.00
480.00
4320.00
17760.00
22080.00
7680.00
960.00
-4320.00
-2880.00
480.00
480.00
482.00
482.00
482.00
4338.00
17834.00
22172.00
7712.00
964.00
-4338.00
-2892.00
482.00
482.00
484.00
484.00
484.00
4356.00
17908.00
22264.00
7744.00
968.00
-4356.00
-2904.00
484.00
484.00
486.00
486.00
486.00
4374.00
17982.00
22356.00
7776.00
972.00
-4374.00
-2916.00
486.00
486.00
488.00
488.00
488.00
4392.00
18056.00
22448.00
7808.00
976.00
-4392.00
-2928.00
488.00
488.00
490.00
490.00
490.00
4410.00
18130.00
22540.00
7840.00
980.00
-4410.00
-2940.00
490.00
490.00
490.00
490.00
490.00
4410.00
18130.00
22540.00
7840.00
980.00
-4410.00
-2940.00
490.00
490.00
490.00
490.00
490.00
4410.00
18130.00
22540.00
7840.00
980.00
-4410.00
-2940.00
490.00
490.00
490.00
490.00
490.00
4410.00
18130.00
22540.00
7840.00
980.00
-4410.00
-2940.00
490.00
490.00
490.00
490.00
490.00
4410.00
18130.00
22540.00
7840.00
980.00
-4410.00
-2940.00
490.00
490.00
490.00
490.00
490.00
4410.00
18130.00
22540.00
7840.00
980.00
-4410.00
-2940.00
490.00
490.00
490.00
490.00
490.00
4410.00
18130.00
22540.00
7840.00
980.00
-4410.00
-2940.00
490.00
490.00
490.00
490.00
490.00
4410.00
18130.00
22540.00
7840.00
980.00
-4410.00
-2940.00
490.00
490.00
490.00
490.00
490.00
4410.00
18130.00
22540.00
7840.00
980.00
-4410.00
-2940.00
490.00
490.00
490.00
490.00
490.00
4410.00
18130.00
22540.00
7840.00
980.00
-4410.00
-2940.00
490.00
490.00
490.00
490.00
490.00
4410.00
18130.00
22540.00
7840.00
980.00
-4410.00
-2940.00
490.00
490.00
490.00
490.00
490.00
4410.00
18130.00
22540.00
7840.00
980.00
-4410.00
-2940.00
490.00
490.00
490.00
490.00
490.00
4410.00
18130.00
22540.00
7840.00
980.00
-4410.00
-2940.00
490.00
490.00
490.00
490.00
490.00
4410.00
18130.00
22540.00
7840.00
980.00
-4410.00
-2940.00
490.00
490.00
490.00
490.00
490.00
4410.00
18130.00
22540.00
7840.00
980.00
-4410.00
-2940.00
490.00
490.00
490.00
490.00
490.00
4410.00
18130.00
22540.00
7840.00
980.00
-4410.00
-2940.00
490.00
490.00
490.00
490.00
490.00
4410.00
18130.00
22540.00
7840.00
980.00
-4410.00
-2940.00
490.00
490.00
490.00
490.00
490.00
4410.00
18130.00
22540.00
7840.00
980.00
-4410.00
-2940.00
490.00
490.00
490.00
490.00
490.00
4410.00
18130.00
22540.00
7840.00
980.00
-4410.00
-2940.00
490.00
490.00
490.00
490.00
490.00
4410.00
18130.00
22540.00
7840.00
980.00
-4410.00
-2940.00
490.00
490.00
490.00
490.00
490.00
4410.00
18130.00
22540.00
7840.00
980.00
-4410.00
-2940.00
490.00
490.00
490.00
490.00
490.00
4410.00
18130.00
22540.00
7840.00
980.00
-4410.00
-2940.00
490.00
490.00
490.00
490.00
490.00
4410.00
18130.00
22540.00
7840.00
980.00
-4410.00
-2940.00
490.00
490.00
490.00
490.00
490.00
4410.00
18130.00
22540.00
7840.00
980.00
-4410.00
-2940.00
490.00
490.00
490.00
490.00
490.00
4410.00
18130.00
22540.00
7840.00
980.00
-4410.00
-2940.00
490.00
490.00
490.00
490.00
490.00
4410.00
18130.00
22540.00
7840.00
980.00
-4410.00
-2940.00
490.00
490.00
490.00
490.00
490.00
4410.00
18130.00
22540.00
7840.00
980.00
-4410.00
-2940.00
490.00
490.00
490.00
490.00
490.00
4410.00
18130.00
22540.00
7840.00
980.00
-4410.00
-2940.00
490.00
490.00
490.00
490.00
490.00
4410.00
18130.00
22540.00
7840.00
980.00
-4410.00
-2940.00
490.00
490.00
490.00
490.00
490.00
4410.00
18130.00
22540.00
7840.00
980.00
-4410.00
-2940.00
490.00
490.00
490.00
490.00
490.00
4410.00
18130.00
22540.00
7840.00
980.00
-4410.00
-2940.00
490.00
490.00
490.00
490.00
490.00
4410.00
18130.00
22540.00
7840.00
980.00
-4410.00
-2940.00
490.00
490.00
490.00
490.00
490.00
4410.00
18130.00
22540.00
7840.00
980.00
-4410.00
-2940.00
490.00
490.00
490.00
490.00
490.00
4410.00
18130.00
22540.00
7840.00
980.00
-4410.00
-2940.00
490.00
490.00
490.00
490.00
490.00
4410.00
18130.00
22540.00
7840.00
980.00
-4410.00
-2940.00
490.00
490.00
490.00
490.00
490.00
4410.00
18130.00
22540.00
7840.00
980.00
-4410.00
-2940.00
490.00
490.00
