start_date: 2019-01-31 24:00
end_date: 2060-12-31 24:00
timestep: 1 MONTH
units: acre-ft/month
scale: 1.000000
# Series Slot: ArizonaPriority1Schedules.ColoradoRiverIndianReservation_CRIR AZ_Depletion Requested [1 acre-ft/month]
4630.00
27780.00
46300.00
46300.00
46300.00
64820.00
69450.00
69450.00
46300.00
23150.00
9260.00
9260.00
4630.00
27780.00
46300.00
46300.00
46300.00
64820.00
69450.00
69450.00
46300.00
23150.00
9260.00
9260.00
4630.00
27780.00
46300.00
46300.00
46300.00
64820.00
69450.00
69450.00
46300.00
23150.00
9260.00
9260.00
4630.00
27780.00
46300.00
46300.00
46300.00
64820.00
69450.00
69450.00
46300.00
23150.00
9260.00
9260.00
4630.00
27780.00
46300.00
46300.00
46300.00
64820.00
69450.00
69450.00
46300.00
23150.00
9260.00
9260.00
4630.00
27780.00
46300.00
46300.00
46300.00
64820.00
69450.00
69450.00
46300.00
23150.00
9260.00
9260.00
4630.00
27780.00
46300.00
46300.00
46300.00
64820.00
69450.00
69450.00
46300.00
23150.00
9260.00
9260.00
4630.00
27780.00
46300.00
46300.00
46300.00
64820.00
69450.00
69450.00
46300.00
23150.00
9260.00
9260.00
4630.00
27780.00
46300.00
46300.00
46300.00
64820.00
69450.00
69450.00
46300.00
23150.00
9260.00
9260.00
4630.00
27780.00
46300.00
46300.00
46300.00
64820.00
69450.00
69450.00
46300.00
23150.00
9260.00
9260.00
4630.00
27780.00
46300.00
46300.00
46300.00
64820.00
69450.00
69450.00
46300.00
23150.00
9260.00
9260.00
4630.00
27780.00
46300.00
46300.00
46300.00
64820.00
69450.00
69450.00
46300.00
23150.00
9260.00
9260.00
4630.00
27780.00
46300.00
46300.00
46300.00
64820.00
69450.00
69450.00
46300.00
23150.00
9260.00
9260.00
4630.00
27780.00
46300.00
46300.00
46300.00
64820.00
69450.00
69450.00
46300.00
23150.00
9260.00
9260.00
4630.00
27780.00
46300.00
46300.00
46300.00
64820.00
69450.00
69450.00
46300.00
23150.00
9260.00
9260.00
4630.00
27780.00
46300.00
46300.00
46300.00
64820.00
69450.00
69450.00
46300.00
23150.00
9260.00
9260.00
4630.00
27780.00
46300.00
46300.00
46300.00
64820.00
69450.00
69450.00
46300.00
23150.00
9260.00
9260.00
4630.00
27780.00
46300.00
46300.00
46300.00
64820.00
69450.00
69450.00
46300.00
23150.00
9260.00
9260.00
4630.00
27780.00
46300.00
46300.00
46300.00
64820.00
69450.00
69450.00
46300.00
23150.00
9260.00
9260.00
4630.00
27780.00
46300.00
46300.00
46300.00
64820.00
69450.00
69450.00
46300.00
23150.00
9260.00
9260.00
4630.00
27780.00
46300.00
46300.00
46300.00
64820.00
69450.00
69450.00
46300.00
23150.00
9260.00
9260.00
4630.00
27780.00
46300.00
46300.00
46300.00
64820.00
69450.00
69450.00
46300.00
23150.00
9260.00
9260.00
4630.00
27780.00
46300.00
46300.00
46300.00
64820.00
69450.00
69450.00
46300.00
23150.00
9260.00
9260.00
4630.00
27780.00
46300.00
46300.00
46300.00
64820.00
69450.00
69450.00
46300.00
23150.00
9260.00
9260.00
4630.00
27780.00
46300.00
46300.00
46300.00
64820.00
69450.00
69450.00
46300.00
23150.00
9260.00
9260.00
4630.00
27780.00
46300.00
46300.00
46300.00
64820.00
69450.00
69450.00
46300.00
23150.00
9260.00
9260.00
4630.00
27780.00
46300.00
46300.00
46300.00
64820.00
69450.00
69450.00
46300.00
23150.00
9260.00
9260.00
4630.00
27780.00
46300.00
46300.00
46300.00
64820.00
69450.00
69450.00
46300.00
23150.00
9260.00
9260.00
4630.00
27780.00
46300.00
46300.00
46300.00
64820.00
69450.00
69450.00
46300.00
23150.00
9260.00
9260.00
4630.00
27780.00
46300.00
46300.00
46300.00
64820.00
69450.00
69450.00
46300.00
23150.00
9260.00
9260.00
4630.00
27780.00
46300.00
46300.00
46300.00
64820.00
69450.00
69450.00
46300.00
23150.00
9260.00
9260.00
4630.00
27780.00
46300.00
46300.00
46300.00
64820.00
69450.00
69450.00
46300.00
23150.00
9260.00
9260.00
4630.00
27780.00
46300.00
46300.00
46300.00
64820.00
69450.00
69450.00
46300.00
23150.00
9260.00
9260.00
4630.00
27780.00
46300.00
46300.00
46300.00
64820.00
69450.00
69450.00
46300.00
23150.00
9260.00
9260.00
4630.00
27780.00
46300.00
46300.00
46300.00
64820.00
69450.00
69450.00
46300.00
23150.00
9260.00
9260.00
4630.00
27780.00
46300.00
46300.00
46300.00
64820.00
69450.00
69450.00
46300.00
23150.00
9260.00
9260.00
4630.00
27780.00
46300.00
46300.00
46300.00
64820.00
69450.00
69450.00
46300.00
23150.00
9260.00
9260.00
4630.00
27780.00
46300.00
46300.00
46300.00
64820.00
69450.00
69450.00
46300.00
23150.00
9260.00
9260.00
4630.00
27780.00
46300.00
46300.00
46300.00
64820.00
69450.00
69450.00
46300.00
23150.00
9260.00
9260.00
4630.00
27780.00
46300.00
46300.00
46300.00
64820.00
69450.00
69450.00
46300.00
23150.00
9260.00
9260.00
4630.00
27780.00
46300.00
46300.00
46300.00
64820.00
69450.00
69450.00
46300.00
23150.00
9260.00
9260.00
4630.00
27780.00
46300.00
46300.00
46300.00
64820.00
69450.00
69450.00
46300.00
23150.00
9260.00
9260.00
