start_date: 2019-01-31 24:00
end_date: 2060-12-31 24:00
timestep: 1 MONTH
units: acre-ft/month
scale: 1.000000
# Series Slot: CA Schedules.ColoradoRiverIndianReservation_CRIR CA_Diversion Requested [1 acre-ft/month]
649.74
3898.44
6497.40
6497.40
6497.40
9096.36
9746.10
9746.10
6497.40
3248.70
1299.48
1299.48
649.74
3898.44
6497.40
6497.40
6497.40
9096.36
9746.10
9746.10
6497.40
3248.70
1299.48
1299.48
649.74
3898.44
6497.40
6497.40
6497.40
9096.36
9746.10
9746.10
6497.40
3248.70
1299.48
1299.48
649.74
3898.44
6497.40
6497.40
6497.40
9096.36
9746.10
9746.10
6497.40
3248.70
1299.48
1299.48
649.74
3898.44
6497.40
6497.40
6497.40
9096.36
9746.10
9746.10
6497.40
3248.70
1299.48
1299.48
649.74
3898.44
6497.40
6497.40
6497.40
9096.36
9746.10
9746.10
6497.40
3248.70
1299.48
1299.48
649.74
3898.44
6497.40
6497.40
6497.40
9096.36
9746.10
9746.10
6497.40
3248.70
1299.48
1299.48
649.74
3898.44
6497.40
6497.40
6497.40
9096.36
9746.10
9746.10
6497.40
3248.70
1299.48
1299.48
649.74
3898.44
6497.40
6497.40
6497.40
9096.36
9746.10
9746.10
6497.40
3248.70
1299.48
1299.48
649.74
3898.44
6497.40
6497.40
6497.40
9096.36
9746.10
9746.10
6497.40
3248.70
1299.48
1299.48
649.74
3898.44
6497.40
6497.40
6497.40
9096.36
9746.10
9746.10
6497.40
3248.70
1299.48
1299.48
649.74
3898.44
6497.40
6497.40
6497.40
9096.36
9746.10
9746.10
6497.40
3248.70
1299.48
1299.48
649.74
3898.44
6497.40
6497.40
6497.40
9096.36
9746.10
9746.10
6497.40
3248.70
1299.48
1299.48
649.74
3898.44
6497.40
6497.40
6497.40
9096.36
9746.10
9746.10
6497.40
3248.70
1299.48
1299.48
649.74
3898.44
6497.40
6497.40
6497.40
9096.36
9746.10
9746.10
6497.40
3248.70
1299.48
1299.48
649.74
3898.44
6497.40
6497.40
6497.40
9096.36
9746.10
9746.10
6497.40
3248.70
1299.48
1299.48
649.74
3898.44
6497.40
6497.40
6497.40
9096.36
9746.10
9746.10
6497.40
3248.70
1299.48
1299.48
649.74
3898.44
6497.40
6497.40
6497.40
9096.36
9746.10
9746.10
6497.40
3248.70
1299.48
1299.48
649.74
3898.44
6497.40
6497.40
6497.40
9096.36
9746.10
9746.10
6497.40
3248.70
1299.48
1299.48
649.74
3898.44
6497.40
6497.40
6497.40
9096.36
9746.10
9746.10
6497.40
3248.70
1299.48
1299.48
649.74
3898.44
6497.40
6497.40
6497.40
9096.36
9746.10
9746.10
6497.40
3248.70
1299.48
1299.48
649.74
3898.44
6497.40
6497.40
6497.40
9096.36
9746.10
9746.10
6497.40
3248.70
1299.48
1299.48
649.74
3898.44
6497.40
6497.40
6497.40
9096.36
9746.10
9746.10
6497.40
3248.70
1299.48
1299.48
649.74
3898.44
6497.40
6497.40
6497.40
9096.36
9746.10
9746.10
6497.40
3248.70
1299.48
1299.48
649.74
3898.44
6497.40
6497.40
6497.40
9096.36
9746.10
9746.10
6497.40
3248.70
1299.48
1299.48
649.74
3898.44
6497.40
6497.40
6497.40
9096.36
9746.10
9746.10
6497.40
3248.70
1299.48
1299.48
649.74
3898.44
6497.40
6497.40
6497.40
9096.36
9746.10
9746.10
6497.40
3248.70
1299.48
1299.48
649.74
3898.44
6497.40
6497.40
6497.40
9096.36
9746.10
9746.10
6497.40
3248.70
1299.48
1299.48
649.74
3898.44
6497.40
6497.40
6497.40
9096.36
9746.10
9746.10
6497.40
3248.70
1299.48
1299.48
649.74
3898.44
6497.40
6497.40
6497.40
9096.36
9746.10
9746.10
6497.40
3248.70
1299.48
1299.48
649.74
3898.44
6497.40
6497.40
6497.40
9096.36
9746.10
9746.10
6497.40
3248.70
1299.48
1299.48
649.74
3898.44
6497.40
6497.40
6497.40
9096.36
9746.10
9746.10
6497.40
3248.70
1299.48
1299.48
649.74
3898.44
6497.40
6497.40
6497.40
9096.36
9746.10
9746.10
6497.40
3248.70
1299.48
1299.48
649.74
3898.44
6497.40
6497.40
6497.40
9096.36
9746.10
9746.10
6497.40
3248.70
1299.48
1299.48
649.74
3898.44
6497.40
6497.40
6497.40
9096.36
9746.10
9746.10
6497.40
3248.70
1299.48
1299.48
649.74
3898.44
6497.40
6497.40
6497.40
9096.36
9746.10
9746.10
6497.40
3248.70
1299.48
1299.48
649.74
3898.44
6497.40
6497.40
6497.40
9096.36
9746.10
9746.10
6497.40
3248.70
1299.48
1299.48
649.74
3898.44
6497.40
6497.40
6497.40
9096.36
9746.10
9746.10
6497.40
3248.70
1299.48
1299.48
649.74
3898.44
6497.40
6497.40
6497.40
9096.36
9746.10
9746.10
6497.40
3248.70
1299.48
1299.48
649.74
3898.44
6497.40
6497.40
6497.40
9096.36
9746.10
9746.10
6497.40
3248.70
1299.48
1299.48
649.74
3898.44
6497.40
6497.40
6497.40
9096.36
9746.10
9746.10
6497.40
3248.70
1299.48
1299.48
649.74
3898.44
6497.40
6497.40
6497.40
9096.36
9746.10
9746.10
6497.40
3248.70
1299.48
1299.48
