start_date: 2019-01-31 24:00
end_date: 2060-12-31 24:00
timestep: 1 MONTH
units: acre-ft/month
scale: 1.000000
# Series Slot: NM Schedules.NewMexicoAgricultureArchToFarm_PLNewMexicoAgriculture_Diversion Requested [1 acre-ft/month]
0.00
0.00
0.00
13343.44
36027.29
46702.04
25352.54
12009.10
0.00
0.00
0.00
0.00
0.00
0.00
0.00
13419.35
36232.26
46967.74
25496.77
12077.42
0.00
0.00
0.00
0.00
0.00
0.00
0.00
13451.28
36318.46
47079.49
25557.44
12106.15
0.00
0.00
0.00
0.00
0.00
0.00
0.00
13483.21
36404.66
47191.23
25618.10
12134.89
0.00
0.00
0.00
0.00
0.00
0.00
0.00
13515.14
36490.87
47302.98
25678.76
12163.62
0.00
0.00
0.00
0.00
0.00
0.00
0.00
13547.06
36577.07
47414.73
25739.42
12192.36
0.00
0.00
0.00
0.00
0.00
0.00
0.00
13578.99
36663.28
47526.47
25800.08
12221.09
0.00
0.00
0.00
0.00
0.00
0.00
0.00
13596.64
36710.92
47588.23
25833.61
12236.97
0.00
0.00
0.00
0.00
0.00
0.00
0.00
13614.28
36758.56
47649.99
25867.14
12252.85
0.00
0.00
0.00
0.00
0.00
0.00
0.00
13631.93
36806.20
47711.75
25900.66
12268.73
0.00
0.00
0.00
0.00
0.00
0.00
0.00
13649.57
36853.85
47773.50
25934.19
12284.62
0.00
0.00
0.00
0.00
0.00
0.00
0.00
13667.22
36901.49
47835.26
25967.71
12300.50
0.00
0.00
0.00
0.00
0.00
0.00
0.00
13680.00
36936.00
47880.00
25992.00
12312.00
0.00
0.00
0.00
0.00
0.00
0.00
0.00
13692.78
36970.51
47924.74
26016.29
12323.50
0.00
0.00
0.00
0.00
0.00
0.00
0.00
13705.57
37005.03
47969.48
26040.57
12335.01
0.00
0.00
0.00
0.00
0.00
0.00
0.00
13718.35
37039.54
48014.22
26064.86
12346.51
0.00
0.00
0.00
0.00
0.00
0.00
0.00
13731.13
37074.05
48058.96
26089.15
12358.02
0.00
0.00
0.00
0.00
0.00
0.00
0.00
13743.91
37108.56
48103.69
26113.43
12369.52
0.00
0.00
0.00
0.00
0.00
0.00
0.00
13756.69
37143.08
48148.43
26137.72
12381.03
0.00
0.00
0.00
0.00
0.00
0.00
0.00
13769.48
37177.59
48193.17
26162.01
12392.53
0.00
0.00
0.00
0.00
0.00
0.00
0.00
13782.26
37212.10
48237.91
26186.29
12404.03
0.00
0.00
0.00
0.00
0.00
0.00
0.00
13795.04
37246.61
48282.65
26210.58
12415.54
0.00
0.00
0.00
0.00
0.00
0.00
0.00
13795.04
37246.61
48282.65
26210.58
12415.54
0.00
0.00
0.00
0.00
0.00
0.00
0.00
13795.04
37246.61
48282.65
26210.58
12415.54
0.00
0.00
0.00
0.00
0.00
0.00
0.00
13795.04
37246.61
48282.65
26210.58
12415.54
0.00
0.00
0.00
0.00
0.00
0.00
0.00
13795.04
37246.61
48282.65
26210.58
12415.54
0.00
0.00
0.00
0.00
0.00
0.00
0.00
13795.04
37246.61
48282.65
26210.58
12415.54
0.00
0.00
0.00
0.00
0.00
0.00
0.00
13795.04
37246.61
48282.65
26210.58
12415.54
0.00
0.00
0.00
0.00
0.00
0.00
0.00
13795.04
37246.61
48282.65
26210.58
12415.54
0.00
0.00
0.00
0.00
0.00
0.00
0.00
13795.04
37246.61
48282.65
26210.58
12415.54
0.00
0.00
0.00
0.00
0.00
0.00
0.00
13795.04
37246.61
48282.65
26210.58
12415.54
0.00
0.00
0.00
0.00
0.00
0.00
0.00
13795.04
37246.61
48282.65
26210.58
12415.54
0.00
0.00
0.00
0.00
0.00
0.00
0.00
13795.04
37246.61
48282.65
26210.58
12415.54
0.00
0.00
0.00
0.00
0.00
0.00
0.00
13795.04
37246.61
48282.65
26210.58
12415.54
0.00
0.00
0.00
0.00
0.00
0.00
0.00
13795.04
37246.61
48282.65
26210.58
12415.54
0.00
0.00
0.00
0.00
0.00
0.00
0.00
13795.04
37246.61
48282.65
26210.58
12415.54
0.00
0.00
0.00
0.00
0.00
0.00
0.00
13795.04
37246.61
48282.65
26210.58
12415.54
0.00
0.00
0.00
0.00
0.00
0.00
0.00
13795.04
37246.61
48282.65
26210.58
12415.54
0.00
0.00
0.00
0.00
0.00
0.00
0.00
13795.04
37246.61
48282.65
26210.58
12415.54
0.00
0.00
0.00
0.00
0.00
0.00
0.00
13795.04
37246.61
48282.65
26210.58
12415.54
0.00
0.00
0.00
0.00
0.00
0.00
0.00
13795.04
37246.61
48282.65
26210.58
12415.54
0.00
0.00
0.00
0.00
0.00
0.00
0.00
13795.04
37246.61
48282.65
26210.58
12415.54
0.00
0.00
0.00
0.00
