start_date: 2019-01-31 24:00
end_date: 2060-12-31 24:00
timestep: 1 MONTH
units: acre-ft/month
scale: 1.000000
# Series Slot: NM Schedules.NewMexicoAgFarmToShip_NMAgFruitland_Diversion Requested [1 acre-ft/month]
0.00
0.00
0.00
217.79
2831.24
6315.84
6533.63
4355.75
1306.73
217.79
0.00
0.00
0.00
0.00
0.00
227.10
2952.26
6585.81
6812.90
4541.94
1362.58
227.10
0.00
0.00
0.00
0.00
0.00
235.99
3067.91
6843.81
7079.80
4719.87
1415.96
235.99
0.00
0.00
0.00
0.00
0.00
244.89
3183.57
7101.81
7346.70
4897.80
1469.34
244.89
0.00
0.00
0.00
0.00
0.00
253.79
3299.23
7359.81
7613.60
5075.73
1522.72
253.79
0.00
0.00
0.00
0.00
0.00
262.68
3414.88
7617.81
7880.50
5253.66
1576.10
262.68
0.00
0.00
0.00
0.00
0.00
271.58
3530.54
7875.81
8147.39
5431.60
1629.48
271.58
0.00
0.00
0.00
0.00
0.00
284.55
3699.13
8251.91
8536.46
5690.97
1707.29
284.55
0.00
0.00
0.00
0.00
0.00
297.52
3867.73
8628.00
8925.52
5950.35
1785.10
297.52
0.00
0.00
0.00
0.00
0.00
310.49
4036.32
9004.10
9314.59
6209.72
1862.92
310.49
0.00
0.00
0.00
0.00
0.00
323.45
4204.92
9380.19
9703.65
6469.10
1940.73
323.45
0.00
0.00
0.00
0.00
0.00
336.42
4373.51
9756.29
10092.71
6728.48
2018.54
336.42
0.00
0.00
0.00
0.00
0.00
336.74
4377.60
9765.41
10102.15
6734.77
2020.43
336.74
0.00
0.00
0.00
0.00
0.00
337.05
4381.69
9774.54
10111.59
6741.06
2022.32
337.05
0.00
0.00
0.00
0.00
0.00
337.37
4385.78
9783.66
10121.03
6747.35
2024.21
337.37
0.00
0.00
0.00
0.00
0.00
337.68
4389.87
9792.79
10130.47
6753.65
2026.09
337.68
0.00
0.00
0.00
0.00
0.00
338.00
4393.96
9801.91
10139.91
6759.94
2027.98
338.00
0.00
0.00
0.00
0.00
0.00
338.31
4398.05
9811.04
10149.35
6766.23
2029.87
338.31
0.00
0.00
0.00
0.00
0.00
338.63
4402.14
9820.16
10158.79
6772.53
2031.76
338.63
0.00
0.00
0.00
0.00
0.00
338.94
4406.23
9829.29
10168.23
6778.82
2033.65
338.94
0.00
0.00
0.00
0.00
0.00
339.26
4410.32
9838.41
10177.67
6785.11
2035.53
339.26
0.00
0.00
0.00
0.00
0.00
339.57
4414.41
9847.54
10187.11
6791.40
2037.42
339.57
0.00
0.00
0.00
0.00
0.00
339.57
4414.41
9847.54
10187.11
6791.40
2037.42
339.57
0.00
0.00
0.00
0.00
0.00
339.57
4414.41
9847.54
10187.11
6791.40
2037.42
339.57
0.00
0.00
0.00
0.00
0.00
339.57
4414.41
9847.54
10187.11
6791.40
2037.42
339.57
0.00
0.00
0.00
0.00
0.00
339.57
4414.41
9847.54
10187.11
6791.40
2037.42
339.57
0.00
0.00
0.00
0.00
0.00
339.57
4414.41
9847.54
10187.11
6791.40
2037.42
339.57
0.00
0.00
0.00
0.00
0.00
339.57
4414.41
9847.54
10187.11
6791.40
2037.42
339.57
0.00
0.00
0.00
0.00
0.00
339.57
4414.41
9847.54
10187.11
6791.40
2037.42
339.57
0.00
0.00
0.00
0.00
0.00
339.57
4414.41
9847.54
10187.11
6791.40
2037.42
339.57
0.00
0.00
0.00
0.00
0.00
339.57
4414.41
9847.54
10187.11
6791.40
2037.42
339.57
0.00
0.00
0.00
0.00
0.00
339.57
4414.41
9847.54
10187.11
6791.40
2037.42
339.57
0.00
0.00
0.00
0.00
0.00
339.57
4414.41
9847.54
10187.11
6791.40
2037.42
339.57
0.00
0.00
0.00
0.00
0.00
339.57
4414.41
9847.54
10187.11
6791.40
2037.42
339.57
0.00
0.00
0.00
0.00
0.00
339.57
4414.41
9847.54
10187.11
6791.40
2037.42
339.57
0.00
0.00
0.00
0.00
0.00
339.57
4414.41
9847.54
10187.11
6791.40
2037.42
339.57
0.00
0.00
0.00
0.00
0.00
339.57
4414.41
9847.54
10187.11
6791.40
2037.42
339.57
0.00
0.00
0.00
0.00
0.00
339.57
4414.41
9847.54
10187.11
6791.40
2037.42
339.57
0.00
0.00
0.00
0.00
0.00
339.57
4414.41
9847.54
10187.11
6791.40
2037.42
339.57
0.00
0.00
0.00
0.00
0.00
339.57
4414.41
9847.54
10187.11
6791.40
2037.42
339.57
0.00
0.00
0.00
0.00
0.00
339.57
4414.41
9847.54
10187.11
6791.40
2037.42
339.57
0.00
0.00
0.00
0.00
0.00
339.57
4414.41
9847.54
10187.11
6791.40
2037.42
339.57
0.00
0.00
