start_date: 2019-01-31 24:00
end_date: 2060-12-31 24:00
timestep: 1 MONTH
units: acre-ft/month
scale: 1.000000
# Series Slot: ArizonaPriority4Schedules.Diversion_NorthBajaLLC [1 acre-ft/month]
30.40
30.40
30.40
30.40
30.44
30.44
30.44
30.44
30.40
30.40
30.40
30.40
30.40
30.40
30.40
30.40
30.44
30.44
30.44
30.44
30.40
30.40
30.40
30.40
30.60
30.60
30.60
30.60
30.64
30.64
30.64
30.64
30.60
30.60
30.60
30.60
30.80
30.80
30.80
30.80
30.84
30.84
30.84
30.84
30.80
30.80
30.80
30.80
31.00
31.00
31.00
31.00
31.04
31.04
31.04
31.04
31.00
31.00
31.00
31.00
31.20
31.20
31.20
31.20
31.24
31.24
31.24
31.24
31.20
31.20
31.20
31.20
31.40
31.40
31.40
31.40
31.44
31.44
31.44
31.44
31.40
31.40
31.40
31.40
31.60
31.60
31.60
31.60
31.64
31.64
31.64
31.64
31.60
31.60
31.60
31.60
31.80
31.80
31.80
31.80
31.84
31.84
31.84
31.84
31.80
31.80
31.80
31.80
32.00
32.00
32.00
32.00
32.04
32.04
32.04
32.04
32.00
32.00
32.00
32.00
32.20
32.20
32.20
32.20
32.24
32.24
32.24
32.24
32.20
32.20
32.20
32.20
32.40
32.40
32.40
32.40
32.44
32.44
32.44
32.44
32.40
32.40
32.40
32.40
32.40
32.40
32.40
32.40
32.44
32.44
32.44
32.44
32.40
32.40
32.40
32.40
32.40
32.40
32.40
32.40
32.44
32.44
32.44
32.44
32.40
32.40
32.40
32.40
32.40
32.40
32.40
32.40
32.44
32.44
32.44
32.44
32.40
32.40
32.40
32.40
32.40
32.40
32.40
32.40
32.44
32.44
32.44
32.44
32.40
32.40
32.40
32.40
32.40
32.40
32.40
32.40
32.44
32.44
32.44
32.44
32.40
32.40
32.40
32.40
32.40
32.40
32.40
32.40
32.44
32.44
32.44
32.44
32.40
32.40
32.40
32.40
32.40
32.40
32.40
32.40
32.44
32.44
32.44
32.44
32.40
32.40
32.40
32.40
32.40
32.40
32.40
32.40
32.44
32.44
32.44
32.44
32.40
32.40
32.40
32.40
32.40
32.40
32.40
32.40
32.44
32.44
32.44
32.44
32.40
32.40
32.40
32.40
32.40
32.40
32.40
32.40
32.44
32.44
32.44
32.44
32.40
32.40
32.40
32.40
32.40
32.40
32.40
32.40
32.44
32.44
32.44
32.44
32.40
32.40
32.40
32.40
32.40
32.40
32.40
32.40
32.44
32.44
32.44
32.44
32.40
32.40
32.40
32.40
32.40
32.40
32.40
32.40
32.44
32.44
32.44
32.44
32.40
32.40
32.40
32.40
32.40
32.40
32.40
32.40
32.44
32.44
32.44
32.44
32.40
32.40
32.40
32.40
32.40
32.40
32.40
32.40
32.44
32.44
32.44
32.44
32.40
32.40
32.40
32.40
32.40
32.40
32.40
32.40
32.44
32.44
32.44
32.44
32.40
32.40
32.40
32.40
32.40
32.40
32.40
32.40
32.44
32.44
32.44
32.44
32.40
32.40
32.40
32.40
32.40
32.40
32.40
32.40
32.44
32.44
32.44
32.44
32.40
32.40
32.40
32.40
32.40
32.40
32.40
32.40
32.44
32.44
32.44
32.44
32.40
32.40
32.40
32.40
32.40
32.40
32.40
32.40
32.44
32.44
32.44
32.44
32.40
32.40
32.40
32.40
32.40
32.40
32.40
32.40
32.44
32.44
32.44
32.44
32.40
32.40
32.40
32.40
32.40
32.40
32.40
32.40
32.44
32.44
32.44
32.44
32.40
32.40
32.40
32.40
32.40
32.40
32.40
32.40
32.44
32.44
32.44
32.44
32.40
32.40
32.40
32.40
32.40
32.40
32.40
32.40
32.44
32.44
32.44
32.44
32.40
32.40
32.40
32.40
32.40
32.40
32.40
32.40
32.44
32.44
32.44
32.44
32.40
32.40
32.40
32.40
32.40
32.40
32.40
32.40
32.44
32.44
32.44
32.44
32.40
32.40
32.40
32.40
32.40
32.40
32.40
32.40
32.44
32.44
32.44
32.44
32.40
32.40
32.40
32.40
32.40
32.40
32.40
32.40
32.44
32.44
32.44
32.44
32.40
32.40
32.40
32.40
32.40
32.40
32.40
32.40
32.44
32.44
32.44
32.44
32.40
32.40
32.40
32.40
32.40
32.40
32.40
32.40
32.44
32.44
32.44
32.44
32.40
32.40
32.40
32.40
