start_date: 2019-01-31 24:00
end_date: 2060-12-31 24:00
timestep: 1 MONTH
units: acre-ft/month
scale: 1.000000
# Series Slot: UT Schedules.SanRafaelAg_SanRafaelAgricultureCurr_Diversion Requested [1 acre-ft/month]
0.00
0.00
689.28
8960.65
19989.14
20678.42
13785.62
4135.68
689.28
0.00
0.00
0.00
0.00
0.00
687.96
8943.51
19950.90
20638.86
13759.24
4127.77
687.96
0.00
0.00
0.00
0.00
0.00
684.98
8904.74
19864.41
20549.39
13699.60
4109.88
684.98
0.00
0.00
0.00
0.00
0.00
682.00
8865.97
19777.93
20459.93
13639.95
4091.99
682.00
0.00
0.00
0.00
0.00
0.00
679.02
8827.20
19691.45
20370.46
13580.31
4074.09
679.02
0.00
0.00
0.00
0.00
0.00
676.03
8788.43
19604.96
20281.00
13520.66
4056.20
676.03
0.00
0.00
0.00
0.00
0.00
673.05
8749.66
19518.48
20191.53
13461.02
4038.31
673.05
0.00
0.00
0.00
0.00
0.00
670.07
8710.89
19432.00
20102.06
13401.38
4020.41
670.07
0.00
0.00
0.00
0.00
0.00
667.09
8672.13
19345.51
20012.60
13341.73
4002.52
667.09
0.00
0.00
0.00
0.00
0.00
664.10
8633.36
19259.03
19923.13
13282.09
3984.63
664.10
0.00
0.00
0.00
0.00
0.00
661.12
8594.59
19172.54
19833.67
13222.44
3966.73
661.12
0.00
0.00
0.00
0.00
0.00
658.14
8555.82
19086.06
19744.20
13162.80
3948.84
658.14
0.00
0.00
0.00
0.00
0.00
658.82
8564.62
19105.70
19764.51
13176.34
3952.90
658.82
0.00
0.00
0.00
0.00
0.00
659.49
8573.42
19125.33
19784.82
13189.88
3956.96
659.49
0.00
0.00
0.00
0.00
0.00
660.17
8582.23
19144.97
19805.14
13203.42
3961.03
660.17
0.00
0.00
0.00
0.00
0.00
660.85
8591.03
19164.60
19825.45
13216.97
3965.09
660.85
0.00
0.00
0.00
0.00
0.00
661.53
8599.83
19184.24
19845.76
13230.51
3969.15
661.53
0.00
0.00
0.00
0.00
0.00
662.20
8608.63
19203.87
19866.07
13244.05
3973.21
662.20
0.00
0.00
0.00
0.00
0.00
662.88
8617.43
19223.51
19886.39
13257.59
3977.28
662.88
0.00
0.00
0.00
0.00
0.00
663.56
8626.24
19243.14
19906.70
13271.13
3981.34
663.56
0.00
0.00
0.00
0.00
0.00
664.23
8635.04
19262.78
19927.01
13284.67
3985.40
664.23
0.00
0.00
0.00
0.00
0.00
664.91
8643.84
19282.41
19947.32
13298.22
3989.46
664.91
0.00
0.00
0.00
0.00
0.00
662.01
8606.18
19198.40
19860.41
13240.28
3972.08
662.01
0.00
0.00
0.00
0.00
0.00
659.12
8568.52
19114.38
19773.50
13182.33
3954.70
659.12
0.00
0.00
0.00
0.00
0.00
656.22
8530.86
19030.37
19686.59
13124.39
3937.32
656.22
0.00
0.00
0.00
0.00
0.00
653.32
8493.19
18946.36
19599.68
13066.45
3919.94
653.32
0.00
0.00
0.00
0.00
0.00
650.43
8455.53
18862.34
19512.77
13008.51
3902.55
650.43
0.00
0.00
0.00
0.00
0.00
647.53
8417.87
18778.33
19425.86
12950.57
3885.17
647.53
0.00
0.00
0.00
0.00
0.00
644.63
8380.21
18694.31
19338.95
12892.63
3867.79
644.63
0.00
0.00
0.00
0.00
0.00
641.73
8342.55
18610.30
19252.03
12834.69
3850.41
641.73
0.00
0.00
0.00
0.00
0.00
638.84
8304.89
18526.29
19165.12
12776.75
3833.02
638.84
0.00
0.00
0.00
0.00
0.00
635.94
8267.23
18442.27
19078.21
12718.81
3815.64
635.94
0.00
0.00
0.00
0.00
0.00
632.86
8227.18
18352.95
18985.81
12657.20
3797.16
632.86
0.00
0.00
0.00
0.00
0.00
629.78
8187.14
18263.62
18893.40
12595.60
3778.68
629.78
0.00
0.00
0.00
0.00
0.00
626.70
8147.10
18174.29
18800.99
12533.99
3760.20
626.70
0.00
0.00
0.00
0.00
0.00
623.62
8107.05
18084.97
18708.59
12472.39
3741.72
623.62
0.00
0.00
0.00
0.00
0.00
620.54
8067.01
17995.64
18616.18
12410.79
3723.24
620.54
0.00
0.00
0.00
0.00
0.00
617.46
8026.97
17906.31
18523.77
12349.18
3704.75
617.46
0.00
0.00
0.00
0.00
0.00
614.38
7986.93
17816.99
18431.37
12287.58
3686.27
614.38
0.00
0.00
0.00
0.00
0.00
611.30
7946.88
17727.66
18338.96
12225.97
3667.79
611.30
0.00
0.00
0.00
0.00
0.00
608.22
7906.84
17638.33
18246.55
12164.37
3649.31
608.22
0.00
0.00
0.00
0.00
0.00
605.14
7866.80
17549.01
18154.15
12102.76
3630.83
605.14
0.00
0.00
0.00
