start_date: 2019-01-31 24:00
end_date: 2060-12-31 24:00
timestep: 1 MONTH
units: acre-ft/month
scale: 1.000000
# Series Slot: UT Schedules.UpalcoUintaBonnUtes_NewIndianLandsUte_Diversion Requested [1 acre-ft/month]
0.00
0.00
0.00
912.04
2964.14
5016.24
5928.29
4332.21
2964.14
684.03
0.00
0.00
0.00
0.00
0.00
960.00
3120.00
5280.00
6240.00
4560.00
3120.00
720.00
0.00
0.00
0.00
0.00
0.00
1008.00
3276.00
5544.01
6552.01
4788.01
3276.00
756.00
0.00
0.00
0.00
0.00
0.00
1056.00
3432.01
5808.01
6864.01
5016.01
3432.01
792.00
0.00
0.00
0.00
0.00
0.00
1104.00
3588.01
6072.02
7176.02
5244.02
3588.01
828.00
0.00
0.00
0.00
0.00
0.00
1152.00
3744.01
6336.02
7488.03
5472.02
3744.01
864.00
0.00
0.00
0.00
0.00
0.00
1200.01
3900.02
6600.03
7800.04
5700.03
3900.02
900.00
0.00
0.00
0.00
0.00
0.00
1248.00
4056.01
6864.02
8112.03
5928.02
4056.01
936.00
0.00
0.00
0.00
0.00
0.00
1296.00
4212.01
7128.02
8424.02
6156.02
4212.01
972.00
0.00
0.00
0.00
0.00
0.00
1344.00
4368.01
7392.01
8736.01
6384.01
4368.01
1008.00
0.00
0.00
0.00
0.00
0.00
1392.00
4524.00
7656.01
9048.01
6612.01
4524.00
1044.00
0.00
0.00
0.00
0.00
0.00
1440.00
4680.00
7920.00
9360.00
6840.00
4680.00
1080.00
0.00
0.00
0.00
0.00
0.00
1512.00
4914.00
8316.00
9828.00
7182.00
4914.00
1134.00
0.00
0.00
0.00
0.00
0.00
1584.00
5148.00
8712.00
10296.00
7524.00
5148.00
1188.00
0.00
0.00
0.00
0.00
0.00
1656.00
5382.00
9108.00
10764.00
7866.00
5382.00
1242.00
0.00
0.00
0.00
0.00
0.00
1728.00
5616.00
9504.00
11232.00
8208.00
5616.00
1296.00
0.00
0.00
0.00
0.00
0.00
1800.00
5850.00
9900.00
11700.00
8550.00
5850.00
1350.00
0.00
0.00
0.00
0.00
0.00
1872.00
6084.00
10296.00
12168.00
8892.00
6084.00
1404.00
0.00
0.00
0.00
0.00
0.00
1944.00
6318.00
10692.00
12636.00
9234.00
6318.00
1458.00
0.00
0.00
0.00
0.00
0.00
2016.00
6552.00
11088.00
13104.00
9576.00
6552.00
1512.00
0.00
0.00
0.00
0.00
0.00
2088.00
6786.00
11484.00
13572.00
9918.00
6786.00
1566.00
0.00
0.00
0.00
0.00
0.00
2160.00
7020.00
11880.00
14040.00
10260.00
7020.00
1620.00
0.00
0.00
0.00
0.00
0.00
2160.00
7020.00
11880.00
14040.00
10260.00
7020.00
1620.00
0.00
0.00
0.00
0.00
0.00
2160.00
7020.00
11880.00
14040.00
10260.00
7020.00
1620.00
0.00
0.00
0.00
0.00
0.00
2160.00
7020.00
11880.00
14040.00
10260.00
7020.00
1620.00
0.00
0.00
0.00
0.00
0.00
2160.00
7020.00
11880.00
14040.00
10260.00
7020.00
1620.00
0.00
0.00
0.00
0.00
0.00
2160.00
7020.00
11880.00
14040.00
10260.00
7020.00
1620.00
0.00
0.00
0.00
0.00
0.00
2160.00
7020.00
11880.00
14040.00
10260.00
7020.00
1620.00
0.00
0.00
0.00
0.00
0.00
2160.00
7020.00
11880.00
14040.00
10260.00
7020.00
1620.00
0.00
0.00
0.00
0.00
0.00
2160.00
7020.00
11880.00
14040.00
10260.00
7020.00
1620.00
0.00
0.00
0.00
0.00
0.00
2160.00
7020.00
11880.00
14040.00
10260.00
7020.00
1620.00
0.00
0.00
0.00
0.00
0.00
2160.00
7020.00
11880.00
14040.00
10260.00
7020.00
1620.00
0.00
0.00
0.00
0.00
0.00
2160.00
7020.00
11880.00
14040.00
10260.00
7020.00
1620.00
0.00
0.00
0.00
0.00
0.00
2160.00
7020.00
11880.00
14040.00
10260.00
7020.00
1620.00
0.00
0.00
0.00
0.00
0.00
2160.00
7020.00
11880.00
14040.00
10260.00
7020.00
1620.00
0.00
0.00
0.00
0.00
0.00
2160.00
7020.00
11880.00
14040.00
10260.00
7020.00
1620.00
0.00
0.00
0.00
0.00
0.00
2160.00
7020.00
11880.00
14040.00
10260.00
7020.00
1620.00
0.00
0.00
0.00
0.00
0.00
2160.00
7020.00
11880.00
14040.00
10260.00
7020.00
1620.00
0.00
0.00
0.00
0.00
0.00
2160.00
7020.00
11880.00
14040.00
10260.00
7020.00
1620.00
0.00
0.00
0.00
0.00
0.00
2160.00
7020.00
11880.00
14040.00
10260.00
7020.00
1620.00
0.00
0.00
0.00
0.00
0.00
2160.00
7020.00
11880.00
14040.00
10260.00
7020.00
1620.00
0.00
0.00
0.00
0.00
0.00
2160.00
7020.00
11880.00
14040.00
10260.00
7020.00
1620.00
0.00
0.00
