start_date: 2019-01-31 24:00
end_date: 2060-12-31 24:00
timestep: 1 MONTH
units: acre-ft/month
scale: 1.000000
# Series Slot: UT Schedules.UtahAgUses_UteIndianCompactWhite_Depletion Requested [1 acre-ft/month]
152.00
152.00
152.00
760.00
3040.00
3192.00
3800.00
2584.00
912.00
304.00
0.00
152.00
160.00
160.00
160.00
800.00
3200.00
3360.00
4000.00
2720.00
960.00
320.00
0.00
160.00
168.00
168.00
168.00
840.00
3360.00
3528.00
4200.00
2856.00
1008.00
336.00
0.00
168.00
176.00
176.00
176.00
880.00
3520.00
3696.00
4400.00
2992.00
1056.00
352.00
0.00
176.00
184.00
184.00
184.00
920.00
3680.00
3864.00
4600.00
3128.00
1104.00
368.00
0.00
184.00
192.00
192.00
192.00
960.00
3840.00
4032.00
4800.00
3264.00
1152.00
384.00
0.00
192.00
200.00
200.00
200.00
1000.00
4000.00
4200.00
5000.00
3400.00
1200.00
400.00
0.00
200.00
216.00
216.00
216.00
1080.00
4320.00
4536.00
5400.00
3672.00
1296.00
432.00
0.00
216.00
232.00
232.00
232.00
1160.00
4640.00
4872.00
5800.00
3944.00
1392.00
464.00
0.00
232.00
248.00
248.00
248.00
1240.00
4960.00
5208.00
6200.00
4216.00
1488.00
496.00
0.00
248.00
264.00
264.00
264.00
1320.00
5280.00
5544.00
6600.00
4488.00
1584.00
528.00
0.00
264.00
280.00
280.00
280.00
1400.00
5600.00
5880.00
7000.00
4760.00
1680.00
560.00
0.00
280.00
283.00
283.00
283.00
1415.00
5660.00
5943.00
7075.00
4811.00
1698.00
566.00
0.00
283.00
286.00
286.00
286.00
1430.00
5720.00
6006.00
7150.00
4862.00
1716.00
572.00
0.00
286.00
289.00
289.00
289.00
1445.00
5780.00
6069.00
7225.00
4913.00
1734.00
578.00
0.00
289.00
292.00
292.00
292.00
1460.00
5840.00
6132.00
7300.00
4964.00
1752.00
584.00
0.00
292.00
295.00
295.00
295.00
1475.00
5900.00
6195.00
7375.00
5015.00
1770.00
590.00
0.00
295.00
298.00
298.00
298.00
1490.00
5960.00
6258.00
7450.00
5066.00
1788.00
596.00
0.00
298.00
301.00
301.00
301.00
1505.00
6020.00
6321.00
7525.00
5117.00
1806.00
602.00
0.00
301.00
304.00
304.00
304.00
1520.00
6080.00
6384.00
7600.00
5168.00
1824.00
608.00
0.00
304.00
307.00
307.00
307.00
1535.00
6140.00
6447.00
7675.00
5219.00
1842.00
614.00
0.00
307.00
310.00
310.00
310.00
1550.00
6200.00
6510.00
7750.00
5270.00
1860.00
620.00
0.00
310.00
310.00
310.00
310.00
1550.00
6200.00
6510.00
7750.00
5270.00
1860.00
620.00
0.00
310.00
310.00
310.00
310.00
1550.00
6200.00
6510.00
7750.00
5270.00
1860.00
620.00
0.00
310.00
310.00
310.00
310.00
1550.00
6200.00
6510.00
7750.00
5270.00
1860.00
620.00
0.00
310.00
310.00
310.00
310.00
1550.00
6200.00
6510.00
7750.00
5270.00
1860.00
620.00
0.00
310.00
310.00
310.00
310.00
1550.00
6200.00
6510.00
7750.00
5270.00
1860.00
620.00
0.00
310.00
310.00
310.00
310.00
1550.00
6200.00
6510.00
7750.00
5270.00
1860.00
620.00
0.00
310.00
310.00
310.00
310.00
1550.00
6200.00
6510.00
7750.00
5270.00
1860.00
620.00
0.00
310.00
310.00
310.00
310.00
1550.00
6200.00
6510.00
7750.00
5270.00
1860.00
620.00
0.00
310.00
310.00
310.00
310.00
1550.00
6200.00
6510.00
7750.00
5270.00
1860.00
620.00
0.00
310.00
310.00
310.00
310.00
1550.00
6200.00
6510.00
7750.00
5270.00
1860.00
620.00
0.00
310.00
310.00
310.00
310.00
1550.00
6200.00
6510.00
7750.00
5270.00
1860.00
620.00
0.00
310.00
310.00
310.00
310.00
1550.00
6200.00
6510.00
7750.00
5270.00
1860.00
620.00
0.00
310.00
310.00
310.00
310.00
1550.00
6200.00
6510.00
7750.00
5270.00
1860.00
620.00
0.00
310.00
310.00
310.00
310.00
1550.00
6200.00
6510.00
7750.00
5270.00
1860.00
620.00
0.00
310.00
310.00
310.00
310.00
1550.00
6200.00
6510.00
7750.00
5270.00
1860.00
620.00
0.00
310.00
310.00
310.00
310.00
1550.00
6200.00
6510.00
7750.00
5270.00
1860.00
620.00
0.00
310.00
310.00
310.00
310.00
1550.00
6200.00
6510.00
7750.00
5270.00
1860.00
620.00
0.00
310.00
310.00
310.00
310.00
1550.00
6200.00
6510.00
7750.00
5270.00
1860.00
620.00
0.00
310.00
310.00
310.00
310.00
1550.00
6200.00
6510.00
7750.00
5270.00
1860.00
620.00
0.00
310.00
310.00
310.00
310.00
1550.00
6200.00
6510.00
7750.00
5270.00
1860.00
620.00
0.00
310.00
