# Array shape: (2, 2, 21, 21)
1.000000 0.000000 0.000000 0.000000 0.000000 0.000000 0.000000 0.000000 0.000000 0.000000 0.000000 0.000000 0.000000 0.000000 0.000000 0.000000 0.000000 0.000000 0.000000 0.000000 0.000000
0.727273 0.272727 0.000000 0.000000 0.000000 0.000000 0.000000 0.000000 0.000000 0.000000 0.000000 0.000000 0.000000 0.000000 0.000000 0.000000 0.000000 0.000000 0.000000 0.000000 0.000000
0.166667 0.500000 0.333333 0.000000 0.000000 0.000000 0.000000 0.000000 0.000000 0.000000 0.000000 0.000000 0.000000 0.000000 0.000000 0.000000 0.000000 0.000000 0.000000 0.000000 0.000000
0.050000 0.200000 0.500000 0.250000 0.000000 0.000000 0.000000 0.000000 0.000000 0.000000 0.000000 0.000000 0.000000 0.000000 0.000000 0.000000 0.000000 0.000000 0.000000 0.000000 0.000000
0.041667 0.083333 0.250000 0.500000 0.125000 0.000000 0.000000 0.000000 0.000000 0.000000 0.000000 0.000000 0.000000 0.000000 0.000000 0.000000 0.000000 0.000000 0.000000 0.000000 0.000000
0.026316 0.026316 0.052632 0.184211 0.500000 0.210526 0.000000 0.000000 0.000000 0.000000 0.000000 0.000000 0.000000 0.000000 0.000000 0.000000 0.000000 0.000000 0.000000 0.000000 0.000000
0.024390 0.024390 0.024390 0.073171 0.146341 0.634146 0.073171 0.000000 0.000000 0.000000 0.000000 0.000000 0.000000 0.000000 0.000000 0.000000 0.000000 0.000000 0.000000 0.000000 0.000000
0.015152 0.015152 0.015152 0.030303 0.015152 0.257576 0.424242 0.227273 0.000000 0.000000 0.000000 0.000000 0.000000 0.000000 0.000000 0.000000 0.000000 0.000000 0.000000 0.000000 0.000000
0.018182 0.018182 0.018182 0.036364 0.054545 0.072727 0.200000 0.509091 0.072727 0.000000 0.000000 0.000000 0.000000 0.000000 0.000000 0.000000 0.000000 0.000000 0.000000 0.000000 0.000000
0.011111 0.011111 0.011111 0.022222 0.022222 0.011111 0.066667 0.177778 0.500000 0.166667 0.000000 0.000000 0.000000 0.000000 0.000000 0.000000 0.000000 0.000000 0.000000 0.000000 0.000000
0.010638 0.010638 0.010638 0.010638 0.010638 0.010638 0.010638 0.021277 0.244681 0.500000 0.159574 0.000000 0.000000 0.000000 0.000000 0.000000 0.000000 0.000000 0.000000 0.000000 0.000000
0.012195 0.012195 0.012195 0.012195 0.012195 0.024390 0.012195 0.073171 0.085366 0.182927 0.414634 0.146341 0.000000 0.000000 0.000000 0.000000 0.000000 0.000000 0.000000 0.000000 0.000000
0.015625 0.015625 0.015625 0.015625 0.015625 0.015625 0.031250 0.015625 0.015625 0.062500 0.250000 0.328125 0.203125 0.000000 0.000000 0.000000 0.000000 0.000000 0.000000 0.000000 0.000000
0.019608 0.019608 0.019608 0.019608 0.019608 0.019608 0.019608 0.019608 0.039216 0.039216 0.117647 0.156863 0.411765 0.078431 0.000000 0.000000 0.000000 0.000000 0.000000 0.000000 0.000000
0.031250 0.031250 0.031250 0.031250 0.031250 0.031250 0.031250 0.031250 0.031250 0.062500 0.062500 0.062500 0.093750 0.312500 0.125000 0.000000 0.000000 0.000000 0.000000 0.000000 0.000000
0.052632 0.052632 0.052632 0.052632 0.052632 0.052632 0.052632 0.052632 0.052632 0.052632 0.052632 0.052632 0.052632 0.105263 0.052632 0.157895 0.000000 0.000000 0.000000 0.000000 0.000000
0.058824 0.058824 0.058824 0.058824 0.058824 0.058824 0.058824 0.058824 0.058824 0.058824 0.058824 0.058824 0.058824 0.058824 0.058824 0.058824 0.058824 0.000000 0.000000 0.000000 0.000000
0.041667 0.041667 0.041667 0.041667 0.041667 0.041667 0.041667 0.041667 0.041667 0.041667 0.041667 0.041667 0.041667 0.041667 0.041667 0.166667 0.125000 0.083333 0.000000 0.000000 0.000000
0.050000 0.050000 0.050000 0.050000 0.050000 0.050000 0.050000 0.050000 0.050000 0.050000 0.050000 0.050000 0.050000 0.050000 0.050000 0.050000 0.100000 0.050000 0.050000 0.000000 0.000000
0.050000 0.050000 0.050000 0.050000 0.050000 0.050000 0.050000 0.050000 0.050000 0.050000 0.050000 0.050000 0.050000 0.050000 0.050000 0.050000 0.050000 0.050000 0.050000 0.050000 0.000000
0.041667 0.041667 0.041667 0.041667 0.041667 0.041667 0.041667 0.041667 0.041667 0.041667 0.041667 0.041667 0.041667 0.041667 0.041667 0.083333 0.041667 0.083333 0.041667 0.083333 0.041667
# New slice
0.129032 0.193548 0.096774 0.032258 0.032258 0.032258 0.032258 0.032258 0.032258 0.032258 0.032258 0.032258 0.032258 0.032258 0.032258 0.032258 0.032258 0.032258 0.032258 0.032258 0.032258
0.000000 0.045455 0.136364 0.045455 0.045455 0.045455 0.045455 0.045455 0.045455 0.045455 0.045455 0.045455 0.045455 0.045455 0.045455 0.045455 0.045455 0.045455 0.045455 0.045455 0.045455
0.000000 0.000000 0.214286 0.309524 0.071429 0.047619 0.023810 0.023810 0.023810 0.023810 0.023810 0.023810 0.023810 0.023810 0.023810 0.023810 0.023810 0.023810 0.023810 0.023810 0.023810
0.000000 0.000000 0.025000 0.125000 0.375000 0.075000 0.050000 0.025000 0.025000 0.025000 0.025000 0.025000 0.025000 0.025000 0.025000 0.025000 0.025000 0.025000 0.025000 0.025000 0.025000
0.000000 0.000000 0.015385 0.000000 0.076923 0.507692 0.184615 0.015385 0.015385 0.015385 0.015385 0.015385 0.015385 0.015385 0.015385 0.015385 0.015385 0.015385 0.015385 0.015385 0.015385
0.000000 0.000000 0.000000 0.009709 0.009709 0.213592 0.514563 0.106796 0.029126 0.009709 0.009709 0.009709 0.009709 0.009709 0.009709 0.009709 0.009709 0.009709 0.009709 0.009709 0.009709
0.000000 0.000000 0.000000 0.000000 0.000000 0.024000 0.232000 0.448000 0.168000 0.040000 0.008000 0.008000 0.008000 0.008000 0.008000 0.008000 0.008000 0.008000 0.008000 0.008000 0.008000
0.000000 0.000000 0.000000 0.000000 0.007246 0.014493 0.021739 0.195652 0.492754 0.181159 0.014493 0.007246 0.007246 0.007246 0.007246 0.007246 0.007246 0.007246 0.007246 0.007246 0.007246
0.000000 0.000000 0.000000 0.000000 0.033557 0.000000 0.000000 0.020134 0.201342 0.463087 0.214765 0.006711 0.006711 0.006711 0.006711 0.006711 0.006711 0.006711 0.006711 0.006711 0.006711
0.000000 0.000000 0.000000 0.000000 0.011834 0.017751 0.023669 0.029586 0.005917 0.254438 0.437870 0.147929 0.023669 0.005917 0.005917 0.005917 0.005917 0.005917 0.005917 0.005917 0.005917
0.000000 0.000000 0.000000 0.000000 0.000000 0.000000 0.026087 0.026087 0.017391 0.043478 0.243478 0.443478 0.113043 0.026087 0.008696 0.008696 0.008696 0.008696 0.008696 0.008696 0.008696
0.000000 0.000000 0.000000 0.000000 0.000000 0.000000 0.022727 0.022727 0.011364 0.045455 0.045455 0.250000 0.375000 0.113636 0.045455 0.011364 0.011364 0.011364 0.011364 0.011364 0.011364
0.000000 0.000000 0.000000 0.000000 0.000000 0.016667 0.000000 0.016667 0.016667 0.016667 0.016667 0.083333 0.200000 0.400000 0.116667 0.033333 0.016667 0.016667 0.016667 0.016667 0.016667
0.000000 0.000000 0.000000 0.000000 0.000000 0.000000 0.022222 0.022222 0.022222 0.022222 0.044444 0.022222 0.044444 0.133333 0.422222 0.111111 0.044444 0.022222 0.022222 0.022222 0.022222
0.000000 0.000000 0.000000 0.000000 0.000000 0.000000 0.000000 0.025641 0.000000 0.000000 0.000000 0.000000 0.076923 0.102564 0.282051 0.333333 0.051282 0.051282 0.025641 0.025641 0.025641
0.000000 0.000000 0.000000 0.000000 0.000000 0.000000 0.000000 0.000000 0.000000 0.000000 0.000000 0.000000 0.000000 0.071429 0.071429 0.428571 0.178571 0.142857 0.035714 0.035714 0.035714
0.000000 0.000000 0.000000 0.000000 0.000000 0.000000 0.000000 0.000000 0.062500 0.000000 0.000000 0.000000 0.000000 0.062500 0.062500 0.000000 0.250000 0.312500 0.125000 0.062500 0.062500
0.000000 0.000000 0.000000 0.000000 0.000000 0.000000 0.000000 0.000000 0.000000 0.000000 0.000000 0.000000 0.000000 0.000000 0.000000 0.000000 0.000000 0.142857 0.428571 0.285714 0.142857
0.000000 0.000000 0.000000 0.000000 0.000000 0.000000 0.000000 0.000000 0.000000 0.000000 0.000000 0.000000 0.000000 0.000000 0.000000 0.000000 0.000000 0.000000 0.400000 0.400000 0.200000
0.000000 0.000000 0.000000 0.000000 0.000000 0.000000 0.000000 0.000000 0.000000 0.000000 0.000000 0.000000 0.000000 0.000000 0.000000 0.000000 0.000000 0.000000 0.166667 0.333333 0.500000
0.000000 0.000000 0.000000 0.000000 0.000000 0.000000 0.000000 0.000000 0.000000 0.000000 0.000000 0.000000 0.000000 0.000000 0.000000 0.000000 0.000000 0.000000 0.000000 0.000000 1.000000
# New slice
1.000000 0.000000 0.000000 0.000000 0.000000 0.000000 0.000000 0.000000 0.000000 0.000000 0.000000 0.000000 0.000000 0.000000 0.000000 0.000000 0.000000 0.000000 0.000000 0.000000 0.000000
0.600000 0.400000 0.000000 0.000000 0.000000 0.000000 0.000000 0.000000 0.000000 0.000000 0.000000 0.000000 0.000000 0.000000 0.000000 0.000000 0.000000 0.000000 0.000000 0.000000 0.000000
0.166667 0.500000 0.333333 0.000000 0.000000 0.000000 0.000000 0.000000 0.000000 0.000000 0.000000 0.000000 0.000000 0.000000 0.000000 0.000000 0.000000 0.000000 0.000000 0.000000 0.000000
0.052632 0.157895 0.473684 0.315789 0.000000 0.000000 0.000000 0.000000 0.000000 0.000000 0.000000 0.000000 0.000000 0.000000 0.000000 0.000000 0.000000 0.000000 0.000000 0.000000 0.000000
0.041667 0.083333 0.375000 0.333333 0.166667 0.000000 0.000000 0.000000 0.000000 0.000000 0.000000 0.000000 0.000000 0.000000 0.000000 0.000000 0.000000 0.000000 0.000000 0.000000 0.000000
0.018182 0.018182 0.054545 0.218182 0.490909 0.200000 0.000000 0.000000 0.000000 0.000000 0.000000 0.000000 0.000000 0.000000 0.000000 0.000000 0.000000 0.000000 0.000000 0.000000 0.000000
0.015385 0.015385 0.046154 0.030769 0.153846 0.600000 0.138462 0.000000 0.000000 0.000000 0.000000 0.000000 0.000000 0.000000 0.000000 0.000000 0.000000 0.000000 0.000000 0.000000 0.000000
0.015625 0.015625 0.015625 0.015625 0.062500 0.296875 0.484375 0.093750 0.000000 0.000000 0.000000 0.000000 0.000000 0.000000 0.000000 0.000000 0.000000 0.000000 0.000000 0.000000 0.000000
0.008929 0.008929 0.008929 0.008929 0.026786 0.071429 0.223214 0.500000 0.142857 0.000000 0.000000 0.000000 0.000000 0.000000 0.000000 0.000000 0.000000 0.000000 0.000000 0.000000 0.000000
0.007937 0.007937 0.007937 0.007937 0.007937 0.007937 0.055556 0.222222 0.492063 0.182540 0.000000 0.000000 0.000000 0.000000 0.000000 0.000000 0.000000 0.000000 0.000000 0.000000 0.000000
0.010101 0.010101 0.010101 0.010101 0.020202 0.030303 0.010101 0.101010 0.212121 0.393939 0.191919 0.000000 0.000000 0.000000 0.000000 0.000000 0.000000 0.000000 0.000000 0.000000 0.000000
0.010309 0.010309 0.010309 0.010309 0.030928 0.010309 0.030928 0.030928 0.020619 0.195876 0.484536 0.154639 0.000000 0.000000 0.000000 0.000000 0.000000 0.000000 0.000000 0.000000 0.000000
0.011905 0.011905 0.011905 0.011905 0.011905 0.011905 0.011905 0.011905 0.035714 0.107143 0.226190 0.392857 0.142857 0.000000 0.000000 0.000000 0.000000 0.000000 0.000000 0.000000 0.000000
0.021277 0.021277 0.021277 0.021277 0.021277 0.021277 0.021277 0.042553 0.021277 0.021277 0.106383 0.148936 0.319149 0.191489 0.000000 0.000000 0.000000 0.000000 0.000000 0.000000 0.000000
0.016393 0.016393 0.016393 0.016393 0.016393 0.016393 0.016393 0.016393 0.016393 0.016393 0.049180 0.065574 0.180328 0.360656 0.180328 0.000000 0.000000 0.000000 0.000000 0.000000 0.000000
0.022222 0.022222 0.022222 0.022222 0.022222 0.022222 0.022222 0.022222 0.022222 0.022222 0.022222 0.044444 0.044444 0.222222 0.222222 0.222222 0.000000 0.000000 0.000000 0.000000 0.000000
0.038462 0.038462 0.038462 0.038462 0.038462 0.038462 0.038462 0.038462 0.076923 0.038462 0.038462 0.038462 0.038462 0.076923 0.076923 0.115385 0.192308 0.000000 0.000000 0.000000 0.000000
0.043478 0.043478 0.043478 0.043478 0.043478 0.043478 0.043478 0.043478 0.043478 0.043478 0.043478 0.043478 0.043478 0.043478 0.086957 0.130435 0.086957 0.086957 0.000000 0.000000 0.000000
0.050000 0.050000 0.050000 0.050000 0.050000 0.050000 0.050000 0.050000 0.050000 0.050000 0.050000 0.050000 0.050000 0.050000 0.100000 0.050000 0.050000 0.050000 0.050000 0.000000 0.000000
0.050000 0.050000 0.050000 0.050000 0.050000 0.050000 0.050000 0.050000 0.050000 0.050000 0.050000 0.050000 0.050000 0.050000 0.050000 0.050000 0.050000 0.050000 0.050000 0.050000 0.000000
0.047619 0.047619 0.047619 0.047619 0.047619 0.047619 0.047619 0.047619 0.047619 0.047619 0.047619 0.047619 0.047619 0.047619 0.047619 0.047619 0.047619 0.047619 0.047619 0.047619 0.047619
# New slice
0.080000 0.120000 0.080000 0.040000 0.040000 0.040000 0.040000 0.040000 0.040000 0.040000 0.040000 0.040000 0.040000 0.040000 0.040000 0.040000 0.040000 0.040000 0.040000 0.040000 0.040000
0.000000 0.142857 0.314286 0.057143 0.028571 0.028571 0.028571 0.028571 0.028571 0.028571 0.028571 0.028571 0.028571 0.028571 0.028571 0.028571 0.028571 0.028571 0.028571 0.028571 0.028571
0.000000 0.016667 0.183333 0.416667 0.083333 0.050000 0.016667 0.016667 0.016667 0.016667 0.016667 0.016667 0.016667 0.016667 0.016667 0.016667 0.016667 0.016667 0.016667 0.016667 0.016667
0.000000 0.000000 0.013158 0.223684 0.355263 0.171053 0.052632 0.013158 0.013158 0.013158 0.013158 0.013158 0.013158 0.013158 0.013158 0.013158 0.013158 0.013158 0.013158 0.013158 0.013158
0.000000 0.000000 0.000000 0.000000 0.247312 0.333333 0.258065 0.010753 0.021505 0.010753 0.010753 0.010753 0.010753 0.010753 0.010753 0.010753 0.010753 0.010753 0.010753 0.010753 0.010753
0.000000 0.000000 0.007812 0.007812 0.000000 0.234375 0.437500 0.195312 0.023438 0.007812 0.007812 0.007812 0.007812 0.007812 0.007812 0.007812 0.007812 0.007812 0.007812 0.007812 0.007812
0.000000 0.000000 0.000000 0.006098 0.006098 0.006098 0.207317 0.512195 0.176829 0.018293 0.006098 0.006098 0.006098 0.006098 0.006098 0.006098 0.006098 0.006098 0.006098 0.006098 0.006098
0.000000 0.000000 0.000000 0.004762 0.009524 0.014286 0.019048 0.209524 0.442857 0.209524 0.042857 0.004762 0.004762 0.004762 0.004762 0.004762 0.004762 0.004762 0.004762 0.004762 0.004762
0.000000 0.000000 0.000000 0.000000 0.009615 0.014423 0.009615 0.043269 0.211538 0.480769 0.153846 0.028846 0.004808 0.009615 0.004808 0.004808 0.004808 0.004808 0.004808 0.004808 0.004808
0.000000 0.000000 0.000000 0.000000 0.000000 0.016949 0.011299 0.028249 0.028249 0.242938 0.423729 0.175141 0.022599 0.011299 0.005650 0.005650 0.005650 0.005650 0.005650 0.005650 0.005650
0.000000 0.000000 0.000000 0.000000 0.009662 0.009662 0.019324 0.000000 0.033816 0.048309 0.260870 0.454106 0.111111 0.014493 0.009662 0.004831 0.004831 0.004831 0.004831 0.004831 0.004831
0.000000 0.000000 0.000000 0.000000 0.000000 0.021583 0.014388 0.007194 0.000000 0.035971 0.043165 0.201439 0.460432 0.143885 0.028777 0.007194 0.007194 0.007194 0.007194 0.007194 0.007194
0.000000 0.000000 0.000000 0.000000 0.000000 0.000000 0.022989 0.000000 0.011494 0.022989 0.011494 0.080460 0.264368 0.413793 0.091954 0.022989 0.011494 0.011494 0.011494 0.011494 0.011494
0.000000 0.000000 0.000000 0.000000 0.000000 0.000000 0.013699 0.013699 0.000000 0.013699 0.027397 0.027397 0.068493 0.191781 0.424658 0.109589 0.041096 0.027397 0.013699 0.013699 0.013699
0.000000 0.000000 0.000000 0.000000 0.000000 0.000000 0.000000 0.000000 0.000000 0.000000 0.000000 0.062500 0.031250 0.000000 0.343750 0.343750 0.093750 0.031250 0.031250 0.031250 0.031250
0.000000 0.000000 0.000000 0.000000 0.000000 0.000000 0.000000 0.000000 0.000000 0.000000 0.000000 0.000000 0.045455 0.045455 0.136364 0.227273 0.318182 0.090909 0.045455 0.045455 0.045455
0.000000 0.000000 0.000000 0.000000 0.000000 0.000000 0.000000 0.000000 0.000000 0.000000 0.000000 0.000000 0.066667 0.066667 0.000000 0.066667 0.133333 0.400000 0.133333 0.066667 0.066667
0.000000 0.000000 0.000000 0.000000 0.000000 0.000000 0.000000 0.000000 0.000000 0.000000 0.000000 0.000000 0.000000 0.083333 0.000000 0.000000 0.000000 0.333333 0.250000 0.250000 0.083333
0.000000 0.000000 0.000000 0.000000 0.000000 0.000000 0.000000 0.000000 0.000000 0.000000 0.000000 0.000000 0.000000 0.000000 0.142857 0.000000 0.000000 0.142857 0.142857 0.428571 0.142857
0.000000 0.000000 0.000000 0.000000 0.000000 0.000000 0.000000 0.000000 0.000000 0.000000 0.111111 0.000000 0.000000 0.000000 0.000000 0.000000 0.111111 0.000000 0.000000 0.444444 0.333333
0.000000 0.000000 0.000000 0.000000 0.000000 0.000000 0.000000 0.000000 0.000000 0.000000 0.000000 0.000000 0.000000 0.000000 0.000000 0.000000 0.333333 0.000000 0.000000 0.000000 0.666667
# New slice
