# Array shape: (2, 2, 21, 21)
1.000000 0.000000 0.000000 0.000000 0.000000 0.000000 0.000000 0.000000 0.000000 0.000000 0.000000 0.000000 0.000000 0.000000 0.000000 0.000000 0.000000 0.000000 0.000000 0.000000 0.000000
0.500000 0.500000 0.000000 0.000000 0.000000 0.000000 0.000000 0.000000 0.000000 0.000000 0.000000 0.000000 0.000000 0.000000 0.000000 0.000000 0.000000 0.000000 0.000000 0.000000 0.000000
0.200000 0.200000 0.600000 0.000000 0.000000 0.000000 0.000000 0.000000 0.000000 0.000000 0.000000 0.000000 0.000000 0.000000 0.000000 0.000000 0.000000 0.000000 0.000000 0.000000 0.000000
0.142857 0.142857 0.428571 0.285714 0.000000 0.000000 0.000000 0.000000 0.000000 0.000000 0.000000 0.000000 0.000000 0.000000 0.000000 0.000000 0.000000 0.000000 0.000000 0.000000 0.000000
0.071429 0.071429 0.071429 0.571429 0.214286 0.000000 0.000000 0.000000 0.000000 0.000000 0.000000 0.000000 0.000000 0.000000 0.000000 0.000000 0.000000 0.000000 0.000000 0.000000 0.000000
0.038462 0.038462 0.076923 0.115385 0.538462 0.192308 0.000000 0.000000 0.000000 0.000000 0.000000 0.000000 0.000000 0.000000 0.000000 0.000000 0.000000 0.000000 0.000000 0.000000 0.000000
0.023256 0.023256 0.046512 0.186047 0.162791 0.302326 0.255814 0.000000 0.000000 0.000000 0.000000 0.000000 0.000000 0.000000 0.000000 0.000000 0.000000 0.000000 0.000000 0.000000 0.000000
0.017544 0.017544 0.017544 0.035088 0.017544 0.122807 0.578947 0.192982 0.000000 0.000000 0.000000 0.000000 0.000000 0.000000 0.000000 0.000000 0.000000 0.000000 0.000000 0.000000 0.000000
0.016129 0.016129 0.016129 0.016129 0.016129 0.048387 0.129032 0.483871 0.258065 0.000000 0.000000 0.000000 0.000000 0.000000 0.000000 0.000000 0.000000 0.000000 0.000000 0.000000 0.000000
0.014085 0.014085 0.014085 0.014085 0.014085 0.028169 0.056338 0.183099 0.492958 0.169014 0.000000 0.000000 0.000000 0.000000 0.000000 0.000000 0.000000 0.000000 0.000000 0.000000 0.000000
0.017544 0.017544 0.017544 0.017544 0.017544 0.017544 0.017544 0.052632 0.192982 0.403509 0.228070 0.000000 0.000000 0.000000 0.000000 0.000000 0.000000 0.000000 0.000000 0.000000 0.000000
0.023810 0.023810 0.023810 0.023810 0.023810 0.023810 0.047619 0.023810 0.047619 0.190476 0.380952 0.166667 0.000000 0.000000 0.000000 0.000000 0.000000 0.000000 0.000000 0.000000 0.000000
0.019608 0.019608 0.019608 0.019608 0.019608 0.039216 0.019608 0.058824 0.019608 0.058824 0.196078 0.333333 0.176471 0.000000 0.000000 0.000000 0.000000 0.000000 0.000000 0.000000 0.000000
0.015625 0.015625 0.015625 0.015625 0.015625 0.015625 0.031250 0.031250 0.015625 0.015625 0.093750 0.250000 0.312500 0.156250 0.000000 0.000000 0.000000 0.000000 0.000000 0.000000 0.000000
0.021277 0.021277 0.021277 0.021277 0.021277 0.021277 0.021277 0.042553 0.021277 0.021277 0.021277 0.042553 0.148936 0.319149 0.234043 0.000000 0.000000 0.000000 0.000000 0.000000 0.000000
0.029412 0.029412 0.029412 0.029412 0.029412 0.058824 0.029412 0.029412 0.058824 0.029412 0.058824 0.029412 0.147059 0.058824 0.294118 0.058824 0.000000 0.000000 0.000000 0.000000 0.000000
0.028571 0.028571 0.028571 0.028571 0.028571 0.028571 0.028571 0.085714 0.028571 0.028571 0.028571 0.057143 0.028571 0.057143 0.085714 0.314286 0.085714 0.000000 0.000000 0.000000 0.000000
0.035714 0.035714 0.035714 0.035714 0.035714 0.035714 0.035714 0.035714 0.035714 0.035714 0.035714 0.035714 0.107143 0.035714 0.071429 0.071429 0.142857 0.142857 0.000000 0.000000 0.000000
0.027778 0.027778 0.027778 0.027778 0.027778 0.027778 0.027778 0.027778 0.027778 0.027778 0.027778 0.027778 0.027778 0.027778 0.027778 0.055556 0.138889 0.222222 0.166667 0.000000 0.000000
0.027027 0.027027 0.027027 0.027027 0.027027 0.027027 0.027027 0.027027 0.027027 0.027027 0.027027 0.027027 0.054054 0.027027 0.054054 0.027027 0.054054 0.135135 0.162162 0.162162 0.000000
0.012658 0.012658 0.012658 0.012658 0.012658 0.012658 0.012658 0.012658 0.012658 0.012658 0.012658 0.025316 0.012658 0.025316 0.012658 0.025316 0.037975 0.012658 0.075949 0.202532 0.430380
# New slice
0.083333 0.083333 0.083333 0.041667 0.041667 0.041667 0.041667 0.041667 0.041667 0.041667 0.041667 0.041667 0.041667 0.041667 0.041667 0.041667 0.041667 0.041667 0.041667 0.041667 0.041667
0.038462 0.076923 0.192308 0.038462 0.038462 0.038462 0.038462 0.038462 0.038462 0.038462 0.038462 0.038462 0.038462 0.038462 0.038462 0.038462 0.038462 0.038462 0.038462 0.038462 0.038462
0.000000 0.000000 0.088235 0.382353 0.058824 0.029412 0.029412 0.029412 0.029412 0.029412 0.029412 0.029412 0.029412 0.029412 0.029412 0.029412 0.029412 0.029412 0.029412 0.029412 0.029412
0.000000 0.000000 0.000000 0.111111 0.333333 0.133333 0.111111 0.022222 0.022222 0.022222 0.022222 0.022222 0.022222 0.022222 0.022222 0.022222 0.022222 0.022222 0.022222 0.022222 0.022222
0.000000 0.000000 0.017241 0.000000 0.086207 0.465517 0.137931 0.051724 0.034483 0.017241 0.017241 0.017241 0.017241 0.017241 0.017241 0.017241 0.017241 0.017241 0.017241 0.017241 0.017241
0.000000 0.000000 0.000000 0.011905 0.023810 0.178571 0.428571 0.166667 0.047619 0.011905 0.011905 0.011905 0.011905 0.011905 0.011905 0.011905 0.011905 0.011905 0.011905 0.011905 0.011905
0.000000 0.000000 0.000000 0.000000 0.000000 0.035714 0.214286 0.440476 0.166667 0.011905 0.011905 0.011905 0.011905 0.011905 0.011905 0.011905 0.011905 0.011905 0.011905 0.011905 0.011905
0.000000 0.000000 0.000000 0.011765 0.011765 0.011765 0.000000 0.176471 0.435294 0.211765 0.023529 0.011765 0.011765 0.011765 0.011765 0.011765 0.011765 0.011765 0.011765 0.011765 0.011765
0.000000 0.000000 0.000000 0.000000 0.016529 0.008264 0.024793 0.024793 0.231405 0.421488 0.173554 0.024793 0.008264 0.008264 0.008264 0.008264 0.008264 0.008264 0.008264 0.008264 0.008264
0.000000 0.000000 0.000000 0.000000 0.000000 0.019048 0.038095 0.028571 0.009524 0.257143 0.438095 0.114286 0.019048 0.009524 0.009524 0.009524 0.009524 0.009524 0.009524 0.009524 0.009524
0.000000 0.000000 0.000000 0.000000 0.000000 0.000000 0.010526 0.021053 0.000000 0.021053 0.284211 0.410526 0.136842 0.042105 0.010526 0.010526 0.010526 0.010526 0.010526 0.010526 0.010526
0.000000 0.000000 0.000000 0.000000 0.000000 0.010638 0.000000 0.000000 0.000000 0.010638 0.042553 0.287234 0.340426 0.180851 0.053191 0.021277 0.010638 0.010638 0.010638 0.010638 0.010638
0.000000 0.000000 0.000000 0.000000 0.000000 0.000000 0.031746 0.000000 0.000000 0.000000 0.031746 0.047619 0.206349 0.412698 0.174603 0.015873 0.015873 0.015873 0.015873 0.015873 0.015873
0.000000 0.000000 0.000000 0.000000 0.000000 0.000000 0.017857 0.017857 0.017857 0.035714 0.035714 0.017857 0.053571 0.321429 0.250000 0.125000 0.035714 0.017857 0.017857 0.017857 0.017857
0.000000 0.000000 0.000000 0.000000 0.000000 0.000000 0.000000 0.017544 0.017544 0.017544 0.017544 0.017544 0.017544 0.052632 0.210526 0.438596 0.105263 0.035088 0.017544 0.017544 0.017544
0.000000 0.000000 0.000000 0.000000 0.000000 0.000000 0.000000 0.000000 0.000000 0.000000 0.018182 0.000000 0.000000 0.000000 0.018182 0.254545 0.490909 0.109091 0.072727 0.018182 0.018182
0.000000 0.000000 0.000000 0.000000 0.000000 0.000000 0.000000 0.000000 0.020000 0.000000 0.000000 0.020000 0.000000 0.000000 0.040000 0.080000 0.140000 0.460000 0.180000 0.040000 0.020000
0.000000 0.000000 0.000000 0.000000 0.000000 0.000000 0.000000 0.000000 0.000000 0.027778 0.027778 0.000000 0.000000 0.027778 0.000000 0.027778 0.055556 0.305556 0.388889 0.111111 0.027778
0.000000 0.000000 0.000000 0.000000 0.000000 0.000000 0.000000 0.000000 0.000000 0.025000 0.000000 0.000000 0.000000 0.025000 0.000000 0.025000 0.025000 0.075000 0.175000 0.400000 0.250000
0.000000 0.000000 0.000000 0.000000 0.000000 0.000000 0.000000 0.000000 0.000000 0.000000 0.000000 0.032258 0.000000 0.000000 0.000000 0.000000 0.032258 0.000000 0.032258 0.225806 0.677419
0.000000 0.000000 0.000000 0.000000 0.000000 0.000000 0.000000 0.000000 0.000000 0.000000 0.000000 0.000000 0.000000 0.000000 0.000000 0.000000 0.000000 0.000000 0.048387 0.016129 0.935484
# New slice
1.000000 0.000000 0.000000 0.000000 0.000000 0.000000 0.000000 0.000000 0.000000 0.000000 0.000000 0.000000 0.000000 0.000000 0.000000 0.000000 0.000000 0.000000 0.000000 0.000000 0.000000
0.500000 0.500000 0.000000 0.000000 0.000000 0.000000 0.000000 0.000000 0.000000 0.000000 0.000000 0.000000 0.000000 0.000000 0.000000 0.000000 0.000000 0.000000 0.000000 0.000000 0.000000
0.307692 0.615385 0.076923 0.000000 0.000000 0.000000 0.000000 0.000000 0.000000 0.000000 0.000000 0.000000 0.000000 0.000000 0.000000 0.000000 0.000000 0.000000 0.000000 0.000000 0.000000
0.133333 0.266667 0.466667 0.133333 0.000000 0.000000 0.000000 0.000000 0.000000 0.000000 0.000000 0.000000 0.000000 0.000000 0.000000 0.000000 0.000000 0.000000 0.000000 0.000000 0.000000
0.052632 0.052632 0.157895 0.526316 0.210526 0.000000 0.000000 0.000000 0.000000 0.000000 0.000000 0.000000 0.000000 0.000000 0.000000 0.000000 0.000000 0.000000 0.000000 0.000000 0.000000
0.023810 0.047619 0.071429 0.190476 0.357143 0.309524 0.000000 0.000000 0.000000 0.000000 0.000000 0.000000 0.000000 0.000000 0.000000 0.000000 0.000000 0.000000 0.000000 0.000000 0.000000
0.015385 0.015385 0.030769 0.046154 0.276923 0.492308 0.123077 0.000000 0.000000 0.000000 0.000000 0.000000 0.000000 0.000000 0.000000 0.000000 0.000000 0.000000 0.000000 0.000000 0.000000
0.016949 0.016949 0.016949 0.016949 0.050847 0.220339 0.559322 0.101695 0.000000 0.000000 0.000000 0.000000 0.000000 0.000000 0.000000 0.000000 0.000000 0.000000 0.000000 0.000000 0.000000
0.016393 0.016393 0.016393 0.016393 0.032787 0.114754 0.196721 0.409836 0.180328 0.000000 0.000000 0.000000 0.000000 0.000000 0.000000 0.000000 0.000000 0.000000 0.000000 0.000000 0.000000
0.009434 0.009434 0.009434 0.009434 0.028302 0.028302 0.103774 0.198113 0.481132 0.122642 0.000000 0.000000 0.000000 0.000000 0.000000 0.000000 0.000000 0.000000 0.000000 0.000000 0.000000
0.012821 0.012821 0.012821 0.012821 0.025641 0.025641 0.089744 0.076923 0.179487 0.346154 0.205128 0.000000 0.000000 0.000000 0.000000 0.000000 0.000000 0.000000 0.000000 0.000000 0.000000
0.015152 0.015152 0.015152 0.015152 0.015152 0.030303 0.030303 0.030303 0.045455 0.242424 0.363636 0.181818 0.000000 0.000000 0.000000 0.000000 0.000000 0.000000 0.000000 0.000000 0.000000
0.020833 0.020833 0.020833 0.020833 0.020833 0.020833 0.020833 0.041667 0.020833 0.041667 0.166667 0.395833 0.187500 0.000000 0.000000 0.000000 0.000000 0.000000 0.000000 0.000000 0.000000
0.019231 0.019231 0.019231 0.019231 0.019231 0.019231 0.038462 0.019231 0.038462 0.057692 0.057692 0.153846 0.365385 0.153846 0.000000 0.000000 0.000000 0.000000 0.000000 0.000000 0.000000
0.019608 0.019608 0.019608 0.019608 0.019608 0.019608 0.019608 0.039216 0.019608 0.019608 0.058824 0.058824 0.137255 0.352941 0.176471 0.000000 0.000000 0.000000 0.000000 0.000000 0.000000
0.021739 0.021739 0.021739 0.021739 0.021739 0.021739 0.021739 0.021739 0.043478 0.021739 0.043478 0.021739 0.086957 0.065217 0.456522 0.086957 0.000000 0.000000 0.000000 0.000000 0.000000
0.030303 0.030303 0.030303 0.030303 0.030303 0.030303 0.030303 0.030303 0.030303 0.030303 0.030303 0.060606 0.030303 0.060606 0.181818 0.212121 0.121212 0.000000 0.000000 0.000000 0.000000
0.018519 0.018519 0.018519 0.018519 0.018519 0.018519 0.018519 0.018519 0.037037 0.018519 0.018519 0.018519 0.037037 0.055556 0.037037 0.222222 0.333333 0.074074 0.000000 0.000000 0.000000
0.034483 0.034483 0.034483 0.034483 0.034483 0.034483 0.034483 0.034483 0.034483 0.034483 0.034483 0.034483 0.034483 0.034483 0.068966 0.068966 0.034483 0.241379 0.103448 0.000000 0.000000
0.025641 0.025641 0.025641 0.025641 0.025641 0.025641 0.025641 0.025641 0.025641 0.025641 0.025641 0.025641 0.025641 0.025641 0.051282 0.051282 0.025641 0.076923 0.384615 0.051282 0.000000
0.013699 0.013699 0.013699 0.013699 0.013699 0.013699 0.013699 0.013699 0.013699 0.013699 0.013699 0.027397 0.013699 0.013699 0.027397 0.013699 0.027397 0.041096 0.095890 0.178082 0.410959
# New slice
0.080000 0.120000 0.080000 0.040000 0.040000 0.040000 0.040000 0.040000 0.040000 0.040000 0.040000 0.040000 0.040000 0.040000 0.040000 0.040000 0.040000 0.040000 0.040000 0.040000 0.040000
0.000000 0.066667 0.200000 0.166667 0.033333 0.033333 0.033333 0.033333 0.033333 0.033333 0.033333 0.033333 0.033333 0.033333 0.033333 0.033333 0.033333 0.033333 0.033333 0.033333 0.033333
0.000000 0.000000 0.040000 0.240000 0.080000 0.040000 0.040000 0.040000 0.040000 0.040000 0.040000 0.040000 0.040000 0.040000 0.040000 0.040000 0.040000 0.040000 0.040000 0.040000 0.040000
0.000000 0.000000 0.039216 0.156863 0.392157 0.078431 0.058824 0.019608 0.019608 0.019608 0.019608 0.019608 0.019608 0.019608 0.019608 0.019608 0.019608 0.019608 0.019608 0.019608 0.019608
0.000000 0.000000 0.000000 0.012048 0.204819 0.445783 0.144578 0.024096 0.024096 0.012048 0.012048 0.012048 0.012048 0.012048 0.012048 0.012048 0.012048 0.012048 0.012048 0.012048 0.012048
0.000000 0.000000 0.000000 0.009091 0.009091 0.236364 0.427273 0.181818 0.018182 0.018182 0.009091 0.009091 0.009091 0.009091 0.009091 0.009091 0.009091 0.009091 0.009091 0.009091 0.009091
0.000000 0.000000 0.000000 0.000000 0.020408 0.027211 0.190476 0.544218 0.115646 0.027211 0.006803 0.006803 0.006803 0.006803 0.006803 0.006803 0.006803 0.006803 0.006803 0.006803 0.006803
0.000000 0.000000 0.000000 0.000000 0.000000 0.005618 0.028090 0.185393 0.544944 0.174157 0.005618 0.005618 0.005618 0.005618 0.005618 0.005618 0.005618 0.005618 0.005618 0.005618 0.005618
0.000000 0.000000 0.000000 0.005263 0.015789 0.005263 0.005263 0.026316 0.215789 0.515789 0.131579 0.026316 0.005263 0.010526 0.005263 0.005263 0.005263 0.005263 0.005263 0.005263 0.005263
0.000000 0.000000 0.000000 0.000000 0.014388 0.007194 0.000000 0.014388 0.014388 0.244604 0.446043 0.179856 0.021583 0.007194 0.007194 0.007194 0.007194 0.007194 0.007194 0.007194 0.007194
0.000000 0.000000 0.000000 0.000000 0.000000 0.007353 0.007353 0.029412 0.029412 0.036765 0.250000 0.411765 0.117647 0.051471 0.014706 0.007353 0.007353 0.007353 0.007353 0.007353 0.007353
0.000000 0.000000 0.000000 0.000000 0.000000 0.008621 0.008621 0.000000 0.008621 0.043103 0.034483 0.155172 0.456897 0.189655 0.043103 0.008621 0.008621 0.008621 0.008621 0.008621 0.008621
0.000000 0.000000 0.000000 0.000000 0.000000 0.000000 0.027523 0.009174 0.000000 0.027523 0.000000 0.045872 0.155963 0.449541 0.201835 0.036697 0.009174 0.009174 0.009174 0.009174 0.009174
0.000000 0.000000 0.000000 0.000000 0.000000 0.000000 0.000000 0.000000 0.009901 0.000000 0.000000 0.019802 0.009901 0.257426 0.425743 0.207921 0.029703 0.009901 0.009901 0.009901 0.009901
0.000000 0.000000 0.000000 0.000000 0.000000 0.000000 0.021739 0.010870 0.000000 0.000000 0.000000 0.021739 0.010870 0.021739 0.336957 0.369565 0.141304 0.032609 0.010870 0.010870 0.010870
0.000000 0.000000 0.000000 0.000000 0.000000 0.000000 0.000000 0.000000 0.027778 0.013889 0.013889 0.000000 0.027778 0.041667 0.027778 0.222222 0.361111 0.208333 0.027778 0.013889 0.013889
0.000000 0.000000 0.000000 0.000000 0.000000 0.000000 0.000000 0.000000 0.018519 0.000000 0.000000 0.018519 0.000000 0.018519 0.000000 0.018519 0.185185 0.462963 0.203704 0.037037 0.037037
0.000000 0.000000 0.000000 0.000000 0.000000 0.000000 0.000000 0.000000 0.021277 0.021277 0.000000 0.000000 0.000000 0.021277 0.021277 0.042553 0.021277 0.276596 0.382979 0.127660 0.063830
0.000000 0.000000 0.000000 0.000000 0.000000 0.000000 0.000000 0.000000 0.020408 0.000000 0.040816 0.000000 0.000000 0.000000 0.000000 0.020408 0.020408 0.020408 0.204082 0.510204 0.163265
0.000000 0.000000 0.000000 0.000000 0.000000 0.000000 0.000000 0.000000 0.000000 0.000000 0.030303 0.000000 0.000000 0.000000 0.030303 0.000000 0.060606 0.000000 0.060606 0.212121 0.606061
0.000000 0.000000 0.000000 0.000000 0.000000 0.000000 0.000000 0.000000 0.000000 0.000000 0.000000 0.000000 0.025974 0.000000 0.000000 0.025974 0.012987 0.000000 0.000000 0.012987 0.922078
# New slice
