# Array shape: (2, 2, 21, 21)
1.000000 0.000000 0.000000 0.000000 0.000000 0.000000 0.000000 0.000000 0.000000 0.000000 0.000000 0.000000 0.000000 0.000000 0.000000 0.000000 0.000000 0.000000 0.000000 0.000000 0.000000
0.500000 0.500000 0.000000 0.000000 0.000000 0.000000 0.000000 0.000000 0.000000 0.000000 0.000000 0.000000 0.000000 0.000000 0.000000 0.000000 0.000000 0.000000 0.000000 0.000000 0.000000
0.166667 0.166667 0.666667 0.000000 0.000000 0.000000 0.000000 0.000000 0.000000 0.000000 0.000000 0.000000 0.000000 0.000000 0.000000 0.000000 0.000000 0.000000 0.000000 0.000000 0.000000
0.100000 0.100000 0.400000 0.400000 0.000000 0.000000 0.000000 0.000000 0.000000 0.000000 0.000000 0.000000 0.000000 0.000000 0.000000 0.000000 0.000000 0.000000 0.000000 0.000000 0.000000
0.041667 0.083333 0.166667 0.333333 0.375000 0.000000 0.000000 0.000000 0.000000 0.000000 0.000000 0.000000 0.000000 0.000000 0.000000 0.000000 0.000000 0.000000 0.000000 0.000000 0.000000
0.040000 0.040000 0.040000 0.200000 0.520000 0.160000 0.000000 0.000000 0.000000 0.000000 0.000000 0.000000 0.000000 0.000000 0.000000 0.000000 0.000000 0.000000 0.000000 0.000000 0.000000
0.033333 0.033333 0.100000 0.066667 0.233333 0.366667 0.166667 0.000000 0.000000 0.000000 0.000000 0.000000 0.000000 0.000000 0.000000 0.000000 0.000000 0.000000 0.000000 0.000000 0.000000
0.022727 0.022727 0.022727 0.022727 0.068182 0.250000 0.454545 0.136364 0.000000 0.000000 0.000000 0.000000 0.000000 0.000000 0.000000 0.000000 0.000000 0.000000 0.000000 0.000000 0.000000
0.019608 0.019608 0.019608 0.019608 0.019608 0.058824 0.215686 0.431373 0.196078 0.000000 0.000000 0.000000 0.000000 0.000000 0.000000 0.000000 0.000000 0.000000 0.000000 0.000000 0.000000
0.013889 0.013889 0.013889 0.013889 0.013889 0.013889 0.083333 0.250000 0.444444 0.138889 0.000000 0.000000 0.000000 0.000000 0.000000 0.000000 0.000000 0.000000 0.000000 0.000000 0.000000
0.012821 0.012821 0.012821 0.012821 0.012821 0.025641 0.076923 0.076923 0.217949 0.333333 0.205128 0.000000 0.000000 0.000000 0.000000 0.000000 0.000000 0.000000 0.000000 0.000000 0.000000
0.013699 0.013699 0.013699 0.013699 0.013699 0.013699 0.013699 0.054795 0.136986 0.164384 0.383562 0.164384 0.000000 0.000000 0.000000 0.000000 0.000000 0.000000 0.000000 0.000000 0.000000
0.015152 0.015152 0.015152 0.015152 0.015152 0.015152 0.015152 0.015152 0.015152 0.090909 0.212121 0.363636 0.196970 0.000000 0.000000 0.000000 0.000000 0.000000 0.000000 0.000000 0.000000
0.014493 0.014493 0.014493 0.014493 0.014493 0.014493 0.014493 0.014493 0.014493 0.028986 0.159420 0.246377 0.304348 0.130435 0.000000 0.000000 0.000000 0.000000 0.000000 0.000000 0.000000
0.019231 0.019231 0.019231 0.019231 0.019231 0.019231 0.019231 0.019231 0.019231 0.076923 0.057692 0.076923 0.192308 0.307692 0.115385 0.000000 0.000000 0.000000 0.000000 0.000000 0.000000
0.016393 0.016393 0.016393 0.016393 0.016393 0.016393 0.016393 0.016393 0.016393 0.016393 0.032787 0.032787 0.098361 0.131148 0.409836 0.131148 0.000000 0.000000 0.000000 0.000000 0.000000
0.022222 0.022222 0.022222 0.022222 0.022222 0.022222 0.022222 0.022222 0.022222 0.022222 0.022222 0.022222 0.111111 0.044444 0.177778 0.288889 0.111111 0.000000 0.000000 0.000000 0.000000
0.025641 0.025641 0.025641 0.025641 0.025641 0.025641 0.025641 0.025641 0.025641 0.025641 0.025641 0.025641 0.051282 0.076923 0.025641 0.205128 0.230769 0.102564 0.000000 0.000000 0.000000
0.035714 0.035714 0.035714 0.035714 0.035714 0.035714 0.035714 0.035714 0.035714 0.035714 0.035714 0.035714 0.035714 0.035714 0.071429 0.071429 0.142857 0.142857 0.071429 0.000000 0.000000
0.041667 0.041667 0.041667 0.041667 0.041667 0.041667 0.041667 0.041667 0.041667 0.041667 0.041667 0.041667 0.041667 0.041667 0.041667 0.041667 0.083333 0.083333 0.083333 0.083333 0.000000
0.025641 0.025641 0.025641 0.025641 0.025641 0.025641 0.025641 0.025641 0.025641 0.025641 0.025641 0.025641 0.025641 0.025641 0.025641 0.051282 0.025641 0.051282 0.102564 0.102564 0.282051
# New slice
0.090909 0.045455 0.045455 0.045455 0.045455 0.045455 0.045455 0.045455 0.045455 0.045455 0.045455 0.045455 0.045455 0.045455 0.045455 0.045455 0.045455 0.045455 0.045455 0.045455 0.045455
0.000000 0.050000 0.050000 0.050000 0.050000 0.050000 0.050000 0.050000 0.050000 0.050000 0.050000 0.050000 0.050000 0.050000 0.050000 0.050000 0.050000 0.050000 0.050000 0.050000 0.050000
0.000000 0.000000 0.241379 0.103448 0.068966 0.068966 0.034483 0.034483 0.034483 0.034483 0.034483 0.034483 0.034483 0.034483 0.034483 0.034483 0.034483 0.034483 0.034483 0.034483 0.034483
0.000000 0.000000 0.000000 0.266667 0.244444 0.133333 0.044444 0.022222 0.022222 0.022222 0.022222 0.022222 0.022222 0.022222 0.022222 0.022222 0.022222 0.022222 0.022222 0.022222 0.022222
0.000000 0.000000 0.000000 0.041667 0.145833 0.312500 0.208333 0.020833 0.020833 0.020833 0.020833 0.020833 0.020833 0.020833 0.020833 0.020833 0.020833 0.020833 0.020833 0.020833 0.020833
0.000000 0.000000 0.000000 0.000000 0.032787 0.262295 0.327869 0.147541 0.032787 0.016393 0.016393 0.016393 0.016393 0.016393 0.016393 0.016393 0.016393 0.016393 0.016393 0.016393 0.016393
0.000000 0.000000 0.000000 0.000000 0.011236 0.022472 0.258427 0.404494 0.157303 0.022472 0.011236 0.011236 0.011236 0.011236 0.011236 0.011236 0.011236 0.011236 0.011236 0.011236 0.011236
0.000000 0.000000 0.000000 0.000000 0.000000 0.009434 0.047170 0.216981 0.481132 0.103774 0.047170 0.009434 0.009434 0.009434 0.009434 0.009434 0.009434 0.009434 0.009434 0.009434 0.009434
0.000000 0.000000 0.000000 0.000000 0.000000 0.000000 0.006369 0.050955 0.292994 0.420382 0.152866 0.019108 0.006369 0.006369 0.006369 0.006369 0.006369 0.006369 0.006369 0.006369 0.006369
0.000000 0.000000 0.000000 0.000000 0.000000 0.000000 0.000000 0.026490 0.066225 0.271523 0.437086 0.092715 0.046358 0.013245 0.006623 0.006623 0.006623 0.006623 0.006623 0.006623 0.006623
0.000000 0.000000 0.000000 0.000000 0.000000 0.000000 0.000000 0.006803 0.027211 0.047619 0.272109 0.462585 0.102041 0.034014 0.006803 0.006803 0.006803 0.006803 0.006803 0.006803 0.006803
0.000000 0.000000 0.000000 0.000000 0.000000 0.000000 0.000000 0.006061 0.006061 0.024242 0.048485 0.248485 0.490909 0.133333 0.006061 0.006061 0.006061 0.006061 0.006061 0.006061 0.006061
0.000000 0.000000 0.000000 0.000000 0.000000 0.000000 0.000000 0.000000 0.000000 0.014286 0.014286 0.071429 0.242857 0.450000 0.142857 0.028571 0.007143 0.007143 0.007143 0.007143 0.007143
0.000000 0.000000 0.000000 0.000000 0.000000 0.000000 0.000000 0.000000 0.000000 0.008065 0.024194 0.040323 0.104839 0.233871 0.475806 0.072581 0.008065 0.008065 0.008065 0.008065 0.008065
0.000000 0.000000 0.000000 0.000000 0.000000 0.000000 0.000000 0.000000 0.000000 0.000000 0.000000 0.027027 0.036036 0.045045 0.270270 0.450450 0.108108 0.036036 0.009009 0.009009 0.009009
0.000000 0.000000 0.000000 0.000000 0.000000 0.000000 0.000000 0.000000 0.000000 0.000000 0.000000 0.000000 0.010638 0.053191 0.106383 0.244681 0.436170 0.085106 0.042553 0.010638 0.010638
0.000000 0.000000 0.000000 0.000000 0.000000 0.000000 0.000000 0.000000 0.000000 0.000000 0.000000 0.000000 0.000000 0.027778 0.027778 0.138889 0.125000 0.500000 0.138889 0.027778 0.013889
0.000000 0.000000 0.000000 0.000000 0.000000 0.000000 0.000000 0.000000 0.000000 0.000000 0.000000 0.000000 0.000000 0.018868 0.018868 0.075472 0.132075 0.283019 0.358491 0.056604 0.056604
0.000000 0.000000 0.000000 0.000000 0.000000 0.000000 0.000000 0.000000 0.000000 0.000000 0.000000 0.000000 0.000000 0.000000 0.031250 0.031250 0.093750 0.093750 0.156250 0.468750 0.125000
0.000000 0.000000 0.000000 0.000000 0.000000 0.000000 0.000000 0.000000 0.000000 0.000000 0.000000 0.000000 0.000000 0.000000 0.000000 0.055556 0.000000 0.000000 0.000000 0.222222 0.722222
0.000000 0.000000 0.000000 0.000000 0.000000 0.000000 0.000000 0.000000 0.000000 0.000000 0.000000 0.000000 0.000000 0.000000 0.000000 0.000000 0.111111 0.027778 0.055556 0.027778 0.777778
# New slice
1.000000 0.000000 0.000000 0.000000 0.000000 0.000000 0.000000 0.000000 0.000000 0.000000 0.000000 0.000000 0.000000 0.000000 0.000000 0.000000 0.000000 0.000000 0.000000 0.000000 0.000000
0.666667 0.333333 0.000000 0.000000 0.000000 0.000000 0.000000 0.000000 0.000000 0.000000 0.000000 0.000000 0.000000 0.000000 0.000000 0.000000 0.000000 0.000000 0.000000 0.000000 0.000000
0.250000 0.500000 0.250000 0.000000 0.000000 0.000000 0.000000 0.000000 0.000000 0.000000 0.000000 0.000000 0.000000 0.000000 0.000000 0.000000 0.000000 0.000000 0.000000 0.000000 0.000000
0.142857 0.142857 0.428571 0.285714 0.000000 0.000000 0.000000 0.000000 0.000000 0.000000 0.000000 0.000000 0.000000 0.000000 0.000000 0.000000 0.000000 0.000000 0.000000 0.000000 0.000000
0.055556 0.055556 0.166667 0.444444 0.277778 0.000000 0.000000 0.000000 0.000000 0.000000 0.000000 0.000000 0.000000 0.000000 0.000000 0.000000 0.000000 0.000000 0.000000 0.000000 0.000000
0.050000 0.050000 0.100000 0.300000 0.300000 0.200000 0.000000 0.000000 0.000000 0.000000 0.000000 0.000000 0.000000 0.000000 0.000000 0.000000 0.000000 0.000000 0.000000 0.000000 0.000000
0.033333 0.033333 0.033333 0.066667 0.233333 0.366667 0.233333 0.000000 0.000000 0.000000 0.000000 0.000000 0.000000 0.000000 0.000000 0.000000 0.000000 0.000000 0.000000 0.000000 0.000000
0.023256 0.023256 0.023256 0.023256 0.046512 0.139535 0.418605 0.302326 0.000000 0.000000 0.000000 0.000000 0.000000 0.000000 0.000000 0.000000 0.000000 0.000000 0.000000 0.000000 0.000000
0.020000 0.020000 0.020000 0.020000 0.020000 0.080000 0.260000 0.420000 0.140000 0.000000 0.000000 0.000000 0.000000 0.000000 0.000000 0.000000 0.000000 0.000000 0.000000 0.000000 0.000000
0.018182 0.018182 0.018182 0.018182 0.018182 0.018182 0.127273 0.163636 0.527273 0.072727 0.000000 0.000000 0.000000 0.000000 0.000000 0.000000 0.000000 0.000000 0.000000 0.000000 0.000000
0.008621 0.008621 0.008621 0.008621 0.008621 0.025862 0.017241 0.051724 0.250000 0.396552 0.215517 0.000000 0.000000 0.000000 0.000000 0.000000 0.000000 0.000000 0.000000 0.000000 0.000000
0.020000 0.020000 0.020000 0.020000 0.020000 0.020000 0.020000 0.040000 0.060000 0.220000 0.360000 0.180000 0.000000 0.000000 0.000000 0.000000 0.000000 0.000000 0.000000 0.000000 0.000000
0.011765 0.011765 0.011765 0.011765 0.011765 0.011765 0.011765 0.011765 0.035294 0.035294 0.305882 0.400000 0.129412 0.000000 0.000000 0.000000 0.000000 0.000000 0.000000 0.000000 0.000000
0.015625 0.015625 0.015625 0.015625 0.015625 0.015625 0.015625 0.015625 0.015625 0.031250 0.046875 0.296875 0.421875 0.062500 0.000000 0.000000 0.000000 0.000000 0.000000 0.000000 0.000000
0.017544 0.017544 0.017544 0.017544 0.017544 0.017544 0.017544 0.017544 0.017544 0.017544 0.087719 0.105263 0.175439 0.350877 0.105263 0.000000 0.000000 0.000000 0.000000 0.000000 0.000000
0.015625 0.015625 0.015625 0.015625 0.015625 0.015625 0.015625 0.015625 0.015625 0.015625 0.046875 0.062500 0.046875 0.156250 0.390625 0.140625 0.000000 0.000000 0.000000 0.000000 0.000000
0.025000 0.025000 0.025000 0.025000 0.025000 0.025000 0.025000 0.025000 0.025000 0.050000 0.025000 0.050000 0.075000 0.100000 0.100000 0.350000 0.025000 0.000000 0.000000 0.000000 0.000000
0.033333 0.033333 0.033333 0.033333 0.033333 0.033333 0.033333 0.033333 0.033333 0.033333 0.066667 0.033333 0.033333 0.066667 0.033333 0.133333 0.200000 0.100000 0.000000 0.000000 0.000000
0.023810 0.023810 0.023810 0.023810 0.023810 0.023810 0.023810 0.023810 0.023810 0.023810 0.023810 0.023810 0.047619 0.023810 0.023810 0.095238 0.261905 0.214286 0.047619 0.000000 0.000000
0.032258 0.032258 0.032258 0.032258 0.032258 0.032258 0.032258 0.032258 0.032258 0.032258 0.032258 0.032258 0.064516 0.032258 0.032258 0.129032 0.129032 0.096774 0.064516 0.064516 0.000000
0.034483 0.034483 0.034483 0.034483 0.034483 0.034483 0.034483 0.034483 0.034483 0.034483 0.034483 0.034483 0.034483 0.034483 0.068966 0.034483 0.068966 0.034483 0.034483 0.137931 0.137931
# New slice
0.045455 0.090909 0.045455 0.045455 0.045455 0.045455 0.045455 0.045455 0.045455 0.045455 0.045455 0.045455 0.045455 0.045455 0.045455 0.045455 0.045455 0.045455 0.045455 0.045455 0.045455
0.000000 0.045455 0.136364 0.045455 0.045455 0.045455 0.045455 0.045455 0.045455 0.045455 0.045455 0.045455 0.045455 0.045455 0.045455 0.045455 0.045455 0.045455 0.045455 0.045455 0.045455
0.000000 0.000000 0.125000 0.187500 0.187500 0.031250 0.031250 0.031250 0.031250 0.031250 0.031250 0.031250 0.031250 0.031250 0.031250 0.031250 0.031250 0.031250 0.031250 0.031250 0.031250
0.000000 0.000000 0.000000 0.205128 0.230769 0.179487 0.025641 0.025641 0.025641 0.025641 0.025641 0.025641 0.025641 0.025641 0.025641 0.025641 0.025641 0.025641 0.025641 0.025641 0.025641
0.000000 0.000000 0.000000 0.025000 0.175000 0.300000 0.125000 0.050000 0.025000 0.025000 0.025000 0.025000 0.025000 0.025000 0.025000 0.025000 0.025000 0.025000 0.025000 0.025000 0.025000
0.000000 0.000000 0.000000 0.000000 0.055556 0.148148 0.388889 0.148148 0.037037 0.018519 0.018519 0.018519 0.018519 0.018519 0.018519 0.018519 0.018519 0.018519 0.018519 0.018519 0.018519
0.000000 0.000000 0.000000 0.000000 0.000000 0.059524 0.238095 0.345238 0.178571 0.047619 0.011905 0.011905 0.011905 0.011905 0.011905 0.011905 0.011905 0.011905 0.011905 0.011905 0.011905
0.000000 0.000000 0.000000 0.000000 0.000000 0.000000 0.053191 0.234043 0.436170 0.127660 0.042553 0.010638 0.010638 0.010638 0.010638 0.010638 0.010638 0.010638 0.010638 0.010638 0.010638
0.000000 0.000000 0.000000 0.000000 0.000000 0.000000 0.000000 0.047945 0.232877 0.458904 0.171233 0.027397 0.006849 0.006849 0.006849 0.006849 0.006849 0.006849 0.006849 0.006849 0.006849
0.000000 0.000000 0.000000 0.000000 0.000000 0.000000 0.000000 0.018634 0.055901 0.316770 0.403727 0.136646 0.018634 0.006211 0.006211 0.006211 0.006211 0.006211 0.006211 0.006211 0.006211
0.000000 0.000000 0.000000 0.000000 0.000000 0.000000 0.000000 0.000000 0.053097 0.097345 0.203540 0.486726 0.079646 0.017699 0.008850 0.008850 0.008850 0.008850 0.008850 0.008850 0.008850
0.000000 0.000000 0.000000 0.000000 0.000000 0.000000 0.000000 0.000000 0.006849 0.047945 0.020548 0.260274 0.376712 0.212329 0.027397 0.013699 0.006849 0.006849 0.006849 0.006849 0.006849
0.000000 0.000000 0.000000 0.000000 0.000000 0.000000 0.000000 0.000000 0.000000 0.008403 0.016807 0.042017 0.310924 0.470588 0.084034 0.025210 0.008403 0.008403 0.008403 0.008403 0.008403
0.000000 0.000000 0.000000 0.000000 0.000000 0.000000 0.000000 0.000000 0.008403 0.000000 0.025210 0.025210 0.092437 0.277311 0.378151 0.142857 0.016807 0.008403 0.008403 0.008403 0.008403
0.000000 0.000000 0.000000 0.000000 0.000000 0.000000 0.000000 0.000000 0.000000 0.000000 0.019048 0.028571 0.019048 0.076190 0.257143 0.419048 0.123810 0.028571 0.009524 0.009524 0.009524
0.000000 0.000000 0.000000 0.000000 0.000000 0.000000 0.000000 0.000000 0.000000 0.000000 0.000000 0.000000 0.000000 0.089552 0.074627 0.223881 0.373134 0.149254 0.059701 0.014925 0.014925
0.000000 0.000000 0.000000 0.000000 0.000000 0.000000 0.000000 0.000000 0.000000 0.000000 0.000000 0.000000 0.018868 0.037736 0.075472 0.094340 0.264151 0.283019 0.169811 0.037736 0.018868
0.000000 0.000000 0.000000 0.000000 0.000000 0.000000 0.000000 0.000000 0.000000 0.000000 0.000000 0.000000 0.000000 0.000000 0.000000 0.054054 0.135135 0.108108 0.513514 0.135135 0.054054
0.000000 0.000000 0.000000 0.000000 0.000000 0.000000 0.000000 0.000000 0.000000 0.000000 0.000000 0.000000 0.000000 0.055556 0.000000 0.111111 0.055556 0.000000 0.166667 0.277778 0.333333
0.000000 0.000000 0.000000 0.000000 0.000000 0.000000 0.000000 0.000000 0.000000 0.000000 0.000000 0.000000 0.000000 0.000000 0.000000 0.076923 0.076923 0.153846 0.153846 0.153846 0.384615
0.000000 0.000000 0.000000 0.000000 0.000000 0.000000 0.000000 0.000000 0.000000 0.000000 0.000000 0.000000 0.000000 0.000000 0.000000 0.000000 0.026316 0.052632 0.000000 0.078947 0.842105
# New slice
