# Array shape: (2, 21, 2)
 10686.197  21602.167
 21413.686  26052.548
 26908.320  59304.266
 70273.928  80222.165
 48205.456  75326.707
 69963.835  86486.765
 65252.304  92874.301
 83097.696 102574.378
 64900.560  98941.737
 95127.427 102178.683
100466.251 110474.947
103874.751 104377.383
103686.796 124491.441
110648.656 127734.001
102198.000 117412.514
120709.205 120653.345
131035.539 139914.510
135487.860 131551.135
128552.388 120639.578
147865.225 143619.728
153709.064 112244.682
# New slice
 15980.099  24401.826
 20139.592  36728.532
 22149.723  58909.640
 65544.783  70273.354
 72090.823  77604.172
 63445.490  88975.972
 81682.347  96857.704
 89059.639  96437.736
 95656.490 101269.006
 96371.341 102732.330
103808.637 101336.048
106640.135 113515.044
101272.235 111983.135
105233.496 103460.656
118275.848 131743.498
130009.753 126348.808
131602.432 124029.743
135350.499 142088.416
132874.284 149708.679
136257.655 141012.869
128369.791 136608.053
# New slice
