# Array shape: (2, 21, 2)
     0.000 126358.430
128352.795 179063.050
143532.654 201600.440
188706.159 204443.020
171160.693 232987.760
209567.592 233698.348
206328.737 241491.178
228735.057 240429.707
232257.062 237753.211
238636.571 249687.846
236027.763 245034.833
275422.322 313080.785
290468.372 251032.158
290593.747 339882.113
311373.934 357628.521
344598.299 365270.192
310790.193 341726.140
188572.200 328537.846
306689.123 372122.184
187195.399 242721.905
332494.117 311264.626
# New slice
130253.647 116978.267
 63174.526 188920.103
170276.473 218718.264
174459.672 217896.985
191892.346 220304.351
202344.131 226039.210
231194.090 238323.218
203894.097 254034.216
228911.036 258368.889
234324.203 170145.589
234725.200 263179.861
245171.268 204308.281
303485.037 304899.021
287963.284 326334.668
327021.569 354684.533
298700.767 352754.794
338906.906 357149.654
345880.940 300715.598
306094.435 193959.388
311349.798 370822.843
290617.474 392993.961
# New slice
