# Array shape: (2, 21, 2)
     0.000      0.000
     0.000   4568.290
  3744.689   6866.461
  7190.265  15188.399
 14527.485  20125.251
 16745.459  15945.556
 15119.253  20385.951
 20356.626  19696.675
 20295.978  23260.061
 21969.450  23747.829
 22992.708  22205.795
 23247.690  21691.514
 23924.231  25739.963
 23574.118  22998.767
 25170.678  21934.641
 25913.375  23134.140
 26369.374  24337.992
 25734.642  20249.059
 18519.009  20115.612
 21100.006   8164.953
  9152.265      0.000
# New slice
     0.000   7215.815
     0.000   2993.489
  4992.039  12678.101
  6016.782  17096.400
 14697.870  18158.350
 17006.534  20286.596
 16917.368  20803.484
 19819.062  20657.141
 19938.001  20749.081
 19927.690  15227.290
 23280.424  24017.493
 21782.175  25638.879
 22654.968  19135.398
 24660.573  19780.369
 24225.907  24051.826
 25823.260  22500.820
 16960.987  24101.105
 25727.880  20814.385
 22943.292      0.000
     0.000   3913.133
  7948.625      0.000
# New slice
