# Array shape: (2, 21, 2)
 19101.218      0.000
 17175.077  22666.114
 20344.881  26251.060
 22340.754  26000.820
 23394.832  61579.192
 58721.866  70239.267
 64742.442  76835.327
 74497.695  73864.017
 74997.478  85137.997
 81327.910  89879.877
 75334.444  88722.559
 80895.066  81972.264
 82334.555  88579.459
 91313.614  75706.393
 87360.546  99461.710
 97599.646  99479.403
 98585.822  79211.322
 61766.590  86916.933
 30094.387 102890.803
 82631.185  30484.912
 87573.541  73832.384
# New slice
     0.000  19342.462
     0.000  21701.687
 21003.311  24983.088
 21812.944  60844.111
 50703.664  71035.250
 61952.674  70460.787
 68459.166  78503.587
 69413.367  78126.229
 75273.538  79648.041
 77356.848  84892.213
 83287.788  87620.080
 76113.360  84606.336
 90538.467  88545.332
 87724.079  79902.946
 87585.017  85969.740
 94185.203  97553.590
 98492.668  88728.023
 92048.185  82832.208
 31358.833  89167.643
103166.105  83701.476
 90123.708  98938.353
# New slice
