# Array shape: (2, 21, 2)
 97582.102  83799.772
119447.724      0.000
     0.000 191486.364
117495.723 568825.731
409463.077 604444.277
546458.680 651959.982
664172.780 671833.031
618990.754 772395.446
660127.750 728540.743
724795.778 823405.118
754488.249 863862.368
785296.507 768747.040
802219.835 862847.003
861744.777 803108.358
869829.579 778793.331
610384.842 894154.055
736947.424      0.000
292560.567 818407.494
     0.000 951504.495
818790.764 710948.969
927879.114 957030.768
# New slice
 57472.651 124871.584
     0.000 152462.010
126318.448 203042.564
177282.004 580288.817
390663.359 636746.110
587581.402 710889.534
591230.683 714122.173
673667.610 701569.525
655110.093 805585.224
652123.046 751919.233
739697.057 768651.859
747621.420 783085.353
783439.621 794060.342
755136.016 885856.749
858957.567 823864.802
810933.817 667126.913
780729.582 685936.392
675649.443 1012655.744
     0.000 710687.820
     0.000 900237.548
     0.000 1085126.985
# New slice
