# Array shape: (2, 21, 2)
     0.000 285936.187
259774.310 171738.129
255953.631 417220.770
376959.440 479411.870
421621.485 546407.398
438306.564 561900.407
490426.040 554309.598
514961.565 666665.819
536728.879 707183.801
681849.004 734423.292
652695.400 758801.043
724972.165 693845.065
677490.028 692641.640
682153.764 749588.469
426526.536 674259.518
741025.067 589438.290
668222.985 705181.967
482802.296 632818.321
447301.444 215807.910
     0.000      0.000
     0.000      0.000
# New slice
     0.000 228768.550
286359.009 219634.581
154009.465 392401.158
323432.298 446587.063
389224.904 538022.410
500868.688 575235.446
511161.155 576622.370
450811.805 616683.654
588144.170 657307.245
619352.991 678804.722
468890.027 722477.222
658452.209 708175.521
736092.074 737772.933
642427.438 689702.534
734442.604 683464.373
507435.590 550108.740
582383.294 643915.138
691327.665 444517.478
     0.000 509291.078
     0.000      0.000
     0.000      0.000
# New slice
