# Array shape: (2, 21, 2)
     0.000 153926.682
 37548.690 180221.571
220130.751 223747.902
194168.327 284894.559
192692.827 287076.744
276960.041 326555.174
294860.837 325596.448
307396.058 398260.067
317502.276 335451.251
369051.728 407733.188
378844.800 418461.703
314140.939 419621.148
424570.596 414438.759
411519.242 400775.642
424730.009 355759.346
376762.045 293461.246
114251.066 233984.473
     0.000 157448.477
     0.000 192784.903
     0.000      0.000
     0.000      0.000
# New slice
     0.000 108625.706
140499.463 211039.420
160682.082 225824.872
211540.707 248850.492
235647.444 321538.202
273440.030 276986.858
276190.579 345103.510
314837.444 391348.434
333120.974 354827.732
361684.809 388551.115
327486.246 409451.390
405045.162 415226.289
251380.337 406903.834
422613.038 391946.937
354844.638 357170.675
378241.712 393093.092
393113.256      0.000
     0.000 181304.435
     0.000 152936.439
     0.000      0.000
     0.000      0.000
# New slice
