# Array shape: (2, 21, 2)
 90325.960 254279.202
181003.892 339172.086
164241.363 592246.236
372266.650 598137.716
564930.030 692760.154
580680.060 622822.835
673304.613 697615.188
662965.776 656771.441
748300.801 523064.624
748284.800 824949.569
810509.277 751388.867
870901.464 790269.950
886321.928 439027.603
481680.220 339873.161
     0.000      0.000
     0.000      0.000
606007.370      0.000
     0.000      0.000
     0.000      0.000
     0.000      0.000
     0.000      0.000
# New slice
 86546.493 139323.690
 83855.119 478241.268
293320.440 565275.958
367033.491 626769.492
496882.435 719091.803
597963.095 742477.909
658479.179 706707.976
700391.012 798856.094
692639.463 647965.029
776104.932 798880.563
760278.975 386165.723
839903.520 898293.633
688527.934 837960.363
535965.345 501839.912
     0.000 610795.222
     0.000 524407.470
     0.000      0.000
     0.000      0.000
     0.000      0.000
     0.000      0.000
     0.000      0.000
# New slice
