# Array shape: (2, 21, 2)
 62390.719  52004.972
 59774.265  86376.569
 80534.094  92440.285
 81526.527  98244.043
 74809.742 102402.852
 94185.429 109344.647
 95744.399 114190.678
105000.825 120635.814
 80382.373 135800.296
130362.540  84847.484
131849.901 145293.537
140726.388 157733.019
149672.034 146695.327
130270.323 139472.060
133389.663 104417.535
132509.961 156309.610
159587.331 129903.057
114822.355 153071.823
137138.438 133945.715
147034.381  99311.471
     0.000  45160.114
# New slice
 52829.372  83211.337
 71489.021  72608.219
 72028.645  89580.753
 76522.502  96168.919
 91732.562  97686.222
 95622.838  94013.364
 97097.048 120291.272
110038.053 128935.236
129910.000 143879.428
108930.106 136777.792
134636.361 154498.869
144214.911 148185.742
142616.360 156505.742
 73280.141 158459.869
158311.298 129600.119
156152.044 160585.280
129534.514 128391.538
138617.012 103748.378
143627.720 147272.225
119311.682      0.000
123380.107 138601.722
# New slice
