# Array shape: (2, 2, 21, 21)
1.000000 0.000000 0.000000 0.000000 0.000000 0.000000 0.000000 0.000000 0.000000 0.000000 0.000000 0.000000 0.000000 0.000000 0.000000 0.000000 0.000000 0.000000 0.000000 0.000000 0.000000
0.500000 0.500000 0.000000 0.000000 0.000000 0.000000 0.000000 0.000000 0.000000 0.000000 0.000000 0.000000 0.000000 0.000000 0.000000 0.000000 0.000000 0.000000 0.000000 0.000000 0.000000
0.333333 0.333333 0.333333 0.000000 0.000000 0.000000 0.000000 0.000000 0.000000 0.000000 0.000000 0.000000 0.000000 0.000000 0.000000 0.000000 0.000000 0.000000 0.000000 0.000000 0.000000
0.250000 0.250000 0.250000 0.250000 0.000000 0.000000 0.000000 0.000000 0.000000 0.000000 0.000000 0.000000 0.000000 0.000000 0.000000 0.000000 0.000000 0.000000 0.000000 0.000000 0.000000
0.200000 0.200000 0.200000 0.200000 0.200000 0.000000 0.000000 0.000000 0.000000 0.000000 0.000000 0.000000 0.000000 0.000000 0.000000 0.000000 0.000000 0.000000 0.000000 0.000000 0.000000
0.166667 0.166667 0.166667 0.166667 0.166667 0.166667 0.000000 0.000000 0.000000 0.000000 0.000000 0.000000 0.000000 0.000000 0.000000 0.000000 0.000000 0.000000 0.000000 0.000000 0.000000
0.142857 0.142857 0.142857 0.142857 0.142857 0.142857 0.142857 0.000000 0.000000 0.000000 0.000000 0.000000 0.000000 0.000000 0.000000 0.000000 0.000000 0.000000 0.000000 0.000000 0.000000
0.125000 0.125000 0.125000 0.125000 0.125000 0.125000 0.125000 0.125000 0.000000 0.000000 0.000000 0.000000 0.000000 0.000000 0.000000 0.000000 0.000000 0.000000 0.000000 0.000000 0.000000
0.111111 0.111111 0.111111 0.111111 0.111111 0.111111 0.111111 0.111111 0.111111 0.000000 0.000000 0.000000 0.000000 0.000000 0.000000 0.000000 0.000000 0.000000 0.000000 0.000000 0.000000
0.100000 0.100000 0.100000 0.100000 0.100000 0.100000 0.100000 0.100000 0.100000 0.100000 0.000000 0.000000 0.000000 0.000000 0.000000 0.000000 0.000000 0.000000 0.000000 0.000000 0.000000
0.066667 0.066667 0.066667 0.066667 0.066667 0.066667 0.066667 0.066667 0.066667 0.333333 0.066667 0.000000 0.000000 0.000000 0.000000 0.000000 0.000000 0.000000 0.000000 0.000000 0.000000
0.041667 0.041667 0.041667 0.041667 0.041667 0.041667 0.041667 0.041667 0.041667 0.125000 0.416667 0.083333 0.000000 0.000000 0.000000 0.000000 0.000000 0.000000 0.000000 0.000000 0.000000
0.076923 0.076923 0.076923 0.076923 0.076923 0.076923 0.076923 0.076923 0.076923 0.076923 0.076923 0.076923 0.076923 0.000000 0.000000 0.000000 0.000000 0.000000 0.000000 0.000000 0.000000
0.041667 0.041667 0.041667 0.041667 0.041667 0.041667 0.041667 0.041667 0.041667 0.083333 0.041667 0.333333 0.125000 0.041667 0.000000 0.000000 0.000000 0.000000 0.000000 0.000000 0.000000
0.066667 0.066667 0.066667 0.066667 0.066667 0.066667 0.066667 0.066667 0.066667 0.066667 0.066667 0.066667 0.066667 0.066667 0.066667 0.000000 0.000000 0.000000 0.000000 0.000000 0.000000
0.062500 0.062500 0.062500 0.062500 0.062500 0.062500 0.062500 0.062500 0.062500 0.062500 0.062500 0.062500 0.062500 0.062500 0.062500 0.062500 0.000000 0.000000 0.000000 0.000000 0.000000
0.058824 0.058824 0.058824 0.058824 0.058824 0.058824 0.058824 0.058824 0.058824 0.058824 0.058824 0.058824 0.058824 0.058824 0.058824 0.058824 0.058824 0.000000 0.000000 0.000000 0.000000
0.055556 0.055556 0.055556 0.055556 0.055556 0.055556 0.055556 0.055556 0.055556 0.055556 0.055556 0.055556 0.055556 0.055556 0.055556 0.055556 0.055556 0.055556 0.000000 0.000000 0.000000
0.052632 0.052632 0.052632 0.052632 0.052632 0.052632 0.052632 0.052632 0.052632 0.052632 0.052632 0.052632 0.052632 0.052632 0.052632 0.052632 0.052632 0.052632 0.052632 0.000000 0.000000
0.050000 0.050000 0.050000 0.050000 0.050000 0.050000 0.050000 0.050000 0.050000 0.050000 0.050000 0.050000 0.050000 0.050000 0.050000 0.050000 0.050000 0.050000 0.050000 0.050000 0.000000
0.047619 0.047619 0.047619 0.047619 0.047619 0.047619 0.047619 0.047619 0.047619 0.047619 0.047619 0.047619 0.047619 0.047619 0.047619 0.047619 0.047619 0.047619 0.047619 0.047619 0.047619
# New slice
0.047619 0.047619 0.047619 0.047619 0.047619 0.047619 0.047619 0.047619 0.047619 0.047619 0.047619 0.047619 0.047619 0.047619 0.047619 0.047619 0.047619 0.047619 0.047619 0.047619 0.047619
0.000000 0.050000 0.050000 0.050000 0.050000 0.050000 0.050000 0.050000 0.050000 0.050000 0.050000 0.050000 0.050000 0.050000 0.050000 0.050000 0.050000 0.050000 0.050000 0.050000 0.050000
0.000000 0.000000 0.052632 0.052632 0.052632 0.052632 0.052632 0.052632 0.052632 0.052632 0.052632 0.052632 0.052632 0.052632 0.052632 0.052632 0.052632 0.052632 0.052632 0.052632 0.052632
0.000000 0.000000 0.000000 0.055556 0.055556 0.055556 0.055556 0.055556 0.055556 0.055556 0.055556 0.055556 0.055556 0.055556 0.055556 0.055556 0.055556 0.055556 0.055556 0.055556 0.055556
0.000000 0.000000 0.000000 0.000000 0.058824 0.058824 0.058824 0.058824 0.058824 0.058824 0.058824 0.058824 0.058824 0.058824 0.058824 0.058824 0.058824 0.058824 0.058824 0.058824 0.058824
0.000000 0.000000 0.000000 0.000000 0.000000 0.062500 0.062500 0.062500 0.062500 0.062500 0.062500 0.062500 0.062500 0.062500 0.062500 0.062500 0.062500 0.062500 0.062500 0.062500 0.062500
0.000000 0.000000 0.000000 0.000000 0.000000 0.000000 0.066667 0.066667 0.066667 0.066667 0.066667 0.066667 0.066667 0.066667 0.066667 0.066667 0.066667 0.066667 0.066667 0.066667 0.066667
0.000000 0.000000 0.000000 0.000000 0.000000 0.000000 0.000000 0.071429 0.071429 0.071429 0.071429 0.071429 0.071429 0.071429 0.071429 0.071429 0.071429 0.071429 0.071429 0.071429 0.071429
0.000000 0.000000 0.000000 0.000000 0.000000 0.000000 0.000000 0.000000 0.076923 0.076923 0.076923 0.076923 0.076923 0.076923 0.076923 0.076923 0.076923 0.076923 0.076923 0.076923 0.076923
0.000000 0.000000 0.000000 0.000000 0.000000 0.000000 0.000000 0.000000 0.000000 0.062500 0.312500 0.062500 0.062500 0.062500 0.062500 0.062500 0.062500 0.062500 0.062500 0.062500 0.062500
0.000000 0.000000 0.000000 0.000000 0.000000 0.000000 0.000000 0.000000 0.000000 0.021186 0.250000 0.652542 0.042373 0.004237 0.004237 0.004237 0.004237 0.004237 0.004237 0.004237 0.004237
0.000000 0.000000 0.000000 0.000000 0.000000 0.000000 0.000000 0.000000 0.000000 0.015971 0.180590 0.582310 0.197789 0.014742 0.001229 0.001229 0.001229 0.001229 0.001229 0.001229 0.001229
0.000000 0.000000 0.000000 0.000000 0.000000 0.000000 0.000000 0.000000 0.000000 0.008403 0.193277 0.436975 0.151261 0.151261 0.008403 0.008403 0.008403 0.008403 0.008403 0.008403 0.008403
0.000000 0.000000 0.000000 0.000000 0.000000 0.000000 0.000000 0.000000 0.000000 0.000000 0.000000 0.000000 0.000000 0.125000 0.125000 0.125000 0.125000 0.125000 0.125000 0.125000 0.125000
0.000000 0.000000 0.000000 0.000000 0.000000 0.000000 0.000000 0.000000 0.000000 0.000000 0.000000 0.000000 0.000000 0.000000 0.142857 0.142857 0.142857 0.142857 0.142857 0.142857 0.142857
0.000000 0.000000 0.000000 0.000000 0.000000 0.000000 0.000000 0.000000 0.000000 0.000000 0.000000 0.000000 0.000000 0.000000 0.000000 0.166667 0.166667 0.166667 0.166667 0.166667 0.166667
0.000000 0.000000 0.000000 0.000000 0.000000 0.000000 0.000000 0.000000 0.000000 0.000000 0.000000 0.000000 0.000000 0.000000 0.000000 0.000000 0.200000 0.200000 0.200000 0.200000 0.200000
0.000000 0.000000 0.000000 0.000000 0.000000 0.000000 0.000000 0.000000 0.000000 0.000000 0.000000 0.000000 0.000000 0.000000 0.000000 0.000000 0.000000 0.250000 0.250000 0.250000 0.250000
0.000000 0.000000 0.000000 0.000000 0.000000 0.000000 0.000000 0.000000 0.000000 0.000000 0.000000 0.000000 0.000000 0.000000 0.000000 0.000000 0.000000 0.000000 0.333333 0.333333 0.333333
0.000000 0.000000 0.000000 0.000000 0.000000 0.000000 0.000000 0.000000 0.000000 0.000000 0.000000 0.000000 0.000000 0.000000 0.000000 0.000000 0.000000 0.000000 0.000000 0.500000 0.500000
0.000000 0.000000 0.000000 0.000000 0.000000 0.000000 0.000000 0.000000 0.000000 0.000000 0.000000 0.000000 0.000000 0.000000 0.000000 0.000000 0.000000 0.000000 0.000000 0.000000 1.000000
# New slice
1.000000 0.000000 0.000000 0.000000 0.000000 0.000000 0.000000 0.000000 0.000000 0.000000 0.000000 0.000000 0.000000 0.000000 0.000000 0.000000 0.000000 0.000000 0.000000 0.000000 0.000000
0.500000 0.500000 0.000000 0.000000 0.000000 0.000000 0.000000 0.000000 0.000000 0.000000 0.000000 0.000000 0.000000 0.000000 0.000000 0.000000 0.000000 0.000000 0.000000 0.000000 0.000000
0.333333 0.333333 0.333333 0.000000 0.000000 0.000000 0.000000 0.000000 0.000000 0.000000 0.000000 0.000000 0.000000 0.000000 0.000000 0.000000 0.000000 0.000000 0.000000 0.000000 0.000000
0.250000 0.250000 0.250000 0.250000 0.000000 0.000000 0.000000 0.000000 0.000000 0.000000 0.000000 0.000000 0.000000 0.000000 0.000000 0.000000 0.000000 0.000000 0.000000 0.000000 0.000000
0.200000 0.200000 0.200000 0.200000 0.200000 0.000000 0.000000 0.000000 0.000000 0.000000 0.000000 0.000000 0.000000 0.000000 0.000000 0.000000 0.000000 0.000000 0.000000 0.000000 0.000000
0.166667 0.166667 0.166667 0.166667 0.166667 0.166667 0.000000 0.000000 0.000000 0.000000 0.000000 0.000000 0.000000 0.000000 0.000000 0.000000 0.000000 0.000000 0.000000 0.000000 0.000000
0.142857 0.142857 0.142857 0.142857 0.142857 0.142857 0.142857 0.000000 0.000000 0.000000 0.000000 0.000000 0.000000 0.000000 0.000000 0.000000 0.000000 0.000000 0.000000 0.000000 0.000000
0.125000 0.125000 0.125000 0.125000 0.125000 0.125000 0.125000 0.125000 0.000000 0.000000 0.000000 0.000000 0.000000 0.000000 0.000000 0.000000 0.000000 0.000000 0.000000 0.000000 0.000000
0.111111 0.111111 0.111111 0.111111 0.111111 0.111111 0.111111 0.111111 0.111111 0.000000 0.000000 0.000000 0.000000 0.000000 0.000000 0.000000 0.000000 0.000000 0.000000 0.000000 0.000000
0.100000 0.100000 0.100000 0.100000 0.100000 0.100000 0.100000 0.100000 0.100000 0.100000 0.000000 0.000000 0.000000 0.000000 0.000000 0.000000 0.000000 0.000000 0.000000 0.000000 0.000000
0.076923 0.076923 0.076923 0.076923 0.076923 0.076923 0.076923 0.076923 0.076923 0.153846 0.153846 0.000000 0.000000 0.000000 0.000000 0.000000 0.000000 0.000000 0.000000 0.000000 0.000000
0.071429 0.071429 0.071429 0.071429 0.071429 0.071429 0.071429 0.071429 0.071429 0.071429 0.214286 0.071429 0.000000 0.000000 0.000000 0.000000 0.000000 0.000000 0.000000 0.000000 0.000000
0.062500 0.062500 0.062500 0.062500 0.062500 0.062500 0.062500 0.062500 0.062500 0.062500 0.125000 0.187500 0.062500 0.000000 0.000000 0.000000 0.000000 0.000000 0.000000 0.000000 0.000000
0.066667 0.066667 0.066667 0.066667 0.066667 0.066667 0.066667 0.066667 0.066667 0.066667 0.066667 0.133333 0.066667 0.066667 0.000000 0.000000 0.000000 0.000000 0.000000 0.000000 0.000000
0.066667 0.066667 0.066667 0.066667 0.066667 0.066667 0.066667 0.066667 0.066667 0.066667 0.066667 0.066667 0.066667 0.066667 0.066667 0.000000 0.000000 0.000000 0.000000 0.000000 0.000000
0.062500 0.062500 0.062500 0.062500 0.062500 0.062500 0.062500 0.062500 0.062500 0.062500 0.062500 0.062500 0.062500 0.062500 0.062500 0.062500 0.000000 0.000000 0.000000 0.000000 0.000000
0.058824 0.058824 0.058824 0.058824 0.058824 0.058824 0.058824 0.058824 0.058824 0.058824 0.058824 0.058824 0.058824 0.058824 0.058824 0.058824 0.058824 0.000000 0.000000 0.000000 0.000000
0.055556 0.055556 0.055556 0.055556 0.055556 0.055556 0.055556 0.055556 0.055556 0.055556 0.055556 0.055556 0.055556 0.055556 0.055556 0.055556 0.055556 0.055556 0.000000 0.000000 0.000000
0.052632 0.052632 0.052632 0.052632 0.052632 0.052632 0.052632 0.052632 0.052632 0.052632 0.052632 0.052632 0.052632 0.052632 0.052632 0.052632 0.052632 0.052632 0.052632 0.000000 0.000000
0.050000 0.050000 0.050000 0.050000 0.050000 0.050000 0.050000 0.050000 0.050000 0.050000 0.050000 0.050000 0.050000 0.050000 0.050000 0.050000 0.050000 0.050000 0.050000 0.050000 0.000000
0.047619 0.047619 0.047619 0.047619 0.047619 0.047619 0.047619 0.047619 0.047619 0.047619 0.047619 0.047619 0.047619 0.047619 0.047619 0.047619 0.047619 0.047619 0.047619 0.047619 0.047619
# New slice
0.047619 0.047619 0.047619 0.047619 0.047619 0.047619 0.047619 0.047619 0.047619 0.047619 0.047619 0.047619 0.047619 0.047619 0.047619 0.047619 0.047619 0.047619 0.047619 0.047619 0.047619
0.000000 0.050000 0.050000 0.050000 0.050000 0.050000 0.050000 0.050000 0.050000 0.050000 0.050000 0.050000 0.050000 0.050000 0.050000 0.050000 0.050000 0.050000 0.050000 0.050000 0.050000
0.000000 0.000000 0.052632 0.052632 0.052632 0.052632 0.052632 0.052632 0.052632 0.052632 0.052632 0.052632 0.052632 0.052632 0.052632 0.052632 0.052632 0.052632 0.052632 0.052632 0.052632
0.000000 0.000000 0.000000 0.055556 0.055556 0.055556 0.055556 0.055556 0.055556 0.055556 0.055556 0.055556 0.055556 0.055556 0.055556 0.055556 0.055556 0.055556 0.055556 0.055556 0.055556
0.000000 0.000000 0.000000 0.000000 0.058824 0.058824 0.058824 0.058824 0.058824 0.058824 0.058824 0.058824 0.058824 0.058824 0.058824 0.058824 0.058824 0.058824 0.058824 0.058824 0.058824
0.000000 0.000000 0.000000 0.000000 0.000000 0.062500 0.062500 0.062500 0.062500 0.062500 0.062500 0.062500 0.062500 0.062500 0.062500 0.062500 0.062500 0.062500 0.062500 0.062500 0.062500
0.000000 0.000000 0.000000 0.000000 0.000000 0.000000 0.066667 0.066667 0.066667 0.066667 0.066667 0.066667 0.066667 0.066667 0.066667 0.066667 0.066667 0.066667 0.066667 0.066667 0.066667
0.000000 0.000000 0.000000 0.000000 0.000000 0.000000 0.000000 0.071429 0.071429 0.071429 0.071429 0.071429 0.071429 0.071429 0.071429 0.071429 0.071429 0.071429 0.071429 0.071429 0.071429
0.000000 0.000000 0.000000 0.000000 0.000000 0.000000 0.000000 0.000000 0.076923 0.076923 0.076923 0.076923 0.076923 0.076923 0.076923 0.076923 0.076923 0.076923 0.076923 0.076923 0.076923
0.000000 0.000000 0.000000 0.000000 0.000000 0.000000 0.000000 0.000000 0.000000 0.086957 0.630435 0.086957 0.021739 0.021739 0.021739 0.021739 0.021739 0.021739 0.021739 0.021739 0.021739
0.000000 0.000000 0.000000 0.000000 0.000000 0.000000 0.000000 0.000000 0.000000 0.009434 0.226415 0.698113 0.028302 0.004717 0.004717 0.004717 0.004717 0.004717 0.004717 0.004717 0.004717
0.000000 0.000000 0.000000 0.000000 0.000000 0.000000 0.000000 0.000000 0.000000 0.016997 0.186969 0.560907 0.186969 0.028329 0.002833 0.002833 0.002833 0.002833 0.002833 0.002833 0.002833
0.000000 0.000000 0.000000 0.000000 0.000000 0.000000 0.000000 0.000000 0.000000 0.000000 0.173184 0.486034 0.083799 0.217877 0.005587 0.005587 0.005587 0.005587 0.005587 0.005587 0.005587
0.000000 0.000000 0.000000 0.000000 0.000000 0.000000 0.000000 0.000000 0.000000 0.000000 0.182927 0.475610 0.134146 0.121951 0.012195 0.012195 0.012195 0.012195 0.012195 0.012195 0.012195
0.000000 0.000000 0.000000 0.000000 0.000000 0.000000 0.000000 0.000000 0.000000 0.000000 0.000000 0.000000 0.000000 0.000000 0.142857 0.142857 0.142857 0.142857 0.142857 0.142857 0.142857
0.000000 0.000000 0.000000 0.000000 0.000000 0.000000 0.000000 0.000000 0.000000 0.000000 0.000000 0.000000 0.000000 0.000000 0.000000 0.166667 0.166667 0.166667 0.166667 0.166667 0.166667
0.000000 0.000000 0.000000 0.000000 0.000000 0.000000 0.000000 0.000000 0.000000 0.000000 0.000000 0.000000 0.000000 0.000000 0.000000 0.000000 0.200000 0.200000 0.200000 0.200000 0.200000
0.000000 0.000000 0.000000 0.000000 0.000000 0.000000 0.000000 0.000000 0.000000 0.000000 0.000000 0.000000 0.000000 0.000000 0.000000 0.000000 0.000000 0.250000 0.250000 0.250000 0.250000
0.000000 0.000000 0.000000 0.000000 0.000000 0.000000 0.000000 0.000000 0.000000 0.000000 0.000000 0.000000 0.000000 0.000000 0.000000 0.000000 0.000000 0.000000 0.333333 0.333333 0.333333
0.000000 0.000000 0.000000 0.000000 0.000000 0.000000 0.000000 0.000000 0.000000 0.000000 0.000000 0.000000 0.000000 0.000000 0.000000 0.000000 0.000000 0.000000 0.000000 0.500000 0.500000
0.000000 0.000000 0.000000 0.000000 0.000000 0.000000 0.000000 0.000000 0.000000 0.000000 0.000000 0.000000 0.000000 0.000000 0.000000 0.000000 0.000000 0.000000 0.000000 0.000000 1.000000
# New slice
