# Array shape: (2, 21, 2)
     0.000      0.000
     0.000      0.000
     0.000      0.000
     0.000    135.069
     0.000    316.739
    46.238    857.214
     0.000   1087.943
    86.032   1165.715
   262.674   1103.050
   148.550   1204.727
   266.818   1360.817
   131.957   1230.059
   288.061   1240.979
   117.198   1308.868
   102.849   1461.020
  1096.806    -17.546
   127.256   1203.361
   165.533   1379.906
     0.000    722.238
     0.000    808.419
     0.000   1349.614
# New slice
     0.000      0.000
     0.000      0.000
     0.000     51.855
     0.000    244.112
     0.000    357.008
     0.000    947.312
     0.000    881.070
    97.441    989.241
   168.250   1055.189
   249.875   1098.469
   177.236   1259.726
  1067.053    291.724
   928.563     92.990
    98.138   1211.019
   134.818   1249.929
   224.988   1493.879
    80.341   1491.797
     0.000   1255.377
   169.901   1080.043
   170.216   1271.129
     0.000   1471.671
# New slice
