# Array shape: (2, 21, 2)
    10.471     59.403
    17.323     18.376
    48.662    -37.972
    74.346   -101.098
   124.378   -188.667
   174.427   -303.135
   163.226   -463.557
   133.581   -380.191
     0.000    297.811
   269.283   -133.970
     0.000    206.612
   188.116   -800.199
     0.000      0.000
     0.000      0.000
     0.000      0.000
     0.000      0.000
     0.000      0.000
     0.000      0.000
     0.000      0.000
     0.000      0.000
     0.000      0.000
# New slice
     0.000     48.230
    10.377     -7.545
    14.887   -105.362
    78.531    -62.130
   108.258    -22.010
   115.622   -302.620
   165.552    -42.761
  -312.278    271.991
  -205.717   -152.979
   236.901   -509.218
   155.274   -265.861
     0.000     64.379
     0.000     56.848
     0.000      0.000
     0.000      0.000
     0.000      0.000
     0.000      0.000
     0.000      0.000
     0.000      0.000
     0.000      0.000
 -4634.141   -471.622
# New slice
