# Array shape: (2, 21, 2)
     0.000      0.000
     0.000   2778.998
     0.000   7802.331
     0.000  15365.232
     0.000  25412.794
     0.000  29839.706
 27087.391  -1368.239
  7628.515  49987.929
     0.000  57301.275
  4262.021  51799.258
  9221.172  53263.975
  9030.117  66452.644
 13995.760  60450.244
  9391.133  58443.732
  5008.755  66488.703
  4126.487  49965.985
  7823.657  59538.600
     0.000  61271.415
     0.000  53690.714
     0.000  37857.498
  5532.556  31997.443
# New slice
     0.000   1700.771
     0.000   1828.504
     0.000   6253.149
  1311.934  19015.262
  1689.720  28348.766
     0.000  25834.089
  2587.359  40049.949
  2601.911  49369.450
  3080.774  47253.614
     0.000  51283.427
  3270.847  55665.588
 44096.840   9394.045
  7226.162  52551.315
  8071.010  56544.105
 10296.401  66810.113
 16668.189  63494.809
  5674.484  56996.672
     0.000  62475.030
 57133.341   4738.472
     0.000  45608.159
     0.000  47336.134
# New slice
