# Array shape: (2, 21, 2)
     0.000      0.000
     0.000      0.000
     0.000   1266.223
     0.000   1567.104
     0.000   1903.777
     0.000   2117.913
  1014.538   2511.282
     0.000   2748.667
     0.000   3138.328
     0.000   3369.195
     0.000   3385.568
  1393.523   4011.611
     0.000   3765.458
     0.000   3899.051
     0.000   4908.009
     0.000   5081.072
     0.000   5427.541
     0.000   5559.453
     0.000   5873.583
     0.000   5373.377
     0.000   7106.289
# New slice
     0.000      0.000
     0.000      0.000
     0.000   1267.752
   972.119   1595.365
  1147.902   1903.807
   647.286   2102.188
  1375.156   2220.503
  1178.888   2450.945
  1431.927   1590.465
  1199.557   3314.894
     0.000   1967.832
  3347.757   4131.893
  3618.869   4365.238
     0.000   4698.686
     0.000   4995.606
     0.000   5301.992
     0.000   5620.900
     0.000   1860.390
     0.000   5779.994
     0.000   6298.902
     0.000   2648.412
# New slice
