# Array shape: (2, 21, 2)
     0.000      0.000
     0.000   9617.003
  4270.771  19041.173
  8999.394  20899.369
 10671.290  22517.646
 15597.428  21755.506
 17350.049  23159.115
  9084.490  21396.706
 14516.913  22786.388
  6107.353  19751.246
  9379.716  20670.106
  2725.187  18758.828
     0.000  14051.942
     0.000  12340.504
     0.000   7323.641
  9145.656      0.000
     0.000      0.000
     0.000      0.000
     0.000      0.000
     0.000      0.000
     0.000      0.000
# New slice
     0.000   2608.062
     0.000  11191.278
  4356.198  19048.653
  9005.540  18584.409
  9742.314  21806.702
 11922.780  22958.536
  5708.403  22963.647
 12674.918  19534.029
  7949.208  19773.702
 11956.125  22650.479
  4083.273  20498.505
 21629.833   2770.274
     0.000  16994.971
  3889.612  14229.637
     0.000  10395.459
     0.000   7093.457
     0.000      0.000
     0.000      0.000
     0.000  11314.443
     0.000      0.000
     0.000      0.000
# New slice
