# Array shape: (2, 21, 2)
     0.000   2281.703
   336.063   3017.041
  1941.876   3466.307
  2444.151   3744.219
  2756.148   4151.298
  2209.004   4304.639
  1878.333   4082.693
  3228.872   4062.606
  3525.395   1008.086
   844.907   3616.239
  2638.707      0.000
     0.000   1977.834
     0.000      0.000
     0.000      0.000
     0.000   1099.475
     0.000   1184.141
     0.000   1217.539
     0.000      0.000
     0.000      0.000
     0.000      0.000
     0.000      0.000
# New slice
  1508.628      0.000
   942.939   3227.809
   675.038   3675.526
  2266.364   4082.257
  2338.561   4067.028
  2148.539   3505.823
  1641.221   3471.100
  3570.868   2470.084
  1238.596   3972.808
     0.000   4058.401
  3400.301      0.000
     0.000   1886.124
     0.000      0.000
   465.933   1174.517
     0.000      0.000
     0.000      0.000
     0.000      0.000
   331.419      0.000
     0.000      0.000
     0.000      0.000
     0.000      0.000
# New slice
