# Array shape: (2, 21, 2)
   159.669   2814.200
  1727.911    445.776
  2223.692    -68.927
     0.000   6059.713
     0.000   7331.616
     0.000   9186.120
     0.000   9757.574
     0.000   7706.760
  9734.126  -2049.859
     0.000  14432.395
     0.000  12427.561
 15384.628  -1864.802
  1873.249   6680.885
     0.000   1113.113
     0.000   7760.076
     0.000   2366.808
     0.000   1703.099
     0.000      0.000
     0.000      0.000
     0.000      0.000
     0.000      0.000
# New slice
   130.411   2317.241
   571.795   3605.917
   354.796   5094.726
  3953.775   -329.990
     0.000   6451.063
  4772.849   -927.404
     0.000   9688.559
     0.000  11852.941
     0.000  13731.055
  3945.097  13606.069
  1575.399  13143.030
     0.000  14341.959
     0.000  13236.367
 -1444.277   7434.950
  9168.138  -7503.825
  -917.593  -4345.249
     0.000      0.000
     0.000      0.000
     0.000      0.000
     0.000      0.000
     0.000      0.000
# New slice
