# Array shape: (2, 21, 2)
     0.000      0.000
     0.000      0.000
     0.000      0.000
     0.000 148819.246
 99501.687 164322.442
     0.000 100855.841
     0.000 195525.813
     0.000 228721.165
 91050.286 252663.784
     0.000 261923.079
     0.000 243696.870
     0.000 215215.952
     0.000  91371.312
     0.000      0.000
     0.000      0.000
     0.000      0.000
     0.000      0.000
     0.000      0.000
     0.000      0.000
     0.000      0.000
     0.000      0.000
# New slice
     0.000      0.000
     0.000      0.000
     0.000  90112.525
 93206.570 149959.152
112945.421 149869.989
 87088.335 181532.470
150046.560 212024.016
 80882.452 132519.044
121987.154 234968.682
125849.613  76332.055
249380.731 121867.361
231753.369 110595.124
     0.000 283208.418
     0.000      0.000
     0.000      0.000
     0.000      0.000
     0.000      0.000
     0.000      0.000
     0.000      0.000
     0.000      0.000
     0.000      0.000
# New slice
