# Array shape: (2, 21, 2)
     0.000      0.000
     0.000      0.000
     0.000      0.000
     0.000     28.938
    17.027   1670.099
    39.121    533.009
     0.000   1600.914
     0.000   2727.314
    32.841   3298.685
     0.000   2116.165
    50.690   4130.813
   121.979   5218.855
     0.000   1974.411
   125.948   2561.845
     0.000    369.786
     0.000    260.529
     0.000    202.844
     0.000     35.884
     0.000     41.576
     0.000      0.000
    64.254      0.000
# New slice
     0.000      0.000
     0.000      0.000
     0.000      0.000
     0.000     23.865
     0.000     54.147
     0.000   1363.960
     0.000    602.293
     0.000    894.480
     0.000   1096.857
     0.000   1923.338
     0.000   3856.201
     0.000   3951.433
     0.000   3272.707
    62.582   3659.931
  3073.301    118.296
     0.000   1405.832
    49.911    792.971
     0.000    308.719
     0.000    272.339
     0.000    134.949
     0.000    119.795
# New slice
