# Array shape: (2, 2, 21, 21)
1.000000 0.000000 0.000000 0.000000 0.000000 0.000000 0.000000 0.000000 0.000000 0.000000 0.000000 0.000000 0.000000 0.000000 0.000000 0.000000 0.000000 0.000000 0.000000 0.000000 0.000000
0.500000 0.500000 0.000000 0.000000 0.000000 0.000000 0.000000 0.000000 0.000000 0.000000 0.000000 0.000000 0.000000 0.000000 0.000000 0.000000 0.000000 0.000000 0.000000 0.000000 0.000000
0.333333 0.333333 0.333333 0.000000 0.000000 0.000000 0.000000 0.000000 0.000000 0.000000 0.000000 0.000000 0.000000 0.000000 0.000000 0.000000 0.000000 0.000000 0.000000 0.000000 0.000000
0.250000 0.250000 0.250000 0.250000 0.000000 0.000000 0.000000 0.000000 0.000000 0.000000 0.000000 0.000000 0.000000 0.000000 0.000000 0.000000 0.000000 0.000000 0.000000 0.000000 0.000000
0.200000 0.200000 0.200000 0.200000 0.200000 0.000000 0.000000 0.000000 0.000000 0.000000 0.000000 0.000000 0.000000 0.000000 0.000000 0.000000 0.000000 0.000000 0.000000 0.000000 0.000000
0.166667 0.166667 0.166667 0.166667 0.166667 0.166667 0.000000 0.000000 0.000000 0.000000 0.000000 0.000000 0.000000 0.000000 0.000000 0.000000 0.000000 0.000000 0.000000 0.000000 0.000000
0.125000 0.125000 0.125000 0.250000 0.125000 0.125000 0.125000 0.000000 0.000000 0.000000 0.000000 0.000000 0.000000 0.000000 0.000000 0.000000 0.000000 0.000000 0.000000 0.000000 0.000000
0.111111 0.111111 0.111111 0.111111 0.222222 0.111111 0.111111 0.111111 0.000000 0.000000 0.000000 0.000000 0.000000 0.000000 0.000000 0.000000 0.000000 0.000000 0.000000 0.000000 0.000000
0.111111 0.111111 0.111111 0.111111 0.111111 0.111111 0.111111 0.111111 0.111111 0.000000 0.000000 0.000000 0.000000 0.000000 0.000000 0.000000 0.000000 0.000000 0.000000 0.000000 0.000000
0.100000 0.100000 0.100000 0.100000 0.100000 0.100000 0.100000 0.100000 0.100000 0.100000 0.000000 0.000000 0.000000 0.000000 0.000000 0.000000 0.000000 0.000000 0.000000 0.000000 0.000000
0.090909 0.090909 0.090909 0.090909 0.090909 0.090909 0.090909 0.090909 0.090909 0.090909 0.090909 0.000000 0.000000 0.000000 0.000000 0.000000 0.000000 0.000000 0.000000 0.000000 0.000000
0.083333 0.083333 0.083333 0.083333 0.083333 0.083333 0.083333 0.083333 0.083333 0.083333 0.083333 0.083333 0.000000 0.000000 0.000000 0.000000 0.000000 0.000000 0.000000 0.000000 0.000000
0.076923 0.076923 0.076923 0.076923 0.076923 0.076923 0.076923 0.076923 0.076923 0.076923 0.076923 0.076923 0.076923 0.000000 0.000000 0.000000 0.000000 0.000000 0.000000 0.000000 0.000000
0.025641 0.025641 0.025641 0.076923 0.051282 0.076923 0.025641 0.076923 0.025641 0.025641 0.025641 0.179487 0.282051 0.076923 0.000000 0.000000 0.000000 0.000000 0.000000 0.000000 0.000000
0.066667 0.066667 0.066667 0.066667 0.066667 0.066667 0.066667 0.066667 0.066667 0.066667 0.066667 0.066667 0.066667 0.066667 0.066667 0.000000 0.000000 0.000000 0.000000 0.000000 0.000000
0.062500 0.062500 0.062500 0.062500 0.062500 0.062500 0.062500 0.062500 0.062500 0.062500 0.062500 0.062500 0.062500 0.062500 0.062500 0.062500 0.000000 0.000000 0.000000 0.000000 0.000000
0.058824 0.058824 0.058824 0.058824 0.058824 0.058824 0.058824 0.058824 0.058824 0.058824 0.058824 0.058824 0.058824 0.058824 0.058824 0.058824 0.058824 0.000000 0.000000 0.000000 0.000000
0.055556 0.055556 0.055556 0.055556 0.055556 0.055556 0.055556 0.055556 0.055556 0.055556 0.055556 0.055556 0.055556 0.055556 0.055556 0.055556 0.055556 0.055556 0.000000 0.000000 0.000000
0.052632 0.052632 0.052632 0.052632 0.052632 0.052632 0.052632 0.052632 0.052632 0.052632 0.052632 0.052632 0.052632 0.052632 0.052632 0.052632 0.052632 0.052632 0.052632 0.000000 0.000000
0.050000 0.050000 0.050000 0.050000 0.050000 0.050000 0.050000 0.050000 0.050000 0.050000 0.050000 0.050000 0.050000 0.050000 0.050000 0.050000 0.050000 0.050000 0.050000 0.050000 0.000000
0.047619 0.047619 0.047619 0.047619 0.047619 0.047619 0.047619 0.047619 0.047619 0.047619 0.047619 0.047619 0.047619 0.047619 0.047619 0.047619 0.047619 0.047619 0.047619 0.047619 0.047619
# New slice
0.047619 0.047619 0.047619 0.047619 0.047619 0.047619 0.047619 0.047619 0.047619 0.047619 0.047619 0.047619 0.047619 0.047619 0.047619 0.047619 0.047619 0.047619 0.047619 0.047619 0.047619
0.000000 0.050000 0.050000 0.050000 0.050000 0.050000 0.050000 0.050000 0.050000 0.050000 0.050000 0.050000 0.050000 0.050000 0.050000 0.050000 0.050000 0.050000 0.050000 0.050000 0.050000
0.000000 0.000000 0.083333 0.166667 0.083333 0.041667 0.041667 0.041667 0.041667 0.041667 0.041667 0.041667 0.041667 0.041667 0.041667 0.041667 0.041667 0.041667 0.041667 0.041667 0.041667
0.000000 0.000000 0.000000 0.175000 0.300000 0.150000 0.025000 0.025000 0.025000 0.025000 0.025000 0.025000 0.025000 0.025000 0.025000 0.025000 0.025000 0.025000 0.025000 0.025000 0.025000
0.000000 0.000000 0.017241 0.017241 0.258621 0.275862 0.172414 0.034483 0.017241 0.017241 0.017241 0.017241 0.017241 0.017241 0.017241 0.017241 0.017241 0.017241 0.017241 0.017241 0.017241
0.000000 0.000000 0.000000 0.029412 0.000000 0.235294 0.441176 0.088235 0.029412 0.014706 0.014706 0.014706 0.014706 0.014706 0.014706 0.014706 0.014706 0.014706 0.014706 0.014706 0.014706
0.000000 0.000000 0.018182 0.018182 0.036364 0.063636 0.309091 0.290909 0.100000 0.063636 0.009091 0.009091 0.009091 0.009091 0.009091 0.009091 0.009091 0.009091 0.009091 0.009091 0.009091
0.000000 0.000000 0.008065 0.024194 0.024194 0.072581 0.056452 0.201613 0.411290 0.096774 0.024194 0.008065 0.008065 0.008065 0.008065 0.008065 0.008065 0.008065 0.008065 0.008065 0.008065
0.000000 0.000000 0.000000 0.006173 0.000000 0.043210 0.049383 0.043210 0.240741 0.401235 0.123457 0.030864 0.012346 0.006173 0.006173 0.006173 0.006173 0.006173 0.006173 0.006173 0.006173
0.000000 0.000000 0.000000 0.000000 0.021277 0.063830 0.021277 0.070922 0.056738 0.241135 0.297872 0.134752 0.028369 0.014184 0.007092 0.007092 0.007092 0.007092 0.007092 0.007092 0.007092
0.000000 0.000000 0.000000 0.000000 0.010309 0.010309 0.061856 0.030928 0.051546 0.041237 0.329897 0.247423 0.134021 0.010309 0.010309 0.010309 0.010309 0.010309 0.010309 0.010309 0.010309
0.000000 0.000000 0.000000 0.000000 0.014706 0.014706 0.073529 0.088235 0.058824 0.000000 0.058824 0.176471 0.308824 0.073529 0.029412 0.029412 0.014706 0.014706 0.014706 0.014706 0.014706
0.000000 0.000000 0.000000 0.000000 0.000000 0.020408 0.020408 0.081633 0.102041 0.020408 0.020408 0.040816 0.122449 0.285714 0.163265 0.020408 0.020408 0.020408 0.020408 0.020408 0.020408
0.000000 0.000000 0.000000 0.000000 0.000000 0.000000 0.000000 0.000000 0.111111 0.000000 0.000000 0.000000 0.000000 0.111111 0.111111 0.111111 0.111111 0.111111 0.111111 0.111111 0.111111
0.000000 0.000000 0.000000 0.000000 0.000000 0.033333 0.033333 0.100000 0.033333 0.033333 0.033333 0.033333 0.000000 0.000000 0.200000 0.266667 0.100000 0.033333 0.033333 0.033333 0.033333
0.000000 0.000000 0.000000 0.000000 0.000000 0.000000 0.000000 0.000000 0.000000 0.000000 0.000000 0.100000 0.000000 0.000000 0.000000 0.100000 0.400000 0.100000 0.100000 0.100000 0.100000
0.000000 0.000000 0.000000 0.000000 0.000000 0.000000 0.000000 0.000000 0.000000 0.000000 0.000000 0.000000 0.000000 0.000000 0.230769 0.000000 0.153846 0.307692 0.153846 0.076923 0.076923
0.000000 0.000000 0.000000 0.000000 0.000000 0.000000 0.000000 0.000000 0.000000 0.000000 0.000000 0.000000 0.166667 0.000000 0.000000 0.000000 0.000000 0.166667 0.166667 0.333333 0.166667
0.000000 0.000000 0.000000 0.000000 0.250000 0.000000 0.000000 0.000000 0.000000 0.000000 0.000000 0.000000 0.000000 0.000000 0.000000 0.000000 0.000000 0.000000 0.250000 0.250000 0.250000
0.000000 0.000000 0.000000 0.000000 0.000000 0.000000 0.000000 0.000000 0.000000 0.000000 0.000000 0.000000 0.000000 0.000000 0.000000 0.000000 0.000000 0.000000 0.000000 0.500000 0.500000
0.000000 0.000000 0.000000 0.000000 0.000000 0.000000 0.000000 0.000000 0.000000 0.000000 0.000000 0.000000 0.000000 0.000000 0.000000 0.000000 0.000000 0.000000 0.000000 0.000000 1.000000
# New slice
1.000000 0.000000 0.000000 0.000000 0.000000 0.000000 0.000000 0.000000 0.000000 0.000000 0.000000 0.000000 0.000000 0.000000 0.000000 0.000000 0.000000 0.000000 0.000000 0.000000 0.000000
0.500000 0.500000 0.000000 0.000000 0.000000 0.000000 0.000000 0.000000 0.000000 0.000000 0.000000 0.000000 0.000000 0.000000 0.000000 0.000000 0.000000 0.000000 0.000000 0.000000 0.000000
0.333333 0.333333 0.333333 0.000000 0.000000 0.000000 0.000000 0.000000 0.000000 0.000000 0.000000 0.000000 0.000000 0.000000 0.000000 0.000000 0.000000 0.000000 0.000000 0.000000 0.000000
0.200000 0.200000 0.200000 0.400000 0.000000 0.000000 0.000000 0.000000 0.000000 0.000000 0.000000 0.000000 0.000000 0.000000 0.000000 0.000000 0.000000 0.000000 0.000000 0.000000 0.000000
0.200000 0.200000 0.200000 0.200000 0.200000 0.000000 0.000000 0.000000 0.000000 0.000000 0.000000 0.000000 0.000000 0.000000 0.000000 0.000000 0.000000 0.000000 0.000000 0.000000 0.000000
0.100000 0.100000 0.100000 0.400000 0.200000 0.100000 0.000000 0.000000 0.000000 0.000000 0.000000 0.000000 0.000000 0.000000 0.000000 0.000000 0.000000 0.000000 0.000000 0.000000 0.000000
0.142857 0.142857 0.142857 0.142857 0.142857 0.142857 0.142857 0.000000 0.000000 0.000000 0.000000 0.000000 0.000000 0.000000 0.000000 0.000000 0.000000 0.000000 0.000000 0.000000 0.000000
0.125000 0.125000 0.125000 0.125000 0.125000 0.125000 0.125000 0.125000 0.000000 0.000000 0.000000 0.000000 0.000000 0.000000 0.000000 0.000000 0.000000 0.000000 0.000000 0.000000 0.000000
0.111111 0.111111 0.111111 0.111111 0.111111 0.111111 0.111111 0.111111 0.111111 0.000000 0.000000 0.000000 0.000000 0.000000 0.000000 0.000000 0.000000 0.000000 0.000000 0.000000 0.000000
0.007092 0.007092 0.007092 0.056738 0.049645 0.063830 0.092199 0.205674 0.312057 0.198582 0.000000 0.000000 0.000000 0.000000 0.000000 0.000000 0.000000 0.000000 0.000000 0.000000 0.000000
0.090909 0.090909 0.090909 0.090909 0.090909 0.090909 0.090909 0.090909 0.090909 0.090909 0.090909 0.000000 0.000000 0.000000 0.000000 0.000000 0.000000 0.000000 0.000000 0.000000 0.000000
0.076923 0.076923 0.153846 0.076923 0.076923 0.076923 0.076923 0.076923 0.076923 0.076923 0.076923 0.076923 0.000000 0.000000 0.000000 0.000000 0.000000 0.000000 0.000000 0.000000 0.000000
0.076923 0.076923 0.076923 0.076923 0.076923 0.076923 0.076923 0.076923 0.076923 0.076923 0.076923 0.076923 0.076923 0.000000 0.000000 0.000000 0.000000 0.000000 0.000000 0.000000 0.000000
0.071429 0.071429 0.071429 0.071429 0.071429 0.071429 0.071429 0.071429 0.071429 0.071429 0.071429 0.071429 0.071429 0.071429 0.000000 0.000000 0.000000 0.000000 0.000000 0.000000 0.000000
0.066667 0.066667 0.066667 0.066667 0.066667 0.066667 0.066667 0.066667 0.066667 0.066667 0.066667 0.066667 0.066667 0.066667 0.066667 0.000000 0.000000 0.000000 0.000000 0.000000 0.000000
0.062500 0.062500 0.062500 0.062500 0.062500 0.062500 0.062500 0.062500 0.062500 0.062500 0.062500 0.062500 0.062500 0.062500 0.062500 0.062500 0.000000 0.000000 0.000000 0.000000 0.000000
0.058824 0.058824 0.058824 0.058824 0.058824 0.058824 0.058824 0.058824 0.058824 0.058824 0.058824 0.058824 0.058824 0.058824 0.058824 0.058824 0.058824 0.000000 0.000000 0.000000 0.000000
0.050000 0.050000 0.050000 0.050000 0.050000 0.050000 0.050000 0.050000 0.100000 0.050000 0.050000 0.050000 0.050000 0.050000 0.100000 0.050000 0.050000 0.050000 0.000000 0.000000 0.000000
0.052632 0.052632 0.052632 0.052632 0.052632 0.052632 0.052632 0.052632 0.052632 0.052632 0.052632 0.052632 0.052632 0.052632 0.052632 0.052632 0.052632 0.052632 0.052632 0.000000 0.000000
0.050000 0.050000 0.050000 0.050000 0.050000 0.050000 0.050000 0.050000 0.050000 0.050000 0.050000 0.050000 0.050000 0.050000 0.050000 0.050000 0.050000 0.050000 0.050000 0.050000 0.000000
0.041667 0.041667 0.041667 0.041667 0.083333 0.041667 0.041667 0.041667 0.041667 0.041667 0.083333 0.041667 0.041667 0.041667 0.041667 0.041667 0.041667 0.041667 0.041667 0.041667 0.083333
# New slice
0.047619 0.047619 0.047619 0.047619 0.047619 0.047619 0.047619 0.047619 0.047619 0.047619 0.047619 0.047619 0.047619 0.047619 0.047619 0.047619 0.047619 0.047619 0.047619 0.047619 0.047619
0.000000 0.050000 0.050000 0.050000 0.050000 0.050000 0.050000 0.050000 0.050000 0.050000 0.050000 0.050000 0.050000 0.050000 0.050000 0.050000 0.050000 0.050000 0.050000 0.050000 0.050000
0.000000 0.000000 0.037037 0.185185 0.148148 0.074074 0.037037 0.037037 0.037037 0.037037 0.037037 0.037037 0.037037 0.037037 0.037037 0.037037 0.037037 0.037037 0.037037 0.037037 0.037037
0.000000 0.000000 0.034483 0.206897 0.310345 0.103448 0.103448 0.017241 0.017241 0.017241 0.017241 0.017241 0.017241 0.017241 0.017241 0.017241 0.017241 0.017241 0.017241 0.017241 0.017241
0.000000 0.000000 0.000000 0.023529 0.258824 0.423529 0.129412 0.011765 0.011765 0.011765 0.011765 0.011765 0.011765 0.011765 0.011765 0.011765 0.011765 0.011765 0.011765 0.011765 0.011765
0.000000 0.000000 0.006897 0.020690 0.006897 0.262069 0.427586 0.172414 0.020690 0.006897 0.006897 0.006897 0.006897 0.006897 0.006897 0.006897 0.006897 0.006897 0.006897 0.006897 0.006897
0.000000 0.000000 0.000000 0.025253 0.035354 0.035354 0.318182 0.348485 0.136364 0.045455 0.005051 0.005051 0.005051 0.005051 0.005051 0.005051 0.005051 0.005051 0.005051 0.005051 0.005051
0.000000 0.000000 0.016216 0.010811 0.021622 0.037838 0.048649 0.248649 0.367568 0.156757 0.037838 0.005405 0.005405 0.005405 0.005405 0.005405 0.005405 0.005405 0.005405 0.005405 0.005405
0.000000 0.000000 0.005682 0.005682 0.017045 0.045455 0.051136 0.045455 0.198864 0.420455 0.136364 0.022727 0.005682 0.005682 0.005682 0.005682 0.005682 0.005682 0.005682 0.005682 0.005682
0.000000 0.000000 0.050000 0.000000 0.000000 0.050000 0.000000 0.000000 0.050000 0.100000 0.150000 0.150000 0.050000 0.050000 0.050000 0.050000 0.050000 0.050000 0.050000 0.050000 0.050000
0.000000 0.000000 0.000000 0.011628 0.000000 0.023256 0.046512 0.069767 0.081395 0.034884 0.255814 0.290698 0.081395 0.023256 0.011628 0.011628 0.011628 0.011628 0.011628 0.011628 0.011628
0.000000 0.000000 0.000000 0.033898 0.033898 0.000000 0.033898 0.033898 0.033898 0.050847 0.033898 0.186441 0.305085 0.118644 0.033898 0.016949 0.016949 0.016949 0.016949 0.016949 0.016949
0.000000 0.000000 0.000000 0.000000 0.036364 0.018182 0.036364 0.054545 0.036364 0.036364 0.054545 0.054545 0.163636 0.272727 0.127273 0.018182 0.018182 0.018182 0.018182 0.018182 0.018182
0.000000 0.000000 0.000000 0.000000 0.000000 0.000000 0.000000 0.000000 0.062500 0.000000 0.031250 0.000000 0.031250 0.250000 0.281250 0.125000 0.093750 0.031250 0.031250 0.031250 0.031250
0.000000 0.000000 0.000000 0.000000 0.000000 0.000000 0.000000 0.041667 0.041667 0.041667 0.041667 0.000000 0.041667 0.000000 0.375000 0.166667 0.083333 0.041667 0.041667 0.041667 0.041667
0.000000 0.000000 0.000000 0.000000 0.000000 0.000000 0.000000 0.000000 0.052632 0.052632 0.052632 0.000000 0.000000 0.052632 0.000000 0.157895 0.263158 0.157895 0.105263 0.052632 0.052632
0.000000 0.000000 0.000000 0.000000 0.000000 0.000000 0.000000 0.090909 0.000000 0.090909 0.090909 0.000000 0.000000 0.090909 0.000000 0.090909 0.181818 0.090909 0.090909 0.090909 0.090909
0.000000 0.000000 0.000000 0.000000 0.000000 0.000000 0.200000 0.000000 0.000000 0.000000 0.000000 0.000000 0.000000 0.000000 0.000000 0.000000 0.000000 0.200000 0.200000 0.200000 0.200000
0.000000 0.000000 0.000000 0.000000 0.000000 0.000000 0.000000 0.000000 0.000000 0.000000 0.000000 0.000000 0.250000 0.000000 0.000000 0.000000 0.000000 0.000000 0.250000 0.250000 0.250000
0.000000 0.000000 0.000000 0.000000 0.000000 0.000000 0.000000 0.000000 0.000000 0.000000 0.000000 0.000000 0.000000 0.000000 0.000000 0.000000 0.000000 0.000000 0.000000 0.333333 0.666667
0.000000 0.000000 0.000000 0.000000 0.000000 0.000000 0.000000 0.000000 0.000000 0.000000 0.000000 0.000000 0.000000 0.000000 0.000000 0.000000 0.000000 0.000000 0.000000 0.000000 1.000000
# New slice
