# Array shape: (2, 2, 21, 21)
1.000000 0.000000 0.000000 0.000000 0.000000 0.000000 0.000000 0.000000 0.000000 0.000000 0.000000 0.000000 0.000000 0.000000 0.000000 0.000000 0.000000 0.000000 0.000000 0.000000 0.000000
0.500000 0.500000 0.000000 0.000000 0.000000 0.000000 0.000000 0.000000 0.000000 0.000000 0.000000 0.000000 0.000000 0.000000 0.000000 0.000000 0.000000 0.000000 0.000000 0.000000 0.000000
0.333333 0.333333 0.333333 0.000000 0.000000 0.000000 0.000000 0.000000 0.000000 0.000000 0.000000 0.000000 0.000000 0.000000 0.000000 0.000000 0.000000 0.000000 0.000000 0.000000 0.000000
0.250000 0.250000 0.250000 0.250000 0.000000 0.000000 0.000000 0.000000 0.000000 0.000000 0.000000 0.000000 0.000000 0.000000 0.000000 0.000000 0.000000 0.000000 0.000000 0.000000 0.000000
0.200000 0.200000 0.200000 0.200000 0.200000 0.000000 0.000000 0.000000 0.000000 0.000000 0.000000 0.000000 0.000000 0.000000 0.000000 0.000000 0.000000 0.000000 0.000000 0.000000 0.000000
0.166667 0.166667 0.166667 0.166667 0.166667 0.166667 0.000000 0.000000 0.000000 0.000000 0.000000 0.000000 0.000000 0.000000 0.000000 0.000000 0.000000 0.000000 0.000000 0.000000 0.000000
0.142857 0.142857 0.142857 0.142857 0.142857 0.142857 0.142857 0.000000 0.000000 0.000000 0.000000 0.000000 0.000000 0.000000 0.000000 0.000000 0.000000 0.000000 0.000000 0.000000 0.000000
0.125000 0.125000 0.125000 0.125000 0.125000 0.125000 0.125000 0.125000 0.000000 0.000000 0.000000 0.000000 0.000000 0.000000 0.000000 0.000000 0.000000 0.000000 0.000000 0.000000 0.000000
0.090909 0.090909 0.090909 0.090909 0.090909 0.090909 0.181818 0.181818 0.090909 0.000000 0.000000 0.000000 0.000000 0.000000 0.000000 0.000000 0.000000 0.000000 0.000000 0.000000 0.000000
0.083333 0.083333 0.083333 0.083333 0.083333 0.083333 0.083333 0.083333 0.250000 0.083333 0.000000 0.000000 0.000000 0.000000 0.000000 0.000000 0.000000 0.000000 0.000000 0.000000 0.000000
0.050000 0.050000 0.050000 0.050000 0.050000 0.050000 0.100000 0.250000 0.150000 0.150000 0.050000 0.000000 0.000000 0.000000 0.000000 0.000000 0.000000 0.000000 0.000000 0.000000 0.000000
0.043478 0.043478 0.043478 0.043478 0.043478 0.043478 0.043478 0.086957 0.173913 0.304348 0.043478 0.086957 0.000000 0.000000 0.000000 0.000000 0.000000 0.000000 0.000000 0.000000 0.000000
0.047619 0.047619 0.047619 0.047619 0.047619 0.047619 0.047619 0.142857 0.142857 0.047619 0.190476 0.095238 0.047619 0.000000 0.000000 0.000000 0.000000 0.000000 0.000000 0.000000 0.000000
0.045455 0.045455 0.045455 0.045455 0.045455 0.045455 0.045455 0.045455 0.181818 0.090909 0.181818 0.090909 0.045455 0.045455 0.000000 0.000000 0.000000 0.000000 0.000000 0.000000 0.000000
0.050000 0.050000 0.050000 0.050000 0.050000 0.050000 0.050000 0.050000 0.050000 0.050000 0.050000 0.250000 0.050000 0.100000 0.050000 0.000000 0.000000 0.000000 0.000000 0.000000 0.000000
0.050000 0.050000 0.050000 0.050000 0.050000 0.050000 0.050000 0.050000 0.050000 0.050000 0.050000 0.100000 0.150000 0.100000 0.050000 0.050000 0.000000 0.000000 0.000000 0.000000 0.000000
0.052632 0.052632 0.052632 0.052632 0.052632 0.052632 0.052632 0.052632 0.052632 0.052632 0.105263 0.052632 0.052632 0.105263 0.052632 0.052632 0.052632 0.000000 0.000000 0.000000 0.000000
0.050000 0.050000 0.050000 0.050000 0.050000 0.050000 0.050000 0.050000 0.050000 0.050000 0.050000 0.050000 0.050000 0.100000 0.050000 0.050000 0.100000 0.050000 0.000000 0.000000 0.000000
0.052632 0.052632 0.052632 0.052632 0.052632 0.052632 0.052632 0.052632 0.052632 0.052632 0.052632 0.052632 0.052632 0.052632 0.052632 0.052632 0.052632 0.052632 0.052632 0.000000 0.000000
0.047619 0.047619 0.047619 0.047619 0.047619 0.047619 0.047619 0.047619 0.047619 0.047619 0.047619 0.047619 0.095238 0.047619 0.047619 0.047619 0.047619 0.047619 0.047619 0.047619 0.000000
0.047619 0.047619 0.047619 0.047619 0.047619 0.047619 0.047619 0.047619 0.047619 0.047619 0.047619 0.047619 0.047619 0.047619 0.047619 0.047619 0.047619 0.047619 0.047619 0.047619 0.047619
# New slice
0.047619 0.047619 0.047619 0.047619 0.047619 0.047619 0.047619 0.047619 0.047619 0.047619 0.047619 0.047619 0.047619 0.047619 0.047619 0.047619 0.047619 0.047619 0.047619 0.047619 0.047619
0.000000 0.050000 0.050000 0.050000 0.050000 0.050000 0.050000 0.050000 0.050000 0.050000 0.050000 0.050000 0.050000 0.050000 0.050000 0.050000 0.050000 0.050000 0.050000 0.050000 0.050000
0.000000 0.000000 0.052632 0.052632 0.052632 0.052632 0.052632 0.052632 0.052632 0.052632 0.052632 0.052632 0.052632 0.052632 0.052632 0.052632 0.052632 0.052632 0.052632 0.052632 0.052632
0.000000 0.000000 0.000000 0.055556 0.055556 0.055556 0.055556 0.055556 0.055556 0.055556 0.055556 0.055556 0.055556 0.055556 0.055556 0.055556 0.055556 0.055556 0.055556 0.055556 0.055556
0.000000 0.000000 0.000000 0.000000 0.055556 0.111111 0.055556 0.055556 0.055556 0.055556 0.055556 0.055556 0.055556 0.055556 0.055556 0.055556 0.055556 0.055556 0.055556 0.055556 0.055556
0.000000 0.000000 0.000000 0.000000 0.000000 0.142857 0.190476 0.047619 0.047619 0.047619 0.047619 0.047619 0.047619 0.047619 0.047619 0.047619 0.047619 0.047619 0.047619 0.047619 0.047619
0.000000 0.000000 0.000000 0.000000 0.041667 0.000000 0.083333 0.166667 0.166667 0.083333 0.041667 0.041667 0.041667 0.041667 0.041667 0.041667 0.041667 0.041667 0.041667 0.041667 0.041667
0.000000 0.000000 0.000000 0.000000 0.000000 0.000000 0.029412 0.147059 0.323529 0.176471 0.029412 0.029412 0.029412 0.029412 0.029412 0.029412 0.029412 0.029412 0.029412 0.029412 0.029412
0.000000 0.000000 0.000000 0.000000 0.000000 0.000000 0.032258 0.096774 0.290323 0.225806 0.161290 0.048387 0.016129 0.016129 0.016129 0.016129 0.016129 0.016129 0.016129 0.016129 0.016129
0.000000 0.000000 0.000000 0.000000 0.000000 0.000000 0.000000 0.020408 0.112245 0.214286 0.367347 0.153061 0.051020 0.010204 0.010204 0.010204 0.010204 0.010204 0.010204 0.010204 0.010204
0.000000 0.000000 0.000000 0.000000 0.000000 0.000000 0.000000 0.018519 0.009259 0.185185 0.157407 0.425926 0.101852 0.037037 0.009259 0.009259 0.009259 0.009259 0.009259 0.009259 0.009259
0.000000 0.000000 0.000000 0.000000 0.000000 0.000000 0.000000 0.006803 0.013605 0.081633 0.136054 0.231293 0.244898 0.183673 0.054422 0.006803 0.013605 0.006803 0.006803 0.006803 0.006803
0.000000 0.000000 0.000000 0.000000 0.000000 0.000000 0.000000 0.000000 0.007576 0.015152 0.113636 0.204545 0.174242 0.287879 0.128788 0.015152 0.022727 0.007576 0.007576 0.007576 0.007576
0.000000 0.000000 0.000000 0.000000 0.000000 0.000000 0.000000 0.000000 0.000000 0.008065 0.072581 0.096774 0.209677 0.153226 0.241935 0.120968 0.056452 0.016129 0.008065 0.008065 0.008065
0.000000 0.000000 0.000000 0.000000 0.000000 0.000000 0.000000 0.000000 0.000000 0.000000 0.020000 0.070000 0.100000 0.170000 0.160000 0.290000 0.130000 0.030000 0.010000 0.010000 0.010000
0.000000 0.000000 0.000000 0.000000 0.000000 0.000000 0.000000 0.000000 0.000000 0.000000 0.000000 0.018182 0.109091 0.200000 0.090909 0.109091 0.218182 0.163636 0.054545 0.018182 0.018182
0.000000 0.000000 0.000000 0.000000 0.000000 0.000000 0.000000 0.000000 0.000000 0.000000 0.020408 0.000000 0.081633 0.061224 0.122449 0.163265 0.122449 0.265306 0.122449 0.020408 0.020408
0.000000 0.000000 0.000000 0.000000 0.000000 0.000000 0.000000 0.000000 0.000000 0.000000 0.000000 0.000000 0.000000 0.080000 0.080000 0.120000 0.120000 0.240000 0.200000 0.080000 0.080000
0.000000 0.000000 0.000000 0.000000 0.000000 0.000000 0.000000 0.000000 0.000000 0.000000 0.000000 0.000000 0.071429 0.071429 0.142857 0.071429 0.285714 0.071429 0.071429 0.071429 0.142857
0.000000 0.000000 0.000000 0.000000 0.000000 0.000000 0.000000 0.000000 0.000000 0.000000 0.000000 0.000000 0.000000 0.000000 0.000000 0.000000 0.000000 0.000000 0.200000 0.600000 0.200000
0.000000 0.000000 0.000000 0.000000 0.000000 0.000000 0.000000 0.000000 0.000000 0.000000 0.000000 0.000000 0.000000 0.000000 0.000000 0.333333 0.000000 0.000000 0.000000 0.000000 0.666667
# New slice
1.000000 0.000000 0.000000 0.000000 0.000000 0.000000 0.000000 0.000000 0.000000 0.000000 0.000000 0.000000 0.000000 0.000000 0.000000 0.000000 0.000000 0.000000 0.000000 0.000000 0.000000
0.500000 0.500000 0.000000 0.000000 0.000000 0.000000 0.000000 0.000000 0.000000 0.000000 0.000000 0.000000 0.000000 0.000000 0.000000 0.000000 0.000000 0.000000 0.000000 0.000000 0.000000
0.333333 0.333333 0.333333 0.000000 0.000000 0.000000 0.000000 0.000000 0.000000 0.000000 0.000000 0.000000 0.000000 0.000000 0.000000 0.000000 0.000000 0.000000 0.000000 0.000000 0.000000
0.250000 0.250000 0.250000 0.250000 0.000000 0.000000 0.000000 0.000000 0.000000 0.000000 0.000000 0.000000 0.000000 0.000000 0.000000 0.000000 0.000000 0.000000 0.000000 0.000000 0.000000
0.200000 0.200000 0.200000 0.200000 0.200000 0.000000 0.000000 0.000000 0.000000 0.000000 0.000000 0.000000 0.000000 0.000000 0.000000 0.000000 0.000000 0.000000 0.000000 0.000000 0.000000
0.142857 0.142857 0.142857 0.142857 0.285714 0.142857 0.000000 0.000000 0.000000 0.000000 0.000000 0.000000 0.000000 0.000000 0.000000 0.000000 0.000000 0.000000 0.000000 0.000000 0.000000
0.142857 0.142857 0.142857 0.142857 0.142857 0.142857 0.142857 0.000000 0.000000 0.000000 0.000000 0.000000 0.000000 0.000000 0.000000 0.000000 0.000000 0.000000 0.000000 0.000000 0.000000
0.066667 0.066667 0.066667 0.133333 0.066667 0.333333 0.133333 0.133333 0.000000 0.000000 0.000000 0.000000 0.000000 0.000000 0.000000 0.000000 0.000000 0.000000 0.000000 0.000000 0.000000
0.090909 0.090909 0.090909 0.090909 0.090909 0.090909 0.090909 0.090909 0.272727 0.000000 0.000000 0.000000 0.000000 0.000000 0.000000 0.000000 0.000000 0.000000 0.000000 0.000000 0.000000
0.066667 0.066667 0.066667 0.066667 0.066667 0.133333 0.133333 0.200000 0.133333 0.066667 0.000000 0.000000 0.000000 0.000000 0.000000 0.000000 0.000000 0.000000 0.000000 0.000000 0.000000
0.043478 0.043478 0.043478 0.043478 0.043478 0.086957 0.043478 0.130435 0.217391 0.217391 0.086957 0.000000 0.000000 0.000000 0.000000 0.000000 0.000000 0.000000 0.000000 0.000000 0.000000
0.050000 0.050000 0.050000 0.050000 0.050000 0.050000 0.050000 0.050000 0.200000 0.150000 0.200000 0.050000 0.000000 0.000000 0.000000 0.000000 0.000000 0.000000 0.000000 0.000000 0.000000
0.052632 0.052632 0.052632 0.052632 0.052632 0.052632 0.052632 0.052632 0.105263 0.052632 0.157895 0.210526 0.052632 0.000000 0.000000 0.000000 0.000000 0.000000 0.000000 0.000000 0.000000
0.055556 0.055556 0.055556 0.055556 0.055556 0.055556 0.055556 0.055556 0.055556 0.055556 0.111111 0.222222 0.055556 0.055556 0.000000 0.000000 0.000000 0.000000 0.000000 0.000000 0.000000
0.013514 0.013514 0.013514 0.013514 0.013514 0.013514 0.013514 0.013514 0.040541 0.121622 0.162162 0.175676 0.148649 0.162162 0.081081 0.000000 0.000000 0.000000 0.000000 0.000000 0.000000
0.055556 0.055556 0.055556 0.055556 0.055556 0.055556 0.055556 0.055556 0.055556 0.055556 0.111111 0.055556 0.055556 0.111111 0.055556 0.055556 0.000000 0.000000 0.000000 0.000000 0.000000
0.052632 0.052632 0.052632 0.052632 0.052632 0.052632 0.052632 0.052632 0.052632 0.052632 0.052632 0.105263 0.052632 0.105263 0.052632 0.052632 0.052632 0.000000 0.000000 0.000000 0.000000
0.050000 0.050000 0.050000 0.050000 0.050000 0.050000 0.050000 0.050000 0.050000 0.050000 0.050000 0.050000 0.050000 0.050000 0.150000 0.050000 0.050000 0.050000 0.000000 0.000000 0.000000
0.052632 0.052632 0.052632 0.052632 0.052632 0.052632 0.052632 0.052632 0.052632 0.052632 0.052632 0.052632 0.052632 0.052632 0.052632 0.052632 0.052632 0.052632 0.052632 0.000000 0.000000
0.050000 0.050000 0.050000 0.050000 0.050000 0.050000 0.050000 0.050000 0.050000 0.050000 0.050000 0.050000 0.050000 0.050000 0.050000 0.050000 0.050000 0.050000 0.050000 0.050000 0.000000
0.045455 0.045455 0.045455 0.045455 0.045455 0.045455 0.045455 0.045455 0.045455 0.045455 0.045455 0.090909 0.045455 0.045455 0.045455 0.045455 0.045455 0.045455 0.045455 0.045455 0.045455
# New slice
0.047619 0.047619 0.047619 0.047619 0.047619 0.047619 0.047619 0.047619 0.047619 0.047619 0.047619 0.047619 0.047619 0.047619 0.047619 0.047619 0.047619 0.047619 0.047619 0.047619 0.047619
0.000000 0.050000 0.050000 0.050000 0.050000 0.050000 0.050000 0.050000 0.050000 0.050000 0.050000 0.050000 0.050000 0.050000 0.050000 0.050000 0.050000 0.050000 0.050000 0.050000 0.050000
0.000000 0.000000 0.052632 0.052632 0.052632 0.052632 0.052632 0.052632 0.052632 0.052632 0.052632 0.052632 0.052632 0.052632 0.052632 0.052632 0.052632 0.052632 0.052632 0.052632 0.052632
0.000000 0.000000 0.000000 0.052632 0.052632 0.105263 0.052632 0.052632 0.052632 0.052632 0.052632 0.052632 0.052632 0.052632 0.052632 0.052632 0.052632 0.052632 0.052632 0.052632 0.052632
0.000000 0.000000 0.000000 0.000000 0.055556 0.055556 0.111111 0.055556 0.055556 0.055556 0.055556 0.055556 0.055556 0.055556 0.055556 0.055556 0.055556 0.055556 0.055556 0.055556 0.055556
0.000000 0.000000 0.000000 0.000000 0.000000 0.047619 0.190476 0.142857 0.047619 0.047619 0.047619 0.047619 0.047619 0.047619 0.047619 0.047619 0.047619 0.047619 0.047619 0.047619 0.047619
0.000000 0.000000 0.000000 0.000000 0.000000 0.041667 0.125000 0.250000 0.041667 0.083333 0.041667 0.041667 0.041667 0.041667 0.041667 0.041667 0.041667 0.041667 0.041667 0.041667 0.041667
0.000000 0.000000 0.000000 0.000000 0.000000 0.000000 0.000000 0.162791 0.418605 0.069767 0.116279 0.023256 0.023256 0.023256 0.023256 0.023256 0.023256 0.023256 0.023256 0.023256 0.023256
0.000000 0.000000 0.000000 0.000000 0.000000 0.000000 0.012500 0.125000 0.200000 0.300000 0.175000 0.062500 0.025000 0.012500 0.012500 0.012500 0.012500 0.012500 0.012500 0.012500 0.012500
0.000000 0.000000 0.000000 0.000000 0.000000 0.000000 0.000000 0.000000 0.058252 0.223301 0.359223 0.233010 0.048544 0.009709 0.009709 0.009709 0.009709 0.009709 0.009709 0.009709 0.009709
0.000000 0.000000 0.000000 0.000000 0.000000 0.000000 0.000000 0.006024 0.042169 0.114458 0.277108 0.289157 0.174699 0.048193 0.012048 0.006024 0.006024 0.006024 0.006024 0.006024 0.006024
0.000000 0.000000 0.000000 0.000000 0.000000 0.000000 0.000000 0.006329 0.025316 0.069620 0.132911 0.170886 0.367089 0.132911 0.056962 0.006329 0.006329 0.006329 0.006329 0.006329 0.006329
0.000000 0.000000 0.000000 0.000000 0.000000 0.000000 0.000000 0.000000 0.006667 0.033333 0.073333 0.113333 0.133333 0.406667 0.186667 0.013333 0.006667 0.006667 0.006667 0.006667 0.006667
0.000000 0.000000 0.000000 0.000000 0.000000 0.000000 0.000000 0.000000 0.000000 0.027397 0.054795 0.082192 0.123288 0.184932 0.335616 0.123288 0.041096 0.006849 0.006849 0.006849 0.006849
0.000000 0.000000 0.000000 0.000000 0.000000 0.000000 0.000000 0.000000 0.000000 0.000000 0.045455 0.068182 0.181818 0.113636 0.181818 0.136364 0.159091 0.045455 0.022727 0.022727 0.022727
0.000000 0.000000 0.000000 0.000000 0.000000 0.000000 0.000000 0.000000 0.000000 0.000000 0.000000 0.053571 0.071429 0.071429 0.071429 0.196429 0.339286 0.142857 0.017857 0.017857 0.017857
0.000000 0.000000 0.000000 0.000000 0.000000 0.000000 0.000000 0.000000 0.000000 0.000000 0.000000 0.000000 0.095238 0.119048 0.166667 0.047619 0.166667 0.261905 0.095238 0.023810 0.023810
0.000000 0.000000 0.000000 0.000000 0.000000 0.000000 0.000000 0.000000 0.000000 0.000000 0.000000 0.000000 0.085714 0.085714 0.057143 0.114286 0.057143 0.228571 0.314286 0.028571 0.028571
0.000000 0.000000 0.000000 0.000000 0.000000 0.000000 0.000000 0.000000 0.000000 0.000000 0.000000 0.000000 0.000000 0.052632 0.052632 0.105263 0.105263 0.052632 0.105263 0.263158 0.263158
0.000000 0.000000 0.000000 0.000000 0.000000 0.000000 0.000000 0.000000 0.000000 0.000000 0.000000 0.000000 0.166667 0.000000 0.000000 0.166667 0.000000 0.000000 0.166667 0.166667 0.333333
0.000000 0.000000 0.000000 0.000000 0.000000 0.000000 0.000000 0.000000 0.000000 0.000000 0.000000 0.000000 0.000000 0.000000 0.000000 0.250000 0.125000 0.125000 0.000000 0.125000 0.375000
# New slice
