# Array shape: (2, 2, 21, 21)
1.000000 0.000000 0.000000 0.000000 0.000000 0.000000 0.000000 0.000000 0.000000 0.000000 0.000000 0.000000 0.000000 0.000000 0.000000 0.000000 0.000000 0.000000 0.000000 0.000000 0.000000
0.833333 0.166667 0.000000 0.000000 0.000000 0.000000 0.000000 0.000000 0.000000 0.000000 0.000000 0.000000 0.000000 0.000000 0.000000 0.000000 0.000000 0.000000 0.000000 0.000000 0.000000
0.444444 0.444444 0.111111 0.000000 0.000000 0.000000 0.000000 0.000000 0.000000 0.000000 0.000000 0.000000 0.000000 0.000000 0.000000 0.000000 0.000000 0.000000 0.000000 0.000000 0.000000
0.375000 0.250000 0.250000 0.125000 0.000000 0.000000 0.000000 0.000000 0.000000 0.000000 0.000000 0.000000 0.000000 0.000000 0.000000 0.000000 0.000000 0.000000 0.000000 0.000000 0.000000
0.333333 0.083333 0.166667 0.333333 0.083333 0.000000 0.000000 0.000000 0.000000 0.000000 0.000000 0.000000 0.000000 0.000000 0.000000 0.000000 0.000000 0.000000 0.000000 0.000000 0.000000
0.052632 0.210526 0.157895 0.315789 0.210526 0.052632 0.000000 0.000000 0.000000 0.000000 0.000000 0.000000 0.000000 0.000000 0.000000 0.000000 0.000000 0.000000 0.000000 0.000000 0.000000
0.047619 0.238095 0.142857 0.142857 0.190476 0.095238 0.142857 0.000000 0.000000 0.000000 0.000000 0.000000 0.000000 0.000000 0.000000 0.000000 0.000000 0.000000 0.000000 0.000000 0.000000
0.062500 0.062500 0.187500 0.187500 0.125000 0.250000 0.062500 0.062500 0.000000 0.000000 0.000000 0.000000 0.000000 0.000000 0.000000 0.000000 0.000000 0.000000 0.000000 0.000000 0.000000
0.058824 0.058824 0.117647 0.058824 0.176471 0.117647 0.294118 0.058824 0.058824 0.000000 0.000000 0.000000 0.000000 0.000000 0.000000 0.000000 0.000000 0.000000 0.000000 0.000000 0.000000
0.058824 0.058824 0.058824 0.117647 0.117647 0.058824 0.235294 0.117647 0.058824 0.117647 0.000000 0.000000 0.000000 0.000000 0.000000 0.000000 0.000000 0.000000 0.000000 0.000000 0.000000
0.015873 0.015873 0.015873 0.079365 0.126984 0.158730 0.063492 0.158730 0.142857 0.158730 0.063492 0.000000 0.000000 0.000000 0.000000 0.000000 0.000000 0.000000 0.000000 0.000000 0.000000
0.071429 0.071429 0.071429 0.071429 0.071429 0.071429 0.142857 0.142857 0.071429 0.071429 0.071429 0.071429 0.000000 0.000000 0.000000 0.000000 0.000000 0.000000 0.000000 0.000000 0.000000
0.019608 0.019608 0.019608 0.058824 0.058824 0.098039 0.098039 0.058824 0.098039 0.098039 0.156863 0.137255 0.078431 0.000000 0.000000 0.000000 0.000000 0.000000 0.000000 0.000000 0.000000
0.032258 0.032258 0.032258 0.032258 0.032258 0.064516 0.064516 0.129032 0.032258 0.096774 0.064516 0.129032 0.193548 0.064516 0.000000 0.000000 0.000000 0.000000 0.000000 0.000000 0.000000
0.043478 0.043478 0.043478 0.043478 0.043478 0.043478 0.130435 0.043478 0.043478 0.043478 0.086957 0.130435 0.043478 0.173913 0.043478 0.000000 0.000000 0.000000 0.000000 0.000000 0.000000
0.047619 0.047619 0.047619 0.047619 0.047619 0.047619 0.047619 0.047619 0.047619 0.047619 0.095238 0.047619 0.047619 0.190476 0.095238 0.047619 0.000000 0.000000 0.000000 0.000000 0.000000
0.058824 0.058824 0.058824 0.058824 0.058824 0.058824 0.058824 0.058824 0.058824 0.058824 0.058824 0.058824 0.058824 0.058824 0.058824 0.058824 0.058824 0.000000 0.000000 0.000000 0.000000
0.055556 0.055556 0.055556 0.055556 0.055556 0.055556 0.055556 0.055556 0.055556 0.055556 0.055556 0.055556 0.055556 0.055556 0.055556 0.055556 0.055556 0.055556 0.000000 0.000000 0.000000
0.052632 0.052632 0.052632 0.052632 0.052632 0.052632 0.052632 0.052632 0.052632 0.052632 0.052632 0.052632 0.052632 0.052632 0.052632 0.052632 0.052632 0.052632 0.052632 0.000000 0.000000
0.050000 0.050000 0.050000 0.050000 0.050000 0.050000 0.050000 0.050000 0.050000 0.050000 0.050000 0.050000 0.050000 0.050000 0.050000 0.050000 0.050000 0.050000 0.050000 0.050000 0.000000
0.047619 0.047619 0.047619 0.047619 0.047619 0.047619 0.047619 0.047619 0.047619 0.047619 0.047619 0.047619 0.047619 0.047619 0.047619 0.047619 0.047619 0.047619 0.047619 0.047619 0.047619
# New slice
0.146341 0.195122 0.170732 0.048780 0.048780 0.024390 0.024390 0.024390 0.024390 0.024390 0.024390 0.024390 0.024390 0.024390 0.024390 0.024390 0.024390 0.024390 0.024390 0.024390 0.024390
0.000000 0.050000 0.050000 0.050000 0.050000 0.050000 0.050000 0.050000 0.050000 0.050000 0.050000 0.050000 0.050000 0.050000 0.050000 0.050000 0.050000 0.050000 0.050000 0.050000 0.050000
0.000000 0.000000 0.102564 0.230769 0.153846 0.076923 0.076923 0.025641 0.025641 0.025641 0.025641 0.025641 0.025641 0.025641 0.025641 0.025641 0.025641 0.025641 0.025641 0.025641 0.025641
0.000000 0.014493 0.043478 0.101449 0.246377 0.231884 0.115942 0.057971 0.014493 0.014493 0.014493 0.014493 0.014493 0.014493 0.014493 0.014493 0.014493 0.014493 0.014493 0.014493 0.014493
0.000000 0.000000 0.035088 0.026316 0.175439 0.307018 0.201754 0.078947 0.043860 0.026316 0.017544 0.008772 0.008772 0.008772 0.008772 0.008772 0.008772 0.008772 0.008772 0.008772 0.008772
0.000000 0.000000 0.006410 0.051282 0.089744 0.141026 0.294872 0.173077 0.102564 0.044872 0.025641 0.012821 0.006410 0.006410 0.006410 0.006410 0.006410 0.006410 0.006410 0.006410 0.006410
0.000000 0.000000 0.000000 0.014599 0.087591 0.080292 0.087591 0.299270 0.175182 0.109489 0.058394 0.021898 0.007299 0.007299 0.007299 0.007299 0.007299 0.007299 0.007299 0.007299 0.007299
0.000000 0.000000 0.000000 0.009259 0.064815 0.074074 0.083333 0.148148 0.212963 0.175926 0.083333 0.046296 0.027778 0.009259 0.009259 0.009259 0.009259 0.009259 0.009259 0.009259 0.009259
0.000000 0.000000 0.000000 0.017699 0.044248 0.053097 0.061947 0.044248 0.132743 0.265487 0.123894 0.106195 0.061947 0.017699 0.008850 0.017699 0.008850 0.008850 0.008850 0.008850 0.008850
0.000000 0.000000 0.000000 0.011111 0.011111 0.055556 0.066667 0.055556 0.066667 0.144444 0.211111 0.155556 0.111111 0.022222 0.022222 0.011111 0.011111 0.011111 0.011111 0.011111 0.011111
0.000000 0.000000 0.000000 0.000000 0.000000 0.062500 0.000000 0.000000 0.000000 0.062500 0.062500 0.125000 0.125000 0.125000 0.062500 0.062500 0.062500 0.062500 0.062500 0.062500 0.062500
0.000000 0.000000 0.000000 0.020000 0.020000 0.020000 0.100000 0.060000 0.060000 0.060000 0.060000 0.100000 0.240000 0.040000 0.080000 0.020000 0.040000 0.020000 0.020000 0.020000 0.020000
0.000000 0.000000 0.000000 0.000000 0.000000 0.000000 0.000000 0.000000 0.000000 0.000000 0.000000 0.000000 0.111111 0.111111 0.111111 0.111111 0.111111 0.111111 0.111111 0.111111 0.111111
0.000000 0.000000 0.000000 0.000000 0.000000 0.000000 0.000000 0.000000 0.000000 0.000000 0.000000 0.000000 0.000000 0.125000 0.125000 0.125000 0.125000 0.125000 0.125000 0.125000 0.125000
0.000000 0.000000 0.000000 0.000000 0.000000 0.000000 0.000000 0.111111 0.000000 0.111111 0.000000 0.000000 0.000000 0.000000 0.111111 0.111111 0.111111 0.111111 0.111111 0.111111 0.111111
0.000000 0.000000 0.000000 0.000000 0.000000 0.000000 0.000000 0.000000 0.000000 0.000000 0.000000 0.000000 0.000000 0.000000 0.000000 0.166667 0.166667 0.166667 0.166667 0.166667 0.166667
0.000000 0.000000 0.000000 0.000000 0.000000 0.000000 0.000000 0.000000 0.000000 0.000000 0.000000 0.000000 0.000000 0.000000 0.000000 0.000000 0.200000 0.200000 0.200000 0.200000 0.200000
0.000000 0.000000 0.000000 0.000000 0.000000 0.000000 0.000000 0.000000 0.000000 0.000000 0.000000 0.000000 0.000000 0.000000 0.000000 0.000000 0.000000 0.250000 0.250000 0.250000 0.250000
0.000000 0.000000 0.000000 0.000000 0.000000 0.000000 0.000000 0.000000 0.000000 0.000000 0.000000 0.000000 0.000000 0.000000 0.000000 0.000000 0.000000 0.000000 0.333333 0.333333 0.333333
0.000000 0.000000 0.000000 0.000000 0.000000 0.000000 0.000000 0.000000 0.000000 0.000000 0.000000 0.000000 0.000000 0.000000 0.000000 0.000000 0.000000 0.000000 0.000000 0.500000 0.500000
0.000000 0.000000 0.000000 0.000000 0.000000 0.000000 0.000000 0.000000 0.000000 0.000000 0.000000 0.000000 0.000000 0.000000 0.000000 0.000000 0.000000 0.000000 0.000000 0.000000 1.000000
# New slice
1.000000 0.000000 0.000000 0.000000 0.000000 0.000000 0.000000 0.000000 0.000000 0.000000 0.000000 0.000000 0.000000 0.000000 0.000000 0.000000 0.000000 0.000000 0.000000 0.000000 0.000000
0.666667 0.333333 0.000000 0.000000 0.000000 0.000000 0.000000 0.000000 0.000000 0.000000 0.000000 0.000000 0.000000 0.000000 0.000000 0.000000 0.000000 0.000000 0.000000 0.000000 0.000000
0.571429 0.142857 0.285714 0.000000 0.000000 0.000000 0.000000 0.000000 0.000000 0.000000 0.000000 0.000000 0.000000 0.000000 0.000000 0.000000 0.000000 0.000000 0.000000 0.000000 0.000000
0.125000 0.375000 0.375000 0.125000 0.000000 0.000000 0.000000 0.000000 0.000000 0.000000 0.000000 0.000000 0.000000 0.000000 0.000000 0.000000 0.000000 0.000000 0.000000 0.000000 0.000000
0.125000 0.250000 0.250000 0.250000 0.125000 0.000000 0.000000 0.000000 0.000000 0.000000 0.000000 0.000000 0.000000 0.000000 0.000000 0.000000 0.000000 0.000000 0.000000 0.000000 0.000000
0.090909 0.090909 0.363636 0.090909 0.181818 0.181818 0.000000 0.000000 0.000000 0.000000 0.000000 0.000000 0.000000 0.000000 0.000000 0.000000 0.000000 0.000000 0.000000 0.000000 0.000000
0.125000 0.125000 0.125000 0.250000 0.125000 0.125000 0.125000 0.000000 0.000000 0.000000 0.000000 0.000000 0.000000 0.000000 0.000000 0.000000 0.000000 0.000000 0.000000 0.000000 0.000000
0.071429 0.071429 0.071429 0.214286 0.071429 0.142857 0.285714 0.071429 0.000000 0.000000 0.000000 0.000000 0.000000 0.000000 0.000000 0.000000 0.000000 0.000000 0.000000 0.000000 0.000000
0.058824 0.058824 0.058824 0.117647 0.117647 0.176471 0.117647 0.176471 0.117647 0.000000 0.000000 0.000000 0.000000 0.000000 0.000000 0.000000 0.000000 0.000000 0.000000 0.000000 0.000000
0.055556 0.055556 0.111111 0.055556 0.111111 0.222222 0.055556 0.055556 0.222222 0.055556 0.000000 0.000000 0.000000 0.000000 0.000000 0.000000 0.000000 0.000000 0.000000 0.000000 0.000000
0.050000 0.050000 0.050000 0.100000 0.050000 0.150000 0.100000 0.150000 0.100000 0.150000 0.050000 0.000000 0.000000 0.000000 0.000000 0.000000 0.000000 0.000000 0.000000 0.000000 0.000000
0.052632 0.052632 0.052632 0.105263 0.052632 0.052632 0.105263 0.105263 0.052632 0.052632 0.157895 0.157895 0.000000 0.000000 0.000000 0.000000 0.000000 0.000000 0.000000 0.000000 0.000000
0.062500 0.062500 0.062500 0.062500 0.062500 0.062500 0.062500 0.062500 0.062500 0.125000 0.125000 0.125000 0.062500 0.000000 0.000000 0.000000 0.000000 0.000000 0.000000 0.000000 0.000000
0.062500 0.062500 0.062500 0.062500 0.062500 0.062500 0.187500 0.062500 0.062500 0.062500 0.062500 0.062500 0.062500 0.062500 0.000000 0.000000 0.000000 0.000000 0.000000 0.000000 0.000000
0.031250 0.031250 0.031250 0.062500 0.062500 0.062500 0.031250 0.093750 0.062500 0.062500 0.093750 0.125000 0.062500 0.125000 0.062500 0.000000 0.000000 0.000000 0.000000 0.000000 0.000000
0.050000 0.050000 0.050000 0.050000 0.050000 0.050000 0.150000 0.050000 0.100000 0.100000 0.050000 0.050000 0.050000 0.050000 0.050000 0.050000 0.000000 0.000000 0.000000 0.000000 0.000000
0.058824 0.058824 0.058824 0.058824 0.058824 0.058824 0.058824 0.058824 0.058824 0.058824 0.058824 0.058824 0.058824 0.058824 0.058824 0.058824 0.058824 0.000000 0.000000 0.000000 0.000000
0.055556 0.055556 0.055556 0.055556 0.055556 0.055556 0.055556 0.055556 0.055556 0.055556 0.055556 0.055556 0.055556 0.055556 0.055556 0.055556 0.055556 0.055556 0.000000 0.000000 0.000000
0.052632 0.052632 0.052632 0.052632 0.052632 0.052632 0.052632 0.052632 0.052632 0.052632 0.052632 0.052632 0.052632 0.052632 0.052632 0.052632 0.052632 0.052632 0.052632 0.000000 0.000000
0.050000 0.050000 0.050000 0.050000 0.050000 0.050000 0.050000 0.050000 0.050000 0.050000 0.050000 0.050000 0.050000 0.050000 0.050000 0.050000 0.050000 0.050000 0.050000 0.050000 0.000000
0.047619 0.047619 0.047619 0.047619 0.047619 0.047619 0.047619 0.047619 0.047619 0.047619 0.047619 0.047619 0.047619 0.047619 0.047619 0.047619 0.047619 0.047619 0.047619 0.047619 0.047619
# New slice
0.139535 0.186047 0.186047 0.069767 0.023256 0.046512 0.023256 0.023256 0.023256 0.023256 0.023256 0.023256 0.023256 0.023256 0.023256 0.023256 0.023256 0.023256 0.023256 0.023256 0.023256
0.031250 0.062500 0.218750 0.125000 0.062500 0.031250 0.031250 0.031250 0.031250 0.031250 0.031250 0.031250 0.031250 0.031250 0.031250 0.031250 0.031250 0.031250 0.031250 0.031250 0.031250
0.000000 0.021739 0.065217 0.239130 0.130435 0.173913 0.065217 0.021739 0.021739 0.021739 0.021739 0.021739 0.021739 0.021739 0.021739 0.021739 0.021739 0.021739 0.021739 0.021739 0.021739
0.000000 0.015625 0.031250 0.109375 0.187500 0.296875 0.093750 0.031250 0.046875 0.015625 0.015625 0.015625 0.015625 0.015625 0.015625 0.015625 0.015625 0.015625 0.015625 0.015625 0.015625
0.000000 0.000000 0.020619 0.041237 0.113402 0.381443 0.195876 0.051546 0.051546 0.030928 0.010309 0.010309 0.010309 0.010309 0.010309 0.010309 0.010309 0.010309 0.010309 0.010309 0.010309
0.000000 0.000000 0.025210 0.058824 0.092437 0.176471 0.252101 0.126050 0.126050 0.050420 0.008403 0.008403 0.008403 0.008403 0.008403 0.008403 0.008403 0.008403 0.008403 0.008403 0.008403
0.000000 0.000000 0.000000 0.055118 0.118110 0.094488 0.102362 0.196850 0.173228 0.125984 0.055118 0.007874 0.007874 0.007874 0.007874 0.007874 0.007874 0.007874 0.007874 0.007874 0.007874
0.000000 0.000000 0.008065 0.024194 0.088710 0.056452 0.072581 0.129032 0.233871 0.169355 0.096774 0.024194 0.032258 0.008065 0.008065 0.008065 0.008065 0.008065 0.008065 0.008065 0.008065
0.000000 0.000000 0.000000 0.009174 0.073394 0.064220 0.073394 0.073394 0.082569 0.247706 0.146789 0.091743 0.045872 0.018349 0.018349 0.009174 0.009174 0.009174 0.009174 0.009174 0.009174
0.000000 0.000000 0.000000 0.008772 0.026316 0.070175 0.070175 0.078947 0.087719 0.087719 0.210526 0.131579 0.078947 0.052632 0.035088 0.017544 0.008772 0.008772 0.008772 0.008772 0.008772
0.000000 0.000000 0.000000 0.010989 0.065934 0.054945 0.054945 0.054945 0.065934 0.054945 0.142857 0.219780 0.120879 0.032967 0.032967 0.032967 0.010989 0.010989 0.010989 0.010989 0.010989
0.000000 0.000000 0.000000 0.000000 0.044776 0.044776 0.089552 0.059701 0.074627 0.014925 0.029851 0.059701 0.223881 0.179104 0.029851 0.074627 0.014925 0.014925 0.014925 0.014925 0.014925
0.000000 0.000000 0.000000 0.000000 0.000000 0.055556 0.037037 0.037037 0.037037 0.074074 0.074074 0.055556 0.148148 0.111111 0.185185 0.074074 0.037037 0.018519 0.018519 0.018519 0.018519
0.000000 0.000000 0.000000 0.000000 0.000000 0.029412 0.000000 0.058824 0.117647 0.029412 0.000000 0.058824 0.029412 0.147059 0.235294 0.117647 0.058824 0.029412 0.029412 0.029412 0.029412
0.000000 0.000000 0.000000 0.000000 0.000000 0.000000 0.100000 0.000000 0.000000 0.000000 0.000000 0.000000 0.000000 0.000000 0.100000 0.300000 0.100000 0.100000 0.100000 0.100000 0.100000
0.000000 0.000000 0.000000 0.000000 0.000000 0.000000 0.000000 0.000000 0.071429 0.000000 0.071429 0.071429 0.000000 0.071429 0.071429 0.071429 0.142857 0.071429 0.214286 0.071429 0.071429
0.000000 0.000000 0.000000 0.000000 0.000000 0.000000 0.000000 0.111111 0.111111 0.000000 0.000000 0.000000 0.000000 0.111111 0.000000 0.111111 0.111111 0.111111 0.111111 0.111111 0.111111
0.000000 0.000000 0.000000 0.000000 0.000000 0.000000 0.000000 0.000000 0.000000 0.000000 0.000000 0.000000 0.000000 0.000000 0.000000 0.000000 0.000000 0.250000 0.250000 0.250000 0.250000
0.000000 0.000000 0.000000 0.000000 0.000000 0.000000 0.000000 0.000000 0.000000 0.000000 0.000000 0.000000 0.200000 0.200000 0.000000 0.000000 0.000000 0.000000 0.200000 0.200000 0.200000
0.000000 0.000000 0.000000 0.000000 0.000000 0.000000 0.000000 0.000000 0.000000 0.000000 0.000000 0.000000 0.000000 0.000000 0.000000 0.000000 0.000000 0.000000 0.000000 0.500000 0.500000
0.000000 0.000000 0.000000 0.000000 0.000000 0.000000 0.000000 0.000000 0.000000 0.000000 0.000000 0.000000 0.000000 0.000000 0.000000 0.000000 0.000000 0.000000 0.000000 0.000000 1.000000
# New slice
