# Array shape: (2, 21, 2)
     0.000      0.000
     0.000      0.000
     0.000      0.000
     0.000  23976.012
     0.000  38121.611
     0.000  61423.706
 20369.038  60277.966
 28213.011  64114.432
 49756.339  63098.694
 48167.432  66155.088
 62611.253  70923.683
 62282.049  71994.863
 59916.774  67716.423
 65240.664  65712.970
 61915.310  78543.370
 68962.714  79763.782
 37213.431  87242.398
 36794.728  79044.428
 55425.829  92704.610
 57634.288  94654.262
 66567.248  98055.405
# New slice
     0.000      0.000
     0.000      0.000
     0.000      0.000
     0.000  45589.844
 21973.085  55823.578
     0.000  59062.468
 12846.923  62779.799
 35677.957  62961.937
 45694.999  65972.323
 56167.923  69138.839
 42493.261  65520.319
 59394.618  73083.689
 62339.052  68874.358
 65723.307  79001.148
 39269.848  76050.129
 70052.178  82516.164
 67275.919  88493.941
 76161.992  22909.386
     0.000  89777.418
 37680.497  88705.362
 65552.256  86093.476
# New slice
