# Array shape: (2, 21, 2)
  1092.510  16958.693
  2414.185  24191.284
  3926.424  28249.987
 21771.457   8477.386
  6043.223  38462.540
  7259.292  40559.986
 13333.130  38461.287
  1924.536  36279.840
  5854.964  38059.902
 34557.585   4291.316
  3306.329  28887.796
 22311.431   5613.469
  2368.782  10317.237
     0.000   6759.008
  1606.766   3834.257
     0.000   5204.568
     0.000      0.000
     0.000      0.000
     0.000      0.000
     0.000      0.000
     0.000      0.000
# New slice
  1669.002  13948.040
  1876.214  20327.500
  2259.034  29114.013
  6193.125  34350.239
  1759.697  38024.634
 10897.109  38220.957
  6022.565  36869.589
  8389.458  33702.828
  7596.850  37650.886
 36437.653   8375.272
  6714.569  25386.013
 21724.251   5188.519
 14220.936   2368.264
     0.000    696.960
  1162.364   -384.132
     0.000   3222.679
     0.000   3146.234
     0.000      0.000
     0.000    448.123
     0.000      0.000
     0.000      0.000
# New slice
