# Array shape: (2, 21, 2)
   138.244    233.212
   204.270    332.968
   262.962    304.709
   358.140    373.074
   219.068    364.805
   230.159     39.402
   375.159    472.966
   436.314    499.094
     0.000    -80.885
   -87.006    442.026
     0.000   -411.066
     0.000      0.000
     0.000      0.000
     0.000    460.787
     0.000    521.846
     0.000    553.588
     0.000    572.579
  -159.785    586.480
     0.000      0.000
     0.000      0.000
 -3292.671    -67.291
# New slice
     0.000    202.945
   266.070    251.469
   214.046    368.410
   244.905    367.982
   267.022    436.816
   313.742    486.372
   413.857    -58.713
   443.751    498.624
     0.000    496.620
  -197.384   -119.881
     0.000      0.000
     0.000      0.000
     0.000    441.801
     0.000      0.000
     0.000      0.000
     0.000      0.000
     0.000    554.658
     0.000      0.000
     0.000      0.000
     0.000      0.000
     0.000      0.000
# New slice
