# Array shape: (2, 21, 2)
     0.000      0.000
     0.000      0.000
     0.000  19389.652
     0.000  35555.887
     0.000  61436.091
 26937.414 124683.835
 18102.142 150811.837
 74463.667 198210.656
 96755.131 178648.528
119245.386 172789.019
131144.588 184255.720
126499.067 120739.822
167998.541 183011.374
 57016.985 195363.200
     0.000 206007.677
     0.000 158598.141
     0.000 175405.189
     0.000      0.000
     0.000      0.000
     0.000      0.000
     0.000      0.000
# New slice
     0.000      0.000
     0.000      0.000
     0.000      0.000
     0.000  15646.596
     0.000  53779.220
 12127.254 130732.945
 79123.789 148868.696
111900.327 134827.702
136120.439 155928.779
111150.358 200001.067
159999.771 107334.823
124809.975 193183.487
113248.101 194425.286
 98901.370 226830.146
172062.875  66251.202
     0.000 113582.033
     0.000  20356.674
     0.000 142915.116
     0.000  58123.722
     0.000      0.000
     0.000      0.000
# New slice
