# Array shape: (2, 21, 2)
     0.000      0.000
     0.000      0.000
     0.000      0.000
     0.000  15308.041
  6563.937  40221.988
     0.000  46805.772
 20999.537  50488.014
 35073.400  70018.615
 39764.776  64711.072
 42576.127  64034.534
 54948.712  83740.959
 47239.661  94313.016
 43425.294  87510.759
 22390.660  86784.823
 19375.634  74772.121
     0.000  82630.389
 26817.100  69487.674
     0.000  52794.255
     0.000  42616.987
     0.000   6600.814
     0.000   7679.279
# New slice
     0.000      0.000
     0.000      0.000
     0.000   7180.036
     0.000  30272.538
  5717.777  42613.245
 15752.353  54631.099
 33011.522  55406.358
 34758.744  65156.771
 36325.450  77467.169
 19086.200  74458.833
 46941.091  80346.345
 41290.038  87359.107
 30615.045  70082.711
 36673.107  76074.837
 79409.323  33509.679
     0.000  92325.647
 37547.748  66364.083
     0.000  78995.691
     0.000  55938.179
     0.000  40518.452
     0.000      0.000
# New slice
