# Array shape: (2, 21, 2)
     0.000    465.140
   271.769   3845.960
   342.040   7593.183
    36.281  10015.539
  6191.499    429.993
     0.000   8810.821
  6418.339   -108.588
   122.055  10155.327
     0.000  12638.415
   224.988   9395.112
  1116.551   8422.235
  5368.545   -183.755
   603.670   2119.226
     0.000   1489.922
     0.000    801.597
   809.197    -63.525
     0.000   1732.790
     0.000   2666.186
     0.000    518.008
     0.000      0.000
     0.000      0.000
# New slice
     0.000   1556.181
    17.628   8142.666
   465.231  10624.836
  8441.797   1704.979
  1031.361  15056.051
  1092.477  16295.877
  1112.342  18969.710
  1201.492  17848.493
  1394.869  16369.960
  1180.723  17570.459
  1758.762  16567.588
     0.000  12152.166
   679.382   9081.570
     0.000   5459.562
     0.000   4878.442
     0.000   7819.449
   -11.208   4286.201
  3811.336   -375.726
     0.000   4590.785
     0.000   2192.383
     0.000    573.072
# New slice
