# Array shape: (2, 21, 2)
     0.000    821.399
     0.000   1544.448
     0.000   2379.567
  1161.222    -40.942
   932.388    -81.270
   413.635   -332.258
  1663.739   4485.597
  2830.372  -1771.006
  3308.065  -3226.777
  3394.529  -2819.416
  3360.969   -125.139
  4274.299  -4674.076
     0.000   4251.141
     0.000   4674.183
     0.000      0.000
     0.000      0.000
     0.000      0.000
     0.000      0.000
     0.000      0.000
     0.000      0.000
  5472.639      0.000
# New slice
   216.638   1982.886
   179.131   1431.212
   362.190   1566.626
   490.274   3050.971
  1229.373     16.925
   938.966   -896.691
   812.606  -2027.206
  2832.410  -2616.840
  3027.746  -2010.858
  3356.041  -3349.850
     0.000  -3864.435
 -2809.057  -5714.818
     0.000   5281.018
  4537.566  -9701.017
     0.000  -7099.555
     0.000      0.000
     0.000      0.000
     0.000      0.000
     0.000      0.000
     0.000      0.000
     0.000      0.000
# New slice
