# Array shape: (2, 21, 2)
  1916.268  23087.342
 15936.023      0.000
  8065.731  49337.818
  5946.835  89765.252
 20720.714 104061.699
 31767.969 110598.268
 38196.729 116564.799
 22656.413 113986.186
 33428.644 109436.933
 23557.905 103513.828
 92158.747  20604.465
  7614.964  69244.570
 86212.518      0.000
 59393.104      0.000
 32519.162  -1755.729
 23862.687      0.000
     0.000      0.000
     0.000      0.000
     0.000      0.000
     0.000      0.000
     0.000      0.000
# New slice
     0.000  32749.124
  2424.623  25569.408
  5288.080  59950.388
  5994.432  89023.927
  9851.961  99985.466
 15000.587 104401.469
  4830.777 110940.304
 22045.947 109528.525
 26028.928 104592.808
 30979.440 115422.566
 31000.037  96878.383
 30387.601  89483.601
 14307.067  84876.641
  6463.447  70200.414
 49855.590  11581.662
  7634.482  32997.414
     0.000  11284.924
     0.000      0.000
     0.000   5259.404
     0.000      0.000
     0.000      0.000
# New slice
