# Array shape: (2, 21, 2)
     0.000      0.000
     0.000  27330.306
     0.000  72085.756
     0.000 139585.565
 66233.800 164438.155
123533.976 194294.590
161061.191 221654.062
179291.462 222155.050
215798.779 239207.909
206242.431 245478.978
226005.582 251300.715
217768.906 264171.725
200068.280 276379.563
     0.000 250557.906
     0.000  90571.209
     0.000      0.000
     0.000      0.000
     0.000      0.000
     0.000      0.000
     0.000      0.000
     0.000      0.000
# New slice
     0.000      0.000
     0.000      0.000
     0.000  99729.555
 66812.947 134481.865
103150.048 160589.640
147264.707 184768.386
154728.900 202990.211
188590.830 218544.542
209462.982 235937.250
216249.598 271235.515
224636.284 238113.833
248179.357 261763.910
163448.617 268585.416
107640.257 263088.947
     0.000 169444.547
     0.000      0.000
     0.000      0.000
     0.000      0.000
     0.000      0.000
     0.000      0.000
     0.000      0.000
# New slice
