# Array shape: (2, 21, 2)
     0.000      0.000
     0.000      0.000
     0.000    185.366
     0.000    946.426
    47.029   1142.639
    21.802   1735.379
    62.445   1936.668
   116.425   2119.392
     0.000   1970.843
     0.000    846.520
   254.089    -16.908
     0.000    374.518
     0.000     79.635
     0.000    135.197
     0.000    198.742
     0.000      0.000
     0.000     65.519
     0.000    181.188
     0.000      0.000
     0.000      0.000
     0.000      0.000
# New slice
     0.000      0.000
     0.000      0.000
     0.000    575.696
     0.000   1876.741
   129.178   2447.794
   118.316   2548.616
   285.494   2336.545
   237.784   2400.610
  2240.147    320.214
  1733.716     -5.671
     0.000   1061.134
   143.077     -8.797
     0.000    424.876
     0.000    289.508
     0.000    418.245
     0.000    197.292
     0.000    202.596
     0.000     56.680
     0.000      0.000
     0.000      0.000
     0.000      0.000
# New slice
