# Array shape: (2, 21, 2)
     0.000      0.000
     0.000      0.000
     0.000      0.000
     0.000      0.000
     0.000  40137.206
     0.000 208141.929
 44018.983 247743.799
 92080.210 288812.157
147109.912 317808.332
236590.617 373028.450
237978.006 344406.937
286692.060 352459.452
207355.799 329634.416
132022.570 334041.316
263247.404  53117.786
     0.000 188419.896
     0.000      0.000
     0.000 132181.896
     0.000      0.000
     0.000      0.000
     0.000      0.000
# New slice
     0.000      0.000
     0.000      0.000
     0.000      0.000
     0.000      0.000
     0.000  39113.824
     0.000 205327.706
 77239.035 290014.709
 45558.399 312753.177
234961.552 318150.134
210890.660 325597.851
217605.503 292210.032
269801.716 343144.968
298105.422 256760.176
     0.000 210804.414
303048.400      0.000
     0.000 293652.213
     0.000 148190.000
     0.000 111357.693
 77830.575      0.000
     0.000      0.000
     0.000      0.000
# New slice
