# Array shape: (2, 21, 2)
     0.000      0.000
     0.000      0.000
     0.000  50171.552
 44283.117  75429.131
 42544.583  82284.078
 60164.625  97108.862
 63586.262 101928.234
 76122.798  93461.955
 71222.340  96185.680
 76737.505 108123.353
 83451.973 120211.997
 96040.122  64570.954
 88450.333 133452.728
 94181.912 136714.392
 99443.504 132946.179
105654.604 132647.204
103629.222 135483.120
120299.289  99252.834
     0.000 119672.738
     0.000 119630.869
     0.000 125547.315
# New slice
     0.000      0.000
     0.000      0.000
     0.000  57076.971
     0.000  81065.682
 56980.003  84320.709
 29533.002  86995.705
 64864.357  94047.107
 86186.165  59778.120
 62494.426 109345.469
 82685.195 116331.698
 81840.961 118474.822
 31705.797 111837.322
 94607.575 132566.602
 79008.344 122535.862
 71179.367 131748.276
 47060.113 129809.882
122205.432  82699.977
     0.000 122635.915
 59659.283 131856.820
     0.000 120106.535
 95543.592  34759.320
# New slice
