# Array shape: (2, 21, 2)
  7067.337   9933.397
  8168.292  11869.432
  8233.936  10931.320
 10706.641  12458.784
 12955.632  15960.873
 10583.989     71.870
 12185.976  16781.249
 13560.206  17766.737
  9052.137  16820.123
 -2283.380  -6682.583
 19373.367  16713.933
 13779.379  17136.895
 13598.412  20059.137
     0.000 -16323.825
-25214.641 -16646.661
     0.000      0.000
     0.000      0.000
     0.000      0.000
     0.000      0.000
     0.000      0.000
     0.000      0.000
# New slice
  6617.297   8547.673
  7505.677  11478.459
  5276.089  10481.548
 10356.155  12538.542
 10370.833  14264.284
  5726.331  14556.095
 -2487.170  13542.788
 15546.542  -1084.622
 17333.674  13288.545
 -3103.754      0.000
-11454.547 -16613.800
     0.000  17190.347
 12769.216  22304.948
     0.000 -11687.289
 12862.840      0.000
     0.000      0.000
     0.000      0.000
     0.000      0.000
     0.000      0.000
     0.000      0.000
     0.000      0.000
# New slice
