# Array shape: (2, 21, 2)
  7033.426   9344.353
  4775.507  10895.397
  6756.289  14905.433
 11056.793  14385.439
 14243.719  17831.529
 17614.955  19145.889
 17068.337  20825.350
 20137.819  20580.716
 19855.631  22617.501
 20248.152  22132.868
 21868.555  23374.322
 21466.440  18452.052
 14645.257  15807.993
  9596.925      0.000
     0.000      0.000
     0.000      0.000
     0.000      0.000
     0.000      0.000
     0.000      0.000
     0.000      0.000
     0.000      0.000
# New slice
  7325.235   7275.002
  7823.779   8725.126
  8712.904  12678.451
 12183.700  16121.195
 14178.775  18543.447
 15310.641  19190.061
 17473.844  20623.195
 17849.954  21536.885
 21464.588  21334.896
 22706.671  20622.871
 22055.036  18563.972
 22127.502  16053.016
 19829.759  15097.047
 15798.903  12516.543
  1976.605  -1244.986
     0.000      0.000
     0.000      0.000
     0.000      0.000
     0.000      0.000
     0.000      0.000
  3163.359      0.000
# New slice
