# Array shape: (2, 21, 2)
     0.000      0.000
     0.000      0.000
     0.000      0.000
     0.000      0.000
     0.000      0.000
     0.000      0.000
     0.000    479.985
   547.730    945.659
   685.042   1411.204
  1333.819   1489.306
  1082.759   1427.903
  1506.520   1443.546
     0.000      0.000
     0.000      0.000
     0.000      0.000
   184.966      0.000
     0.000      0.000
     0.000      0.000
     0.000      0.000
     0.000      0.000
     0.000      0.000
# New slice
     0.000      0.000
     0.000      0.000
     0.000      0.000
     0.000      0.000
     0.000      0.000
     0.000      0.000
     0.000    437.655
   461.409    987.275
   834.765   1250.582
  1328.560   1448.571
  1434.078   1514.314
  1432.643   1507.953
  1364.026      0.000
     0.000      0.000
     0.000      0.000
     0.000      0.000
     0.000      0.000
     0.000      0.000
     0.000      0.000
     0.000      0.000
     0.000      0.000
# New slice
