# Array shape: (2, 21, 2)
   677.539    848.003
   637.743    934.488
   769.644   1050.768
   991.379   1099.755
  1010.363   1160.858
  1052.211    849.508
  1229.259   1254.386
  1159.757   1284.798
  1204.409   1308.849
   730.174   1305.108
   997.334   1278.015
   690.694    812.064
  1030.858   1135.196
  1235.692    776.169
     0.000      0.000
     0.000      0.000
     0.000      0.000
     0.000      0.000
     0.000      0.000
     0.000      0.000
     0.000   -557.025
# New slice
   674.970    716.730
   582.753   1039.885
   861.107   1046.753
   912.655   1064.089
  1062.014   1237.937
  1047.544   1290.874
  1183.606   1118.965
  1077.677   1274.885
  1296.454   1053.993
  1006.729    464.094
  1145.037   1263.860
  1138.454   1223.893
   792.467    530.490
  1260.460      0.000
     0.000    699.222
     0.000      0.000
  -164.827      0.000
     0.000      0.000
     0.000      0.000
     0.000      0.000
 -2795.612      0.000
# New slice
