# Array shape: (2, 21, 2)
     0.000      0.000
     0.000      0.000
     0.000      0.000
 19850.262  41937.245
 42617.796  23193.432
 22654.847  58876.310
 69327.979  88744.589
101164.936 105310.282
114090.627 118082.257
117413.050 114641.333
120841.826 111780.884
122431.830 103893.371
     0.000  61328.928
 22002.403      0.000
     0.000      0.000
     0.000      0.000
     0.000      0.000
     0.000      0.000
     0.000      0.000
     0.000      0.000
     0.000      0.000
# New slice
     0.000      0.000
     0.000      0.000
     0.000      0.000
     0.000      0.000
     0.000      0.000
     0.000  68620.485
 70035.969  97937.667
 86578.638 111335.376
102462.867 118554.794
117565.942 120369.441
119514.592 114438.001
120752.834  98525.830
     0.000      0.000
     0.000      0.000
     0.000      0.000
     0.000      0.000
     0.000      0.000
     0.000      0.000
     0.000      0.000
     0.000      0.000
     0.000      0.000
# New slice
