start_date: 2019-01-31 24:00
end_date: 2060-12-31 24:00
timestep: 1 MONTH
units: acre-ft/month
scale: 1.000000
# Series Slot: AgAndMIAbvGlenwoodSprings:AgMiscellaneous.Diversion Requested [1 acre-ft/month]
-18197.89
-18197.89
-20338.82
-4281.86
39607.18
117751.08
55664.15
13916.04
-8563.72
-16056.97
-17127.43
-17127.43
-18165.79
-18165.79
-20302.94
-4274.30
39537.30
117543.34
55565.94
13891.49
-8548.61
-16028.64
-17097.21
-17097.21
-18129.64
-18129.64
-20262.54
-4265.80
31159.36
117309.46
55455.38
13863.84
-8531.60
-15996.74
-17063.19
-17063.19
-18093.50
-18093.50
-20222.14
-4257.29
39379.97
117075.57
55344.82
13836.20
-8514.59
-15964.85
-17029.17
-17029.17
-18057.35
-18057.35
-20181.75
-4248.79
39301.30
116841.69
55234.25
13808.56
-8497.58
-15932.96
-16995.16
-16995.16
-18021.21
-18021.21
-20141.35
-4240.28
39222.63
116607.81
55123.69
13780.92
-8480.57
-15901.06
-16961.14
-16961.14
-17985.06
-17985.06
-20100.95
-4231.78
39143.96
116373.93
44325.55
13110.75
-8463.56
-15869.17
-16927.12
-16927.12
-17948.92
-17948.92
-20060.55
-4223.27
39065.29
116140.05
54902.57
13725.64
-8446.55
-15837.28
-16893.10
-16893.10
-17912.77
-17912.77
-20020.16
-4214.77
38986.62
115906.16
54792.00
13698.00
-8429.54
-15805.39
-16859.08
-16859.08
-17876.63
-17876.63
-19979.76
-4206.26
38907.95
115672.28
54681.44
13670.36
-8412.53
-15773.49
-16825.06
-16825.06
-17840.48
-17840.48
-19939.36
-4197.76
38829.28
115438.40
54570.88
13642.72
-8395.52
-15741.60
-16791.04
-16791.04
-17804.33
-17804.33
-19898.96
-4189.26
38750.61
115204.52
54460.32
13615.08
-8378.51
-15709.71
-16757.02
-16757.02
-17783.96
-17783.96
-19876.19
-4184.46
38706.27
115072.70
54398.01
13599.50
-8368.92
-15691.73
-16737.85
-16737.85
-17763.59
-17763.59
-19853.43
-4179.67
38661.94
114940.89
54335.69
13583.92
-8359.34
-15673.76
-16718.68
-16718.68
-17743.22
-17743.22
-19830.66
-4174.88
31273.60
30144.32
11657.74
6681.92
-8349.75
-15655.78
-16699.50
-16699.50
-17722.85
-17722.85
-19807.89
-4170.08
38573.26
114677.27
54211.07
13552.77
-8340.16
-15637.81
-16680.33
-16680.33
-17702.48
-17702.48
-19785.12
-4165.29
38528.93
114545.45
35327.13
11621.48
-8330.58
-15619.83
-16661.16
-16661.16
-17682.11
-17682.11
-19762.36
-4160.50
38484.59
114413.64
54086.45
13521.61
-8320.99
-15601.86
-16641.98
-16641.98
-17661.74
-17661.74
-19739.59
-4155.70
38440.25
114281.83
48659.82
13506.03
-8311.41
-15583.89
-16622.81
-16622.81
-17641.37
-17641.37
-19716.82
-4150.91
38395.91
114150.01
40871.42
13490.46
-8301.82
-15565.91
-16603.64
-16603.64
-17620.99
-17620.99
-19694.05
-4146.12
38351.58
114018.20
53899.51
13474.88
-8292.23
-15547.94
-16584.47
-16584.47
-17600.62
-17600.62
-19671.29
-4141.32
38307.24
113886.39
53837.20
13459.30
-8282.65
-15529.96
-16565.29
-16565.29
-17597.82
-17597.82
-19668.15
-4140.66
38301.13
113868.23
49925.78
13457.15
-8281.33
-15527.49
-16562.65
-16562.65
-17595.01
-17595.01
-19665.01
-4140.00
38295.03
113850.08
53820.04
13455.01
-8280.01
-15525.01
-16560.01
-16560.01
-17592.21
-17592.21
-19661.88
-4139.34
36022.41
25514.97
8060.19
13452.86
-8278.69
-15522.54
-16557.37
-16557.37
-17589.40
-17589.40
-19658.74
-4138.68
38282.81
113813.77
30359.55
11096.92
-8277.37
-15520.06
-16554.73
-16554.73
-17586.60
-17586.60
-19655.61
-4138.02
38276.71
113795.62
53794.29
13448.57
-8276.04
-15517.58
-16552.09
-16552.09
-17583.79
-17583.79
-19652.47
-4137.36
38270.60
113777.46
53785.71
13446.43
-8274.72
-15515.11
-16549.45
-16549.45
-17580.98
-17580.98
-19649.33
-4136.70
38264.49
34811.19
10413.21
7213.99
-8273.40
-15512.63
-16546.81
-16546.81
-17578.18
-17578.18
-19646.20
-4136.04
37271.05
113741.15
53768.54
13442.14
-8272.08
-15510.16
-16544.17
-16544.17
-17575.37
-17575.37
-19643.06
-4135.38
38252.28
113723.00
53759.96
13439.99
-8270.76
-15507.68
-16541.53
-16541.53
-17572.57
-17572.57
-19639.93
-4134.72
38246.17
113704.84
53751.38
13437.85
-8269.44
-15505.21
-16538.89
-16538.89
-17572.57
-17572.57
-19639.93
-4134.72
38246.17
113704.84
53751.38
13437.85
-8269.44
-15505.21
-16538.89
-16538.89
-17572.57
-17572.57
-19639.93
-4134.72
38246.17
113704.84
34839.05
10445.49
-8269.44
-15505.21
-16538.89
-16538.89
-17572.57
-17572.57
-19639.93
-4134.72
38246.17
113704.84
28217.10
5850.06
-8269.44
-15505.21
-16538.89
-16538.89
-17572.57
-17572.57
-19639.93
-4134.72
38246.17
113704.84
53751.38
13437.85
-8269.44
-15505.21
-16538.89
-16538.89
-17572.57
-17572.57
-19639.93
-4134.72
38246.17
113704.84
53751.38
13437.85
-8269.44
-15505.21
-16538.89
-16538.89
-17572.57
-17572.57
-19639.93
-4134.72
38246.17
113704.84
53751.38
13437.85
-8269.44
-15505.21
-16538.89
-16538.89
-17572.57
-17572.57
-19639.93
-4134.72
38246.17
113704.84
53751.38
12203.79
-8269.44
-15505.21
-16538.89
-16538.89
-17572.57
-17572.57
-19639.93
-4134.72
38246.17
113704.84
53751.38
13437.85
-8269.44
-15505.21
-16538.89
-16538.89
-17572.57
-17572.57
-19639.93
-4134.72
38246.17
113704.84
53751.38
13437.85
-8269.44
-15505.21
-16538.89
-16538.89
-17572.57
-17572.57
-19639.93
-4134.72
38246.17
113704.84
53751.38
13437.85
-8269.44
-15505.21
-16538.89
-16538.89
