start_date: 2019-01-31 24:00
end_date: 2060-12-31 24:00
timestep: 1 MONTH
units: acre-ft/month
scale: 1.000000
# Series Slot: AgAndMIAbvGlenwoodSprings:1971CompStudyAg.Depletion Requested [1 acre-ft/month]
-22349.90
-22349.90
-24979.30
-5258.80
48643.90
144617.00
68364.40
17091.10
-10517.60
-19720.50
-21035.20
-21035.20
-22312.33
-22312.33
-24937.31
-5249.96
48562.12
144373.88
68249.47
17062.37
-10499.92
-19687.35
-20999.84
-20999.84
-22266.60
-22266.60
-24886.20
-5239.20
38269.54
144078.00
68109.60
17027.40
-10478.40
-19647.00
-20956.80
-20956.80
-22220.70
-22220.70
-24834.90
-5228.40
48362.70
143781.00
67969.20
16992.30
-10456.80
-19606.50
-20913.60
-20913.60
-22174.80
-22174.80
-24783.60
-5217.60
48262.80
143484.00
67828.80
16957.20
-10435.20
-19566.00
-20870.40
-20870.40
-22130.60
-22130.60
-24734.20
-5207.20
48166.60
143198.00
67693.60
16923.40
-10414.40
-19527.00
-20828.80
-20828.80
-22086.40
-22086.40
-24684.80
-5196.80
48070.40
142912.00
54433.61
16100.55
-10393.60
-19488.00
-20787.20
-20787.20
-22042.20
-22042.20
-24635.40
-5186.40
47974.20
142626.00
67423.20
16855.80
-10372.80
-19449.00
-20745.60
-20745.60
-21998.00
-21998.00
-24586.00
-5176.00
47878.00
142340.00
67288.00
16822.00
-10352.00
-19410.00
-20704.00
-20704.00
-21953.80
-21953.80
-24536.60
-5165.60
47781.80
142054.00
67152.80
16788.20
-10331.20
-19371.00
-20662.40
-20662.40
-21911.30
-21911.30
-24489.10
-5155.60
47689.30
141779.00
67022.80
16755.70
-10311.20
-19333.50
-20622.40
-20622.40
-21868.37
-21868.37
-24441.12
-5145.50
47595.86
141501.21
66891.48
16722.87
-10291.00
-19295.62
-20581.99
-20581.99
-21843.30
-21843.30
-24413.10
-5139.60
47541.30
141339.00
66814.80
16703.70
-10279.20
-19273.50
-20558.40
-20558.40
-21817.80
-21817.80
-24384.60
-5133.60
47485.80
141174.00
66736.80
16684.20
-10267.20
-19251.00
-20534.40
-20534.40
-21792.30
-21792.30
-24356.10
-5127.60
38410.36
37023.38
14318.09
8206.76
-10255.20
-19228.50
-20510.40
-20510.40
-21766.80
-21766.80
-24327.60
-5121.60
47374.80
140844.00
66580.80
16645.20
-10243.20
-19206.00
-20486.40
-20486.40
-21741.30
-21741.30
-24299.10
-5115.60
47319.30
140679.00
43387.01
14272.92
-10231.20
-19183.50
-20462.40
-20462.40
-21717.50
-21717.50
-24272.50
-5110.00
47267.50
140525.00
66430.00
16607.50
-10220.00
-19162.50
-20440.00
-20440.00
-21692.00
-21692.00
-24244.00
-5104.00
47212.00
140360.00
59763.59
16588.00
-10208.00
-19140.00
-20416.00
-20416.00
-21668.20
-21668.20
-24217.40
-5098.40
47160.20
140206.00
50200.77
16569.80
-10196.80
-19119.00
-20393.60
-20393.60
-21642.70
-21642.70
-24188.90
-5092.40
47104.70
140041.00
66201.20
16550.30
-10184.80
-19096.50
-20369.60
-20369.60
-21618.16
-21618.16
-24161.47
-5086.63
47051.29
139882.20
66126.13
16531.53
-10173.25
-19074.85
-20346.50
-20346.50
-21615.50
-21615.50
-24158.50
-5086.00
47045.50
139865.00
61324.12
16529.50
-10172.00
-19072.50
-20344.00
-20344.00
-21610.40
-21610.40
-24152.80
-5084.80
47034.40
139832.00
66102.40
16525.60
-10169.60
-19068.00
-20339.20
-20339.20
-21607.00
-21607.00
-24149.00
-5084.00
44243.24
31337.85
9899.64
16523.00
-10168.00
-19065.00
-20336.00
-20336.00
-21603.60
-21603.60
-24145.20
-5083.20
47019.60
139788.00
37288.11
13629.43
-10166.40
-19062.00
-20332.80
-20332.80
-21600.20
-21600.20
-24141.40
-5082.40
47012.20
139766.00
66071.20
16517.80
-10164.80
-19059.00
-20329.60
-20329.60
-21596.80
-21596.80
-24137.60
-5081.60
47004.80
139744.00
66060.80
16515.20
-10163.20
-19056.00
-20326.40
-20326.40
-21593.40
-21593.40
-24133.80
-5080.80
46997.40
42755.97
12789.76
8860.40
-10161.60
-19053.00
-20323.20
-20323.20
-21590.00
-21590.00
-24130.00
-5080.00
45777.32
139700.00
66040.00
16510.00
-10160.00
-19050.00
-20320.00
-20320.00
-21586.60
-21586.60
-24126.20
-5079.20
46982.60
139678.00
66029.60
16507.40
-10158.40
-19047.00
-20316.80
-20316.80
-21583.69
-21583.69
-24122.95
-5078.52
46976.28
139659.20
66020.71
16505.18
-10157.03
-19044.44
-20314.07
-20314.07
-21583.69
-21583.69
-24122.95
-5078.52
46976.28
139659.20
66020.71
16505.18
-10157.03
-19044.44
-20314.07
-20314.07
-21583.69
-21583.69
-24122.95
-5078.52
46976.28
139659.20
42791.44
12829.79
-10157.03
-19044.44
-20314.07
-20314.07
-21583.69
-21583.69
-24122.95
-5078.52
46976.28
139659.20
34657.96
7185.40
-10157.03
-19044.44
-20314.07
-20314.07
-21583.69
-21583.69
-24122.95
-5078.52
46976.28
139659.20
66020.71
16505.18
-10157.03
-19044.44
-20314.07
-20314.07
-21583.69
-21583.69
-24122.95
-5078.52
46976.28
139659.20
66020.71
16505.18
-10157.03
-19044.44
-20314.07
-20314.07
-21583.69
-21583.69
-24122.95
-5078.52
46976.28
139659.20
66020.71
16505.18
-10157.03
-19044.44
-20314.07
-20314.07
-21583.69
-21583.69
-24122.95
-5078.52
46976.28
139659.20
66020.71
14989.43
-10157.03
-19044.44
-20314.07
-20314.07
-21583.69
-21583.69
-24122.95
-5078.52
46976.28
139659.20
66020.71
16505.18
-10157.03
-19044.44
-20314.07
-20314.07
-21583.69
-21583.69
-24122.95
-5078.52
46976.28
139659.20
66020.71
16505.18
-10157.03
-19044.44
-20314.07
-20314.07
-21583.69
-21583.69
-24122.95
-5078.52
46976.28
139659.20
66020.71
16505.18
-10157.03
-19044.44
-20314.07
-20314.07
