start_date: 2019-01-31 24:00
end_date: 2060-12-31 24:00
timestep: 1 MONTH
units: acre-ft/month
scale: 1.000000
# Series Slot: AgAndMIAbvGlenwoodSprings:1971CompStudyAg.Diversion Requested [1 acre-ft/month]
-44699.80
-44699.80
-49958.60
-10517.60
97287.80
289234.00
136728.80
34182.20
-21035.20
-39441.00
-42070.40
-42070.40
-44624.65
-44624.65
-49874.61
-10499.92
97124.25
288747.76
136498.94
34124.73
-20999.84
-39374.69
-41999.67
-41999.67
-44533.20
-44533.20
-49772.40
-10478.40
76539.08
288156.00
136219.20
34054.80
-20956.80
-39294.00
-41913.60
-41913.60
-44441.40
-44441.40
-49669.80
-10456.80
96725.40
287562.00
135938.40
33984.60
-20913.60
-39213.00
-41827.20
-41827.20
-44349.60
-44349.60
-49567.20
-10435.20
96525.60
286968.00
135657.60
33914.40
-20870.40
-39132.00
-41740.80
-41740.80
-44261.20
-44261.20
-49468.40
-10414.40
96333.20
286396.00
135387.20
33846.80
-20828.80
-39054.00
-41657.60
-41657.60
-44172.80
-44172.80
-49369.60
-10393.60
96140.80
285824.00
108867.23
32201.09
-20787.20
-38976.00
-41574.40
-41574.40
-44084.40
-44084.40
-49270.80
-10372.80
95948.40
285252.00
134846.40
33711.60
-20745.60
-38898.00
-41491.20
-41491.20
-43996.00
-43996.00
-49172.00
-10352.00
95756.00
284680.00
134576.00
33644.00
-20704.00
-38820.00
-41408.00
-41408.00
-43907.60
-43907.60
-49073.20
-10331.20
95563.60
284108.00
134305.60
33576.40
-20662.40
-38742.00
-41324.80
-41324.80
-43822.60
-43822.60
-48978.20
-10311.20
95378.60
283558.00
134045.60
33511.40
-20622.40
-38667.00
-41244.80
-41244.80
-43736.74
-43736.74
-48882.23
-10291.00
95191.72
283002.41
133782.96
33445.74
-20581.99
-38591.24
-41163.99
-41163.99
-43686.60
-43686.60
-48826.20
-10279.20
95082.60
282678.00
133629.60
33407.40
-20558.40
-38547.00
-41116.80
-41116.80
-43635.60
-43635.60
-48769.20
-10267.20
94971.60
282348.00
133473.60
33368.40
-20534.40
-38502.00
-41068.80
-41068.80
-43584.60
-43584.60
-48712.20
-10255.20
76820.73
74046.76
28636.18
16413.53
-20510.40
-38457.00
-41020.80
-41020.80
-43533.60
-43533.60
-48655.20
-10243.20
94749.60
281688.00
133161.60
33290.40
-20486.40
-38412.00
-40972.80
-40972.80
-43482.60
-43482.60
-48598.20
-10231.20
94638.60
281358.00
86774.02
28545.84
-20462.40
-38367.00
-40924.80
-40924.80
-43435.00
-43435.00
-48545.00
-10220.00
94535.00
281050.00
132860.00
33215.00
-20440.00
-38325.00
-40880.00
-40880.00
-43384.00
-43384.00
-48488.00
-10208.00
94424.00
280720.00
119527.17
33176.00
-20416.00
-38280.00
-40832.00
-40832.00
-43336.40
-43336.40
-48434.80
-10196.80
94320.40
280412.00
100401.54
33139.60
-20393.60
-38238.00
-40787.20
-40787.20
-43285.40
-43285.40
-48377.80
-10184.80
94209.40
280082.00
132402.40
33100.60
-20369.60
-38193.00
-40739.20
-40739.20
-43236.32
-43236.32
-48322.94
-10173.25
94102.57
279764.41
132252.27
33063.07
-20346.50
-38149.69
-40693.00
-40693.00
-43231.00
-43231.00
-48317.00
-10172.00
94091.00
279730.00
122648.24
33059.00
-20344.00
-38145.00
-40688.00
-40688.00
-43220.80
-43220.80
-48305.60
-10169.60
94068.80
279664.00
132204.80
33051.20
-20339.20
-38136.00
-40678.40
-40678.40
-43214.00
-43214.00
-48298.00
-10168.00
88486.49
62675.70
19799.28
33046.00
-20336.00
-38130.00
-40672.00
-40672.00
-43207.20
-43207.20
-48290.40
-10166.40
94039.20
279576.00
74576.23
27258.85
-20332.80
-38124.00
-40665.60
-40665.60
-43200.40
-43200.40
-48282.80
-10164.80
94024.40
279532.00
132142.40
33035.60
-20329.60
-38118.00
-40659.20
-40659.20
-43193.60
-43193.60
-48275.20
-10163.20
94009.60
279488.00
132121.60
33030.40
-20326.40
-38112.00
-40652.80
-40652.80
-43186.80
-43186.80
-48267.60
-10161.60
93994.80
85511.94
25579.52
17720.80
-20323.20
-38106.00
-40646.40
-40646.40
-43180.00
-43180.00
-48260.00
-10160.00
91554.64
279400.00
132080.00
33020.00
-20320.00
-38100.00
-40640.00
-40640.00
-43173.20
-43173.20
-48252.40
-10158.40
93965.20
279356.00
132059.20
33014.80
-20316.80
-38094.00
-40633.60
-40633.60
-43167.39
-43167.39
-48245.91
-10157.03
93952.55
279318.40
132041.43
33010.36
-20314.07
-38088.87
-40628.13
-40628.13
-43167.39
-43167.39
-48245.91
-10157.03
93952.55
279318.40
132041.43
33010.36
-20314.07
-38088.87
-40628.13
-40628.13
-43167.39
-43167.39
-48245.91
-10157.03
93952.55
279318.40
85582.87
25659.57
-20314.07
-38088.87
-40628.13
-40628.13
-43167.39
-43167.39
-48245.91
-10157.03
93952.55
279318.40
69315.93
14370.80
-20314.07
-38088.87
-40628.13
-40628.13
-43167.39
-43167.39
-48245.91
-10157.03
93952.55
279318.40
132041.43
33010.36
-20314.07
-38088.87
-40628.13
-40628.13
-43167.39
-43167.39
-48245.91
-10157.03
93952.55
279318.40
132041.43
33010.36
-20314.07
-38088.87
-40628.13
-40628.13
-43167.39
-43167.39
-48245.91
-10157.03
93952.55
279318.40
132041.43
33010.36
-20314.07
-38088.87
-40628.13
-40628.13
-43167.39
-43167.39
-48245.91
-10157.03
93952.55
279318.40
132041.43
29978.86
-20314.07
-38088.87
-40628.13
-40628.13
-43167.39
-43167.39
-48245.91
-10157.03
93952.55
279318.40
132041.43
33010.36
-20314.07
-38088.87
-40628.13
-40628.13
-43167.39
-43167.39
-48245.91
-10157.03
93952.55
279318.40
132041.43
33010.36
-20314.07
-38088.87
-40628.13
-40628.13
-43167.39
-43167.39
-48245.91
-10157.03
93952.55
279318.40
132041.43
33010.36
-20314.07
-38088.87
-40628.13
-40628.13
