start_date: 2019-01-31 24:00
end_date: 2060-12-31 24:00
timestep: 1 MONTH
units: acre-ft/month
scale: 1.000000
# Series Slot: AgUsesAboveGreenRUt:UteIndianCompactGreen.Diversion Requested [1 acre-ft/month]
652.00
652.00
652.00
3260.00
14996.00
19560.00
13040.00
6520.00
3912.00
1304.00
0.00
652.00
680.00
680.00
680.00
3400.00
15640.00
20400.00
13600.00
6800.00
4080.00
1360.00
0.00
680.00
716.00
716.00
716.00
3580.00
16468.00
21480.00
14320.00
7160.00
4296.00
1432.00
0.00
716.00
752.00
752.00
752.00
3760.00
17296.00
22560.00
15040.00
7520.00
4512.00
1504.00
0.00
752.00
788.00
788.00
788.00
3940.00
18124.00
23640.00
15760.00
7880.00
4728.00
1576.00
0.00
788.00
824.00
824.00
824.00
4120.00
18952.00
24720.00
16480.00
8240.00
4944.00
1648.00
0.00
824.00
860.00
860.00
860.00
4300.00
19780.00
25800.00
17200.00
8600.00
5160.00
1720.00
0.00
860.00
888.00
888.00
888.00
4440.00
20424.00
26640.00
17760.00
8880.00
5328.00
1776.00
0.00
888.00
916.00
916.00
916.00
4580.00
21068.00
27480.00
18320.00
9160.00
5496.00
1832.00
0.00
916.00
944.00
944.00
944.00
4720.00
21712.00
28320.00
18880.00
9440.00
5664.00
1888.00
0.00
944.00
972.00
972.00
972.00
4860.00
22356.00
29160.00
19440.00
9720.00
5832.00
1944.00
0.00
972.00
1000.00
1000.00
1000.00
5000.00
23000.00
30000.00
20000.00
10000.00
6000.00
2000.00
0.00
1000.00
1024.00
1024.00
1024.00
5120.00
23552.00
30720.00
20480.00
10240.00
6144.00
2048.00
0.00
1024.00
1048.00
1048.00
1048.00
5240.00
24104.00
31440.00
20960.00
10480.00
6288.00
2096.00
0.00
1048.00
1072.00
1072.00
1072.00
5360.00
24656.00
32160.00
21440.00
10720.00
6432.00
2144.00
0.00
1072.00
1096.00
1096.00
1096.00
5480.00
25208.00
32880.00
21920.00
10960.00
6576.00
2192.00
0.00
1096.00
1120.00
1120.00
1120.00
5600.00
25760.00
33600.00
22400.00
11200.00
6720.00
2240.00
0.00
1120.00
1144.00
1144.00
1144.00
5720.00
26312.00
34320.00
22880.00
11440.00
6864.00
2288.00
0.00
1144.00
1168.00
1168.00
1168.00
5840.00
26864.00
35040.00
23360.00
11680.00
7008.00
2336.00
0.00
1168.00
1192.00
1192.00
1192.00
5960.00
27416.00
35760.00
23840.00
11920.00
7152.00
2384.00
0.00
1192.00
1216.00
1216.00
1216.00
6080.00
27968.00
36480.00
24320.00
12160.00
7296.00
2432.00
0.00
1216.00
1240.00
1240.00
1240.00
6200.00
28520.00
37200.00
24800.00
12400.00
7440.00
2480.00
0.00
1240.00
1240.00
1240.00
1240.00
6200.00
28520.00
37200.00
24800.00
12400.00
7440.00
2480.00
0.00
1240.00
1240.00
1240.00
1240.00
6200.00
28520.00
37200.00
24800.00
12400.00
7440.00
2480.00
0.00
1240.00
1240.00
1240.00
1240.00
6200.00
28520.00
37200.00
24800.00
12400.00
7440.00
2480.00
0.00
1240.00
1240.00
1240.00
1240.00
6200.00
28520.00
37200.00
24800.00
12400.00
7440.00
2480.00
0.00
1240.00
1240.00
1240.00
1240.00
6200.00
28520.00
37200.00
24800.00
12400.00
7440.00
2480.00
0.00
1240.00
1240.00
1240.00
1240.00
6200.00
28520.00
37200.00
24800.00
12400.00
7440.00
2480.00
0.00
1240.00
1240.00
1240.00
1240.00
6200.00
28520.00
37200.00
24800.00
12400.00
7440.00
2480.00
0.00
1240.00
1240.00
1240.00
1240.00
6200.00
28520.00
37200.00
24800.00
12400.00
7440.00
2480.00
0.00
1240.00
1240.00
1240.00
1240.00
6200.00
28520.00
37200.00
24800.00
12400.00
7440.00
2480.00
0.00
1240.00
1240.00
1240.00
1240.00
6200.00
28520.00
37200.00
24800.00
12400.00
7440.00
2480.00
0.00
1240.00
1240.00
1240.00
1240.00
6200.00
28520.00
37200.00
24800.00
12400.00
7440.00
2480.00
0.00
1240.00
1240.00
1240.00
1240.00
6200.00
28520.00
37200.00
24800.00
12400.00
7440.00
2480.00
0.00
1240.00
1240.00
1240.00
1240.00
6200.00
28520.00
37200.00
24800.00
12400.00
7440.00
2480.00
0.00
1240.00
1240.00
1240.00
1240.00
6200.00
28520.00
37200.00
24800.00
12400.00
7440.00
2480.00
0.00
1240.00
1240.00
1240.00
1240.00
6200.00
28520.00
37200.00
24800.00
12400.00
7440.00
2480.00
0.00
1240.00
1240.00
1240.00
1240.00
6200.00
28520.00
37200.00
24800.00
12400.00
7440.00
2480.00
0.00
1240.00
1240.00
1240.00
1240.00
6200.00
28520.00
37200.00
24800.00
12400.00
7440.00
2480.00
0.00
1240.00
1240.00
1240.00
1240.00
6200.00
28520.00
37200.00
24800.00
12400.00
7440.00
2480.00
0.00
1240.00
1240.00
1240.00
1240.00
6200.00
28520.00
37200.00
24800.00
12400.00
7440.00
2480.00
0.00
1240.00
1240.00
1240.00
1240.00
6200.00
28520.00
37200.00
24800.00
12400.00
7440.00
2480.00
0.00
1240.00
