start_date: 2019-01-31 24:00
end_date: 2060-12-31 24:00
timestep: 1 MONTH
units: acre-ft/month
scale: 1.000000
# Series Slot: AgUsesAboveGreenRUt:NonIndian.Diversion Requested [1 acre-ft/month]
1122.53
1122.53
1122.53
5612.67
25818.28
33676.02
22450.68
11225.34
6735.20
2245.07
0.00
1122.53
1080.85
1080.85
1080.85
5404.26
24859.58
32425.54
21617.03
10808.51
6485.11
2161.70
0.00
1080.85
1070.70
1070.70
1070.70
5353.50
24626.10
32121.00
21414.00
10707.00
6424.20
2141.40
0.00
1070.70
1060.56
1060.56
1060.56
5302.80
24392.86
31816.77
21211.18
10605.59
6363.35
2121.12
0.00
1060.56
1050.42
1050.42
1050.42
5252.10
24159.64
31512.57
21008.38
10504.19
6302.51
2100.84
0.00
1050.42
1040.35
1040.35
1040.35
5201.75
23928.06
31210.51
20807.01
10403.50
6242.10
2080.70
0.00
1040.35
1030.31
1030.31
1030.31
5151.55
23697.14
30909.31
20606.21
10303.10
6181.86
2060.62
0.00
1030.31
1027.29
1027.29
1027.29
5136.45
23627.67
30818.70
20545.80
10272.90
6163.74
2054.58
0.00
1027.29
1024.26
1024.26
1024.26
5121.30
23557.98
30727.81
20485.20
10242.60
6145.56
2048.52
0.00
1024.26
1021.26
1021.26
1021.26
5106.30
23488.98
30637.80
20425.20
10212.60
6127.56
2042.52
0.00
1021.26
1018.26
1018.26
1018.26
5091.30
23420.00
30547.83
20365.22
10182.61
6109.57
2036.52
0.00
1018.26
1015.28
1015.28
1015.28
5076.40
23351.42
30458.37
20305.58
10152.79
6091.67
2030.56
0.00
1015.28
1015.63
1015.63
1015.63
5078.15
23359.49
30468.89
20312.60
10156.30
6093.78
2031.26
0.00
1015.63
1016.03
1016.03
1016.03
5080.15
23368.67
30480.88
20320.59
10160.29
6096.18
2032.06
0.00
1016.03
1016.56
1016.56
1016.56
5082.80
23380.89
30496.82
20331.21
10165.61
6099.36
2033.12
0.00
1016.56
1017.13
1017.13
1017.13
5085.65
23393.97
30513.88
20342.58
10171.29
6102.78
2034.26
0.00
1017.13
1017.81
1017.81
1017.81
5089.06
23409.65
30534.33
20356.22
10178.11
6106.87
2035.62
0.00
1017.81
1018.54
1018.54
1018.54
5092.70
23426.43
30556.21
20370.80
10185.40
6111.24
2037.08
0.00
1018.54
1024.46
1024.46
1024.46
5122.28
23562.47
30733.66
20489.11
10244.55
6146.73
2048.91
0.00
1024.46
1030.37
1030.37
1030.37
5151.85
23698.52
30911.11
20607.41
10303.70
6182.22
2060.74
0.00
1030.37
1036.29
1036.29
1036.29
5181.43
23834.56
31088.56
20725.71
10362.85
6217.71
2072.57
0.00
1036.29
1042.20
1042.20
1042.20
5211.00
23970.61
31266.01
20844.01
10422.00
6253.20
2084.40
0.00
1042.20
1041.56
1041.56
1041.56
5207.80
23955.87
31246.79
20831.19
10415.60
6249.36
2083.12
0.00
1041.56
1040.92
1040.92
1040.92
5204.59
23941.13
31227.56
20818.37
10409.19
6245.51
2081.84
0.00
1040.92
1040.28
1040.28
1040.28
5201.39
23926.39
31208.33
20805.55
10402.78
6241.67
2080.56
0.00
1040.28
1039.64
1039.64
1039.64
5198.18
23911.65
31189.10
20792.74
10396.37
6237.82
2079.27
0.00
1039.64
1039.00
1039.00
1039.00
5194.98
23896.90
31169.87
20779.92
10389.96
6233.97
2077.99
0.00
1039.00
1038.35
1038.35
1038.35
5191.77
23882.16
31150.65
20767.10
10383.55
6230.13
2076.71
0.00
1038.35
1037.71
1037.71
1037.71
5188.57
23867.42
31131.42
20754.28
10377.14
6226.28
2075.43
0.00
1037.71
1037.07
1037.07
1037.07
5185.37
23852.68
31112.19
20741.46
10370.73
6222.44
2074.15
0.00
1037.07
1036.43
1036.43
1036.43
5182.16
23837.94
31092.96
20728.64
10364.32
6218.59
2072.86
0.00
1036.43
1035.79
1035.79
1035.79
5178.96
23823.20
31073.74
20715.82
10357.91
6214.75
2071.58
0.00
1035.79
1027.85
1027.85
1027.85
5139.24
23640.48
30835.41
20556.94
10278.47
6167.08
2055.69
0.00
1027.85
1019.90
1019.90
1019.90
5099.51
23457.77
30597.09
20398.06
10199.03
6119.42
2039.81
0.00
1019.90
1011.96
1011.96
1011.96
5059.79
23275.05
30358.76
20239.17
10119.59
6071.75
2023.92
0.00
1011.96
1004.01
1004.01
1004.01
5020.07
23092.33
30120.44
20080.29
10040.15
6024.09
2008.03
0.00
1004.01
996.07
996.07
996.07
4980.35
22909.62
29882.11
19921.41
9960.70
5976.42
1992.14
0.00
996.07
988.13
988.13
988.13
4940.63
22726.90
29643.79
19762.52
9881.26
5928.76
1976.25
0.00
988.13
980.18
980.18
980.18
4900.91
22544.19
29405.46
19603.64
9801.82
5881.09
1960.36
0.00
980.18
972.24
972.24
972.24
4861.19
22361.47
29167.14
19444.76
9722.38
5833.43
1944.48
0.00
972.24
964.29
964.29
964.29
4821.47
22178.76
28928.81
19285.87
9642.94
5785.76
1928.59
0.00
964.29
956.35
956.35
956.35
4781.75
21996.04
28690.49
19126.99
9563.50
5738.10
1912.70
0.00
956.35
