start_date: 2019-01-31 24:00
end_date: 2060-12-31 24:00
timestep: 1 MONTH
units: acre-ft/month
scale: 1.000000
# Series Slot: AgUsesAboveGreenRiverWy:AgUsesBelowFontenelleCurr.Depletion Requested [1 acre-ft/month]
0.00
0.00
0.00
0.00
41019.80
-6551.77
-15667.28
7406.35
2278.88
0.00
0.00
0.00
0.00
0.00
0.00
0.00
41272.62
-6592.15
-15763.85
7452.00
2292.92
0.00
0.00
0.00
0.00
0.00
0.00
0.00
41678.46
-6656.98
-15918.85
7525.28
2315.47
0.00
0.00
0.00
0.00
0.00
0.00
0.00
42084.29
-6721.80
-16073.86
7598.55
2338.02
0.00
0.00
0.00
0.00
0.00
0.00
0.00
42490.13
-6786.62
-16228.87
7671.83
2360.56
0.00
0.00
0.00
0.00
0.00
0.00
0.00
42895.97
-6851.44
-16383.88
7745.11
2383.11
0.00
0.00
0.00
0.00
0.00
0.00
0.00
43301.81
-6916.26
-16538.89
7818.38
2405.66
0.00
0.00
0.00
0.00
0.00
0.00
0.00
43707.65
-6981.08
-16693.89
7891.66
2428.20
0.00
0.00
0.00
0.00
0.00
0.00
0.00
44113.48
-7045.90
-16848.90
7964.93
2450.75
0.00
0.00
0.00
0.00
0.00
0.00
0.00
44519.32
-7110.73
-17003.91
8038.21
2473.30
0.00
0.00
0.00
0.00
0.00
0.00
0.00
44925.16
-7175.55
-17158.92
8111.49
2495.84
0.00
0.00
0.00
0.00
0.00
0.00
0.00
45331.00
-7240.37
-17313.92
8184.76
2518.39
0.00
0.00
0.00
0.00
0.00
0.00
0.00
45100.34
-7203.53
-17225.82
8143.12
2505.57
0.00
0.00
0.00
0.00
0.00
0.00
0.00
44869.68
-7166.68
-17137.72
8101.47
2492.76
0.00
0.00
0.00
0.00
0.00
0.00
0.00
44639.02
-7129.84
-17049.62
8059.82
2479.95
0.00
0.00
0.00
0.00
0.00
0.00
0.00
44408.36
-7093.00
-16961.52
8018.18
2467.13
0.00
0.00
0.00
0.00
0.00
0.00
0.00
44177.70
-7056.16
-16873.43
7976.53
2454.32
0.00
0.00
0.00
0.00
0.00
0.00
0.00
43947.03
-7019.32
-16785.33
7934.88
2441.50
0.00
0.00
0.00
0.00
0.00
0.00
0.00
43716.37
-6982.48
-16697.23
7893.23
2428.69
0.00
0.00
0.00
0.00
0.00
0.00
0.00
43485.71
-6945.63
-16609.13
7851.59
2415.87
0.00
0.00
0.00
0.00
0.00
0.00
0.00
43255.05
-6908.79
-16521.03
7809.94
2403.06
0.00
0.00
0.00
0.00
0.00
0.00
0.00
43024.39
-6871.95
-16432.93
7768.29
2390.24
0.00
0.00
0.00
0.00
0.00
0.00
0.00
42652.08
-6812.49
-16290.73
7701.07
2369.56
0.00
0.00
0.00
0.00
0.00
0.00
0.00
42279.78
-6753.02
-16148.53
7633.85
2348.88
0.00
0.00
0.00
0.00
0.00
0.00
0.00
41907.47
-6693.55
-16006.32
7566.63
2328.19
0.00
0.00
0.00
0.00
0.00
0.00
0.00
41535.16
-6634.09
-15864.12
7499.40
2307.51
0.00
0.00
0.00
0.00
0.00
0.00
0.00
41162.85
-6574.62
-15721.92
7432.18
2286.83
0.00
0.00
0.00
0.00
0.00
0.00
0.00
40790.55
-6515.16
-15579.72
7364.96
2266.14
0.00
0.00
0.00
0.00
0.00
0.00
0.00
40418.24
-6455.69
-15437.52
7297.74
2245.46
0.00
0.00
0.00
0.00
0.00
0.00
0.00
40045.93
-6396.23
-15295.32
7230.52
2224.77
0.00
0.00
0.00
0.00
0.00
0.00
0.00
39673.62
-6336.76
-15153.12
7163.29
2204.09
0.00
0.00
0.00
0.00
0.00
0.00
0.00
39301.32
-6277.29
-15010.92
7096.07
2183.41
0.00
0.00
0.00
0.00
0.00
0.00
0.00
38985.39
-6226.83
-14890.25
7039.03
2165.86
0.00
0.00
0.00
0.00
0.00
0.00
0.00
38669.47
-6176.37
-14769.59
6981.99
2148.30
0.00
0.00
0.00
0.00
0.00
0.00
0.00
38353.55
-6125.91
-14648.93
6924.95
2130.75
0.00
0.00
0.00
0.00
0.00
0.00
0.00
38037.63
-6075.45
-14528.26
6867.91
2113.20
0.00
0.00
0.00
0.00
0.00
0.00
0.00
37721.71
-6024.99
-14407.60
6810.86
2095.65
0.00
0.00
0.00
0.00
0.00
0.00
0.00
37405.79
-5974.54
-14286.93
6753.82
2078.10
0.00
0.00
0.00
0.00
0.00
0.00
0.00
37089.86
-5924.08
-14166.27
6696.78
2060.55
0.00
0.00
0.00
0.00
0.00
0.00
0.00
36773.94
-5873.62
-14045.60
6639.74
2043.00
0.00
0.00
0.00
0.00
0.00
0.00
0.00
36458.02
-5823.16
-13924.94
6582.70
2025.45
0.00
0.00
0.00
0.00
0.00
0.00
0.00
36142.10
-5772.70
-13804.27
6525.66
2007.89
0.00
0.00
0.00
