start_date: 2019-01-31 24:00
end_date: 2060-12-31 24:00
timestep: 1 MONTH
units: acre-ft/month
scale: 1.000000
# Series Slot: ColoradoUsesBelowShiprockNM:CoAgUteMtnUte.Depletion Requested [1 acre-ft/month]
0.00
0.00
0.00
56.00
728.00
1624.00
1680.00
1120.00
336.00
56.00
0.00
0.00
0.00
0.00
0.00
60.00
780.00
1740.00
1800.00
1200.00
360.00
60.00
0.00
0.00
0.00
0.00
0.00
62.00
806.00
1798.00
1860.00
1240.00
372.00
62.00
0.00
0.00
0.00
0.00
0.00
64.00
832.00
1856.00
1920.00
1280.00
384.00
64.00
0.00
0.00
0.00
0.00
0.00
66.00
858.00
1914.00
1980.00
1320.00
396.00
66.00
0.00
0.00
0.00
0.00
0.00
68.00
884.00
1972.00
2040.00
1360.00
408.00
68.00
0.00
0.00
0.00
0.00
0.00
70.00
910.00
2030.00
2100.00
1400.00
420.00
70.00
0.00
0.00
0.00
0.00
0.00
72.00
936.00
2088.00
2160.00
1440.00
432.00
72.00
0.00
0.00
0.00
0.00
0.00
74.00
962.00
2146.00
2220.00
1480.00
444.00
74.00
0.00
0.00
0.00
0.00
0.00
76.00
988.00
2204.00
2280.00
1520.00
456.00
76.00
0.00
0.00
0.00
0.00
0.00
78.00
1014.00
2262.00
2340.00
1560.00
468.00
78.00
0.00
0.00
0.00
0.00
0.00
80.00
1040.00
2320.00
2400.00
1600.00
480.00
80.00
0.00
0.00
0.00
0.00
0.00
83.00
1079.00
2407.00
2490.00
1660.00
498.00
83.00
0.00
0.00
0.00
0.00
0.00
86.00
1118.00
2494.00
2580.00
1720.00
516.00
86.00
0.00
0.00
0.00
0.00
0.00
89.00
1157.00
2581.00
2670.00
1780.00
534.00
89.00
0.00
0.00
0.00
0.00
0.00
92.00
1196.00
2668.00
2760.00
1840.00
552.00
92.00
0.00
0.00
0.00
0.00
0.00
95.00
1235.00
2755.00
2850.00
1900.00
570.00
95.00
0.00
0.00
0.00
0.00
0.00
98.00
1274.00
2842.00
2940.00
1960.00
588.00
98.00
0.00
0.00
0.00
0.00
0.00
101.00
1313.00
2929.00
3030.00
2020.00
606.00
101.00
0.00
0.00
0.00
0.00
0.00
104.00
1352.00
3016.00
3120.00
2080.00
624.00
104.00
0.00
0.00
0.00
0.00
0.00
107.00
1391.00
3103.00
3210.00
2140.00
642.00
107.00
0.00
0.00
0.00
0.00
0.00
110.00
1430.00
3190.00
3300.00
2200.00
660.00
110.00
0.00
0.00
0.00
0.00
0.00
114.00
1482.00
3306.00
3420.00
2280.00
684.00
114.00
0.00
0.00
0.00
0.00
0.00
118.00
1534.00
3422.00
3540.00
2360.00
708.00
118.00
0.00
0.00
0.00
0.00
0.00
122.00
1586.00
3538.00
3660.00
2440.00
732.00
122.00
0.00
0.00
0.00
0.00
0.00
126.00
1638.00
3654.00
3780.00
2520.00
756.00
126.00
0.00
0.00
0.00
0.00
0.00
130.00
1690.00
3770.00
3900.00
2600.00
780.00
130.00
0.00
0.00
0.00
0.00
0.00
134.00
1742.00
3886.00
4020.00
2680.00
804.00
134.00
0.00
0.00
0.00
0.00
0.00
138.00
1794.00
4002.00
4140.00
2760.00
828.00
138.00
0.00
0.00
0.00
0.00
0.00
142.00
1846.00
4118.00
4260.00
2840.00
852.00
142.00
0.00
0.00
0.00
0.00
0.00
146.00
1898.00
4234.00
4380.00
2920.00
876.00
146.00
0.00
0.00
0.00
0.00
0.00
150.00
1950.00
4350.00
4500.00
3000.00
900.00
150.00
0.00
0.00
0.00
0.00
0.00
154.00
2002.00
4466.00
4620.00
3080.00
924.00
154.00
0.00
0.00
0.00
0.00
0.00
158.00
2054.00
4582.00
4740.00
3160.00
948.00
158.00
0.00
0.00
0.00
0.00
0.00
162.00
2106.00
4698.00
4860.00
3240.00
972.00
162.00
0.00
0.00
0.00
0.00
0.00
166.00
2158.00
4814.00
4980.00
3320.00
996.00
166.00
0.00
0.00
0.00
0.00
0.00
170.00
2210.00
4930.00
5100.00
3400.00
1020.00
170.00
0.00
0.00
0.00
0.00
0.00
174.00
2262.00
5046.00
5220.00
3480.00
1044.00
174.00
0.00
0.00
0.00
0.00
0.00
178.00
2314.00
5162.00
5340.00
3560.00
1068.00
178.00
0.00
0.00
0.00
0.00
0.00
182.00
2366.00
5278.00
5460.00
3640.00
1092.00
182.00
0.00
0.00
0.00
0.00
0.00
186.00
2418.00
5394.00
5580.00
3720.00
1116.00
186.00
0.00
0.00
0.00
0.00
0.00
190.00
2470.00
5510.00
5700.00
3800.00
1140.00
190.00
0.00
0.00
