start_date: 2019-01-31 24:00
end_date: 2060-12-31 24:00
timestep: 1 MONTH
units: acre-ft/month
scale: 1.000000
# Series Slot: ColoradoNewMexAgAbvArch:CONonIndian.Depletion Requested [1 acre-ft/month]
168.00
168.00
168.00
1512.00
6216.00
7728.00
2688.00
336.00
-1512.00
-1008.00
168.00
168.00
165.33
165.33
165.33
1487.93
6117.06
7604.99
2645.21
330.65
-1487.93
-991.96
165.33
165.33
164.00
164.00
164.00
1476.00
6068.00
7544.00
2624.00
328.00
-1476.00
-984.00
164.00
164.00
162.80
162.80
162.80
1465.20
6023.60
7488.80
2604.80
325.60
-1465.20
-976.80
162.80
162.80
161.50
161.50
161.50
1453.50
5975.50
7429.00
2584.00
323.00
-1453.50
-969.00
161.50
161.50
160.20
160.20
160.20
1441.80
5927.40
7369.20
2563.20
320.40
-1441.80
-961.20
160.20
160.20
158.90
158.90
158.90
1430.10
5879.30
7309.40
2542.40
317.80
-1430.10
-953.40
158.90
158.90
159.60
159.60
159.60
1436.40
5905.20
7341.60
2553.60
319.20
-1436.40
-957.60
159.60
159.60
160.30
160.30
160.30
1442.70
5931.10
7373.80
2564.80
320.60
-1442.70
-961.80
160.30
160.30
161.10
161.10
161.10
1449.90
5960.70
7410.60
2577.60
322.20
-1449.90
-966.60
161.10
161.10
161.80
161.80
161.80
1456.20
5986.60
7442.80
2588.80
323.60
-1456.20
-970.80
161.80
161.80
162.49
162.49
162.49
1462.38
6012.00
7474.38
2599.79
324.97
-1462.38
-974.92
162.49
162.49
161.58
161.58
161.58
1454.25
5978.58
7432.83
2585.33
323.17
-1454.25
-969.50
161.58
161.58
160.68
160.68
160.68
1446.12
5945.15
7391.27
2570.88
321.36
-1446.12
-964.08
160.68
160.68
159.78
159.78
159.78
1437.99
5911.73
7349.72
2556.42
319.55
-1437.99
-958.66
159.78
159.78
158.87
158.87
158.87
1429.86
5878.30
7308.16
2541.97
317.75
-1429.86
-953.24
158.87
158.87
157.97
157.97
157.97
1421.73
5844.88
7266.60
2527.51
315.94
-1421.73
-947.82
157.97
157.97
157.07
157.07
157.07
1413.60
5811.45
7225.05
2513.06
314.13
-1413.60
-942.40
157.07
157.07
156.16
156.16
156.16
1405.47
5778.03
7183.49
2498.61
312.33
-1405.47
-936.98
156.16
156.16
155.26
155.26
155.26
1397.34
5744.60
7141.94
2484.15
310.52
-1397.34
-931.56
155.26
155.26
154.36
154.36
154.36
1389.20
5711.18
7100.38
2469.70
308.71
-1389.20
-926.14
154.36
154.36
153.45
153.45
153.45
1381.07
5677.75
7058.82
2455.24
306.91
-1381.07
-920.72
153.45
153.45
153.96
153.96
153.96
1385.66
5696.62
7082.28
2463.40
307.93
-1385.66
-923.78
153.96
153.96
154.47
154.47
154.47
1390.25
5715.48
7105.74
2471.56
308.95
-1390.25
-926.84
154.47
154.47
154.98
154.98
154.98
1394.84
5734.35
7129.19
2479.72
309.96
-1394.84
-929.89
154.98
154.98
155.49
155.49
155.49
1399.43
5753.22
7152.65
2487.88
310.98
-1399.43
-932.95
155.49
155.49
156.00
156.00
156.00
1404.02
5772.08
7176.10
2496.04
312.00
-1404.02
-936.01
156.00
156.00
156.51
156.51
156.51
1408.61
5790.95
7199.56
2504.19
313.02
-1408.61
-939.07
156.51
156.51
157.02
157.02
157.02
1413.20
5809.82
7223.02
2512.35
314.04
-1413.20
-942.13
157.02
157.02
157.53
157.53
157.53
1417.79
5828.68
7246.47
2520.51
315.06
-1417.79
-945.19
157.53
157.53
158.04
158.04
158.04
1422.38
5847.55
7269.93
2528.67
316.08
-1422.38
-948.25
158.04
158.04
158.55
158.55
158.55
1426.97
5866.42
7293.38
2536.83
317.10
-1426.97
-951.31
158.55
158.55
158.23
158.23
158.23
1424.09
5854.60
7278.69
2531.72
316.46
-1424.09
-949.39
158.23
158.23
157.91
157.91
157.91
1421.22
5842.78
7263.99
2526.61
315.83
-1421.22
-947.48
157.91
157.91
157.59
157.59
157.59
1418.34
5830.96
7249.30
2521.49
315.19
-1418.34
-945.56
157.59
157.59
157.27
157.27
157.27
1415.47
5819.14
7234.60
2516.38
314.55
-1415.47
-943.64
157.27
157.27
156.95
156.95
156.95
1412.59
5807.31
7219.90
2511.27
313.91
-1412.59
-941.73
156.95
156.95
156.63
156.63
156.63
1409.71
5795.49
7205.21
2506.16
313.27
-1409.71
-939.81
156.63
156.63
156.32
156.32
156.32
1406.84
5783.67
7190.51
2501.05
312.63
-1406.84
-937.89
156.32
156.32
156.00
156.00
156.00
1403.96
5771.85
7175.82
2495.94
311.99
-1403.96
-935.98
156.00
156.00
155.68
155.68
155.68
1401.09
5760.03
7161.12
2490.83
311.35
-1401.09
-934.06
155.68
155.68
155.36
155.36
155.36
1398.21
5748.21
7146.43
2485.71
310.71
-1398.21
-932.14
155.36
155.36
