start_date: 2019-01-31 24:00
end_date: 2060-12-31 24:00
timestep: 1 MONTH
units: acre-ft/month
scale: 1.000000
# Series Slot: ColoradoUsesOnLittleSnakeR:1971CompStudyAgLittleSnakeColo.Diversion Requested [1 acre-ft/month]
0.00
0.00
0.00
342.60
4453.86
10278.14
10278.14
6852.09
2055.63
0.00
0.00
0.00
0.00
0.00
0.00
343.16
4461.08
10294.80
10294.80
6863.20
2058.96
0.00
0.00
0.00
0.00
0.00
0.00
343.39
4464.04
10301.64
10301.64
6867.76
2060.33
0.00
0.00
0.00
0.00
0.00
0.00
343.62
4467.01
10308.48
10308.48
6872.32
2061.70
0.00
0.00
0.00
0.00
0.00
0.00
343.84
4469.97
10315.32
10315.32
6876.88
2063.06
0.00
0.00
0.00
0.00
0.00
0.00
344.07
4472.94
10322.16
10322.16
6881.44
2064.43
0.00
0.00
0.00
0.00
0.00
0.00
344.30
4475.90
10329.01
10329.01
6886.00
2065.80
0.00
0.00
0.00
0.00
0.00
0.00
344.53
4478.87
10335.85
10335.85
6890.56
2067.17
0.00
0.00
0.00
0.00
0.00
0.00
344.76
4481.83
10342.69
10342.69
6895.13
2068.54
0.00
0.00
0.00
0.00
0.00
0.00
344.98
4484.80
10349.53
10349.53
6899.69
2069.91
0.00
0.00
0.00
0.00
0.00
0.00
345.21
4487.76
10356.37
10356.37
6904.25
2071.27
0.00
0.00
0.00
0.00
0.00
0.00
345.44
4490.73
10363.21
10363.21
6908.81
2072.64
0.00
0.00
0.00
0.00
0.00
0.00
345.77
4495.07
10373.25
10373.25
6915.50
2074.65
0.00
0.00
0.00
0.00
0.00
0.00
346.11
4499.42
10383.29
10383.29
6922.19
2076.66
0.00
0.00
0.00
0.00
0.00
0.00
346.44
4503.77
10393.32
10393.32
6928.88
2078.66
0.00
0.00
0.00
0.00
0.00
0.00
346.78
4508.12
10403.36
10403.36
6935.57
2080.67
0.00
0.00
0.00
0.00
0.00
0.00
347.11
4512.47
10413.40
10413.40
6942.26
2082.68
0.00
0.00
0.00
0.00
0.00
0.00
347.45
4516.82
10423.43
10423.43
6948.96
2084.69
0.00
0.00
0.00
0.00
0.00
0.00
347.78
4521.17
10433.47
10433.47
6955.65
2086.69
0.00
0.00
0.00
0.00
0.00
0.00
348.12
4525.52
10443.51
10443.51
6962.34
2088.70
0.00
0.00
0.00
0.00
0.00
0.00
348.45
4529.87
10453.54
10453.54
6969.03
2090.71
0.00
0.00
0.00
0.00
0.00
0.00
348.79
4534.22
10463.58
10463.58
6975.72
2092.72
0.00
0.00
0.00
0.00
0.00
0.00
348.32
4528.16
10449.60
10449.60
6966.40
2089.92
0.00
0.00
0.00
0.00
0.00
0.00
347.85
4522.10
10435.62
10435.62
6957.08
2087.12
0.00
0.00
0.00
0.00
0.00
0.00
347.39
4516.04
10421.64
10421.64
6947.76
2084.33
0.00
0.00
0.00
0.00
0.00
0.00
346.92
4509.99
10407.66
10407.66
6938.44
2081.53
0.00
0.00
0.00
0.00
0.00
0.00
346.46
4503.93
10393.68
10393.68
6929.12
2078.74
0.00
0.00
0.00
0.00
0.00
0.00
345.99
4497.87
10379.70
10379.70
6919.80
2075.94
0.00
0.00
0.00
0.00
0.00
0.00
345.52
4491.81
10365.72
10365.72
6910.48
2073.14
0.00
0.00
0.00
0.00
0.00
0.00
345.06
4485.75
10351.74
10351.74
6901.16
2070.35
0.00
0.00
0.00
0.00
0.00
0.00
344.59
4479.70
10337.76
10337.76
6891.84
2067.55
0.00
0.00
0.00
0.00
0.00
0.00
344.13
4473.64
10323.78
10323.78
6882.52
2064.76
0.00
0.00
0.00
0.00
0.00
0.00
343.78
4469.14
10313.40
10313.40
6875.60
2062.68
0.00
0.00
0.00
0.00
0.00
0.00
343.43
4464.65
10303.03
10303.03
6868.69
2060.61
0.00
0.00
0.00
0.00
0.00
0.00
343.09
4460.15
10292.65
10292.65
6861.77
2058.53
0.00
0.00
0.00
0.00
0.00
0.00
342.74
4455.65
10282.28
10282.28
6854.85
2056.46
0.00
0.00
0.00
0.00
0.00
0.00
342.40
4451.16
10271.90
10271.90
6847.93
2054.38
0.00
0.00
0.00
0.00
0.00
0.00
342.05
4446.66
10261.53
10261.53
6841.02
2052.31
0.00
0.00
0.00
0.00
0.00
0.00
341.70
4442.16
10251.15
10251.15
6834.10
2050.23
0.00
0.00
0.00
0.00
0.00
0.00
341.36
4437.67
10240.77
10240.77
6827.18
2048.15
0.00
0.00
0.00
0.00
0.00
0.00
341.01
4433.17
10230.40
10230.40
6820.27
2046.08
0.00
0.00
0.00
0.00
0.00
0.00
340.67
4428.68
10220.02
10220.02
6813.35
2044.00
0.00
0.00
0.00
