start_date: 2019-01-31 24:00
end_date: 2060-12-31 24:00
timestep: 1 MONTH
units: acre-ft/month
scale: 1.000000
# Series Slot: MohaveValleyIDDPriority4:MohaveValleyIDDMandIPortion.Depletion Requested [1 acre-ft/month]
434.91
434.91
434.91
434.91
435.43
435.43
435.43
435.43
434.91
434.91
434.91
434.91
342.49
342.49
342.49
342.49
342.49
342.49
342.49
342.49
342.49
342.49
342.49
342.49
320.47
320.47
320.47
320.47
320.47
320.47
320.47
320.47
320.47
320.47
320.47
320.47
298.29
298.29
298.29
298.29
298.29
298.29
298.29
298.29
298.29
298.29
298.29
298.29
301.77
301.77
301.77
301.77
301.77
301.77
301.77
301.77
301.77
301.77
301.77
301.77
305.25
305.25
305.25
305.25
305.25
305.25
305.25
305.25
305.25
305.25
305.25
305.25
308.72
308.72
308.72
308.72
308.72
308.72
308.72
308.72
308.72
308.72
308.72
308.72
312.20
312.20
312.20
312.20
312.20
312.20
312.20
312.20
312.20
312.20
312.20
312.20
343.27
343.27
343.27
343.27
343.27
343.27
343.27
343.27
343.27
343.27
343.27
343.27
319.15
319.15
319.15
319.15
319.15
319.15
319.15
319.15
319.15
319.15
319.15
319.15
322.62
322.62
322.62
322.62
322.62
322.62
322.62
322.62
322.62
322.62
322.62
322.62
326.09
326.09
326.09
326.09
326.09
326.09
326.09
326.09
326.09
326.09
326.09
326.09
326.89
326.89
326.89
326.89
326.89
326.89
326.89
326.89
326.89
326.89
326.89
326.89
328.60
328.60
328.60
328.60
328.60
328.60
328.60
328.60
328.60
328.60
328.60
328.60
330.32
330.32
330.32
330.32
330.32
330.32
330.32
330.32
330.32
330.32
330.32
330.32
332.03
332.03
332.03
332.03
332.03
332.03
332.03
332.03
332.03
332.03
332.03
332.03
333.75
333.75
333.75
333.75
333.75
333.75
333.75
333.75
333.75
333.75
333.75
333.75
335.46
335.46
335.46
335.46
335.46
335.46
335.46
335.46
335.46
335.46
335.46
335.46
337.17
337.17
337.17
337.17
337.17
337.17
337.17
337.17
337.17
337.17
337.17
337.17
338.88
338.88
338.88
338.88
338.88
338.88
338.88
338.88
338.88
338.88
338.88
338.88
340.59
340.59
340.59
340.59
340.59
340.59
340.59
340.59
340.59
340.59
340.59
340.59
342.30
342.30
342.30
342.30
342.30
342.30
342.30
342.30
342.30
342.30
342.30
342.30
344.48
344.48
344.48
344.48
344.48
344.48
344.48
344.48
344.48
344.48
344.48
344.48
346.58
346.58
346.58
346.58
346.58
346.58
346.58
346.58
346.58
346.58
346.58
346.58
348.68
348.68
348.68
348.68
348.68
348.68
348.68
348.68
348.68
348.68
348.68
348.68
350.77
350.77
350.77
350.77
350.77
350.77
350.77
350.77
350.77
350.77
350.77
350.77
352.87
352.87
352.87
352.87
352.87
352.87
352.87
352.87
352.87
352.87
352.87
352.87
354.96
354.96
354.96
354.96
354.96
354.96
354.96
354.96
354.96
354.96
354.96
354.96
357.06
357.06
357.06
357.06
357.06
357.06
357.06
357.06
357.06
357.06
357.06
357.06
359.16
359.16
359.16
359.16
359.16
359.16
359.16
359.16
359.16
359.16
359.16
359.16
361.25
361.25
361.25
361.25
361.25
361.25
361.25
361.25
361.25
361.25
361.25
361.25
363.35
363.35
363.35
363.35
363.35
363.35
363.35
363.35
363.35
363.35
363.35
363.35
362.22
362.22
362.22
362.22
362.22
362.22
362.22
362.22
362.22
362.22
362.22
362.22
362.22
362.22
362.22
362.22
362.22
362.22
362.22
362.22
362.22
362.22
362.22
362.22
362.22
362.22
362.22
362.22
362.22
362.22
362.22
362.22
362.22
362.22
362.22
362.22
362.22
362.22
362.22
362.22
362.22
362.22
362.22
362.22
362.22
362.22
362.22
362.22
362.22
362.22
362.22
362.22
362.22
362.22
362.22
362.22
362.22
362.22
362.22
362.22
362.22
362.22
362.22
362.22
362.22
362.22
362.22
362.22
362.22
362.22
362.22
362.22
362.22
362.22
362.22
362.22
362.22
362.22
362.22
362.22
362.22
362.22
362.22
362.22
362.22
362.22
362.22
362.22
362.22
362.22
362.22
362.22
362.22
362.22
362.22
362.22
362.22
362.22
362.22
362.22
362.22
362.22
362.22
362.22
362.22
362.22
362.22
362.22
362.22
362.22
362.22
362.22
362.22
362.22
362.22
362.22
362.22
362.22
362.22
362.22
