start_date: 2019-01-31 24:00
end_date: 2060-12-31 24:00
timestep: 1 MONTH
units: acre-ft/month
scale: 1.000000
# Series Slot: NewMexicoAgFarmToShip:NMAgFruitland.Depletion Requested [1 acre-ft/month]
0.00
0.00
0.00
108.89
1415.62
3157.92
3266.81
2177.88
653.36
108.89
0.00
0.00
0.00
0.00
0.00
113.55
1476.13
3292.90
3406.45
2270.97
681.29
113.55
0.00
0.00
0.00
0.00
0.00
118.00
1533.96
3421.90
3539.90
2359.93
707.98
118.00
0.00
0.00
0.00
0.00
0.00
122.44
1591.78
3550.90
3673.35
2448.90
734.67
122.44
0.00
0.00
0.00
0.00
0.00
126.89
1649.61
3679.91
3806.80
2537.87
761.36
126.89
0.00
0.00
0.00
0.00
0.00
131.34
1707.44
3808.91
3940.25
2626.83
788.05
131.34
0.00
0.00
0.00
0.00
0.00
135.79
1765.27
3937.91
4073.70
2715.80
814.74
135.79
0.00
0.00
0.00
0.00
0.00
142.27
1849.57
4125.95
4268.23
2845.49
853.65
142.27
0.00
0.00
0.00
0.00
0.00
148.76
1933.86
4314.00
4462.76
2975.17
892.55
148.76
0.00
0.00
0.00
0.00
0.00
155.24
2018.16
4502.05
4657.29
3104.86
931.46
155.24
0.00
0.00
0.00
0.00
0.00
161.73
2102.46
4690.10
4851.82
3234.55
970.37
161.73
0.00
0.00
0.00
0.00
0.00
168.21
2186.75
4878.15
5046.36
3364.24
1009.27
168.21
0.00
0.00
0.00
0.00
0.00
168.37
2188.80
4882.71
5051.08
3367.38
1010.22
168.37
0.00
0.00
0.00
0.00
0.00
168.53
2190.85
4887.27
5055.80
3370.53
1011.16
168.53
0.00
0.00
0.00
0.00
0.00
0.00
0.00
4723.15
5060.52
3373.68
1012.10
168.68
0.00
0.00
0.00
0.00
0.00
0.00
0.00
3545.66
5065.24
3376.82
1013.05
168.84
0.00
0.00
0.00
0.00
0.00
169.00
2196.98
4900.96
5069.95
3379.97
1013.99
169.00
0.00
0.00
0.00
0.00
0.00
169.16
2199.03
4905.52
5074.67
3383.12
1014.93
169.16
0.00
0.00
0.00
0.00
0.00
169.31
2201.07
4910.08
5079.39
3386.26
1015.88
169.31
0.00
0.00
0.00
0.00
0.00
169.47
2203.12
4914.64
5084.11
3389.41
1016.82
169.47
0.00
0.00
0.00
0.00
0.00
169.63
2205.16
4919.21
5088.83
3392.56
1017.77
169.63
0.00
0.00
0.00
0.00
0.00
169.79
2207.21
4923.77
5093.55
3395.70
1018.71
169.79
0.00
0.00
0.00
0.00
0.00
169.79
2207.21
4923.77
5093.55
3395.70
1018.71
169.79
0.00
0.00
0.00
0.00
0.00
169.79
2207.21
4923.77
5093.55
3395.70
1018.71
169.79
0.00
0.00
0.00
0.00
0.00
169.79
2207.21
4923.77
5093.55
3395.70
1018.71
169.79
0.00
0.00
0.00
0.00
0.00
169.79
2207.21
4923.77
5093.55
3395.70
1018.71
169.79
0.00
0.00
0.00
0.00
0.00
169.79
2207.21
4923.77
5093.55
3395.70
1018.71
169.79
0.00
0.00
0.00
0.00
0.00
169.79
2207.21
4923.77
5093.55
3395.70
1018.71
169.79
0.00
0.00
0.00
0.00
0.00
169.79
2207.21
4923.77
5093.55
3395.70
1018.71
169.79
0.00
0.00
0.00
0.00
0.00
169.79
2207.21
4923.77
5093.55
3395.70
1018.71
169.79
0.00
0.00
0.00
0.00
0.00
169.79
2207.21
4923.77
5093.55
3395.70
1018.71
169.79
0.00
0.00
0.00
0.00
0.00
169.79
2207.21
4923.77
5093.55
3395.70
1018.71
169.79
0.00
0.00
0.00
0.00
0.00
169.79
2207.21
4923.77
5093.55
3395.70
1018.71
169.79
0.00
0.00
0.00
0.00
0.00
169.79
2207.21
4923.77
5093.55
3395.70
1018.71
169.79
0.00
0.00
0.00
0.00
0.00
169.79
2207.21
4923.77
5093.55
3395.70
1018.71
169.79
0.00
0.00
0.00
0.00
0.00
169.79
2207.21
4923.77
5093.55
3395.70
1018.71
169.79
0.00
0.00
0.00
0.00
0.00
169.79
2207.21
4923.77
5093.55
3395.70
1018.71
169.79
0.00
0.00
0.00
0.00
0.00
169.79
2207.21
4923.77
5093.55
3395.70
1018.71
169.79
0.00
0.00
0.00
0.00
0.00
169.79
2207.21
4923.77
5093.55
3395.70
1018.71
169.79
0.00
0.00
0.00
0.00
0.00
169.79
2207.21
4923.77
5093.55
3395.70
1018.71
169.79
0.00
0.00
0.00
0.00
0.00
169.79
2207.21
4923.77
5093.55
3395.70
1018.71
169.79
0.00
0.00
0.00
0.00
0.00
169.79
2207.21
4923.77
5093.55
3395.70
1018.71
169.79
0.00
0.00
