start_date: 2019-01-31 24:00
end_date: 2060-12-31 24:00
timestep: 1 MONTH
units: acre-ft/month
scale: 1.000000
# Series Slot: ParkerAndOtherUsersPriority4:Parker.Diversion Requested [1 acre-ft/month]
52.16
52.16
52.16
52.16
52.22
52.22
52.22
52.22
52.16
52.16
52.16
52.16
45.43
45.43
45.43
45.43
45.43
45.43
45.43
45.43
45.43
45.43
45.43
45.43
43.73
43.73
43.73
43.73
43.73
43.73
43.73
43.73
43.73
43.73
43.73
43.73
42.12
42.12
42.12
42.12
42.12
42.12
42.12
42.12
42.12
42.12
42.12
42.12
42.74
42.74
42.74
42.74
42.74
42.74
42.74
42.74
42.74
42.74
42.74
42.74
43.37
43.37
43.37
43.37
43.37
43.37
43.37
43.37
43.37
43.37
43.37
43.37
44.00
44.00
44.00
44.00
44.00
44.00
44.00
44.00
44.00
44.00
44.00
44.00
44.62
44.62
44.62
44.62
44.62
44.62
44.62
44.62
44.62
44.62
44.62
44.62
47.70
47.70
47.70
47.70
47.70
47.70
47.70
47.70
47.70
47.70
47.70
47.70
45.87
45.87
45.87
45.87
45.87
45.87
45.87
45.87
45.87
45.87
45.87
45.87
46.50
46.50
46.50
46.50
46.50
46.50
46.50
46.50
46.50
46.50
46.50
46.50
47.12
47.12
47.12
47.12
47.12
47.12
47.12
47.12
47.12
47.12
47.12
47.12
47.01
47.01
47.01
47.01
47.01
47.01
47.01
47.01
47.01
47.01
47.01
47.01
47.08
47.08
47.08
47.08
47.08
47.08
47.08
47.08
47.08
47.08
47.08
47.08
47.15
47.15
47.15
47.15
47.15
47.15
47.15
47.15
47.15
47.15
47.15
47.15
47.23
47.23
47.23
47.23
47.23
47.23
47.23
47.23
47.23
47.23
47.23
47.23
47.30
47.30
47.30
47.30
47.30
47.30
47.30
47.30
47.30
47.30
47.30
47.30
47.37
47.37
47.37
47.37
47.37
47.37
47.37
47.37
47.37
47.37
47.37
47.37
47.44
47.44
47.44
47.44
47.44
47.44
47.44
47.44
47.44
47.44
47.44
47.44
47.51
47.51
47.51
47.51
47.51
47.51
47.51
47.51
47.51
47.51
47.51
47.51
47.59
47.59
47.59
47.59
47.59
47.59
47.59
47.59
47.59
47.59
47.59
47.59
47.66
47.66
47.66
47.66
47.66
47.66
47.66
47.66
47.66
47.66
47.66
47.66
47.78
47.78
47.78
47.78
47.78
47.78
47.78
47.78
47.78
47.78
47.78
47.78
47.89
47.89
47.89
47.89
47.89
47.89
47.89
47.89
47.89
47.89
47.89
47.89
48.00
48.00
48.00
48.00
48.00
48.00
48.00
48.00
48.00
48.00
48.00
48.00
48.12
48.12
48.12
48.12
48.12
48.12
48.12
48.12
48.12
48.12
48.12
48.12
48.23
48.23
48.23
48.23
48.23
48.23
48.23
48.23
48.23
48.23
48.23
48.23
48.34
48.34
48.34
48.34
48.34
48.34
48.34
48.34
48.34
48.34
48.34
48.34
48.46
48.46
48.46
48.46
48.46
48.46
48.46
48.46
48.46
48.46
48.46
48.46
48.57
48.57
48.57
48.57
48.57
48.57
48.57
48.57
48.57
48.57
48.57
48.57
48.69
48.69
48.69
48.69
48.69
48.69
48.69
48.69
48.69
48.69
48.69
48.69
48.80
48.80
48.80
48.80
48.80
48.80
48.80
48.80
48.80
48.80
48.80
48.80
48.76
48.76
48.76
48.76
48.76
48.76
48.76
48.76
48.76
48.76
48.76
48.76
48.76
48.76
48.76
48.76
48.76
48.76
48.76
48.76
48.76
48.76
48.76
48.76
48.76
48.76
48.76
48.76
48.76
48.76
48.76
48.76
48.76
48.76
48.76
48.76
48.76
48.76
48.76
48.76
48.76
48.76
48.76
48.76
48.76
48.76
48.76
48.76
48.76
48.76
48.76
48.76
48.76
48.76
48.76
48.76
48.76
48.76
48.76
48.76
48.76
48.76
48.76
48.76
48.76
48.76
48.76
48.76
48.76
48.76
48.76
48.76
48.76
48.76
48.76
48.76
48.76
48.76
48.76
48.76
48.76
48.76
48.76
48.76
48.76
48.76
48.76
48.76
48.76
48.76
48.76
48.76
48.76
48.76
48.76
48.76
48.76
48.76
48.76
48.76
48.76
48.76
48.76
48.76
48.76
48.76
48.76
48.76
48.76
48.76
48.76
48.76
48.76
48.76
48.76
48.76
48.76
48.76
48.76
48.76
