start_date: 2019-01-31 24:00
end_date: 2060-12-31 24:00
timestep: 1 MONTH
units: acre-ft/month
scale: 1.000000
# Series Slot: ParkerAndOtherUsersPriority4:EhrenbergImprAssn.Diversion Requested [1 acre-ft/month]
45.55
45.55
45.55
45.55
45.61
45.61
45.61
45.61
45.55
45.55
45.55
45.55
38.72
38.72
38.72
38.72
38.72
38.72
38.72
38.72
38.72
38.72
38.72
38.72
37.29
37.29
37.29
37.29
37.29
37.29
37.29
37.29
37.29
37.29
37.29
37.29
35.82
35.82
35.82
35.82
35.82
35.82
35.82
35.82
35.82
35.82
35.82
35.82
36.26
36.26
36.26
36.26
36.26
36.26
36.26
36.26
36.26
36.26
36.26
36.26
36.71
36.71
36.71
36.71
36.71
36.71
36.71
36.71
36.71
36.71
36.71
36.71
37.15
37.15
37.15
37.15
37.15
37.15
37.15
37.15
37.15
37.15
37.15
37.15
37.59
37.59
37.59
37.59
37.59
37.59
37.59
37.59
37.59
37.59
37.59
37.59
40.10
40.10
40.10
40.10
40.10
40.10
40.10
40.10
40.10
40.10
40.10
40.10
38.47
38.47
38.47
38.47
38.47
38.47
38.47
38.47
38.47
38.47
38.47
38.47
38.92
38.92
38.92
38.92
38.92
38.92
38.92
38.92
38.92
38.92
38.92
38.92
39.36
39.36
39.36
39.36
39.36
39.36
39.36
39.36
39.36
39.36
39.36
39.36
39.21
39.21
39.21
39.21
39.21
39.21
39.21
39.21
39.21
39.21
39.21
39.21
39.20
39.20
39.20
39.20
39.20
39.20
39.20
39.20
39.20
39.20
39.20
39.20
39.20
39.20
39.20
39.20
39.20
39.20
39.20
39.20
39.20
39.20
39.20
39.20
39.19
39.19
39.19
39.19
39.19
39.19
39.19
39.19
39.19
39.19
39.19
39.19
39.18
39.18
39.18
39.18
39.18
39.18
39.18
39.18
39.18
39.18
39.18
39.18
39.18
39.18
39.18
39.18
39.18
39.18
39.18
39.18
39.18
39.18
39.18
39.18
39.17
39.17
39.17
39.17
39.17
39.17
39.17
39.17
39.17
39.17
39.17
39.17
39.17
39.17
39.17
39.17
39.17
39.17
39.17
39.17
39.17
39.17
39.17
39.17
39.16
39.16
39.16
39.16
39.16
39.16
39.16
39.16
39.16
39.16
39.16
39.16
39.16
39.16
39.16
39.16
39.16
39.16
39.16
39.16
39.16
39.16
39.16
39.16
39.15
39.15
39.15
39.15
39.15
39.15
39.15
39.15
39.15
39.15
39.15
39.15
39.15
39.15
39.15
39.15
39.15
39.15
39.15
39.15
39.15
39.15
39.15
39.15
39.15
39.15
39.15
39.15
39.15
39.15
39.15
39.15
39.15
39.15
39.15
39.15
39.15
39.15
39.15
39.15
39.15
39.15
39.15
39.15
39.15
39.15
39.15
39.15
39.15
39.15
39.15
39.15
39.15
39.15
39.15
39.15
39.15
39.15
39.15
39.15
39.15
39.15
39.15
39.15
39.15
39.15
39.15
39.15
39.15
39.15
39.15
39.15
39.15
39.15
39.15
39.15
39.15
39.15
39.15
39.15
39.15
39.15
39.15
39.15
39.15
39.15
39.15
39.15
39.15
39.15
39.15
39.15
39.15
39.15
39.15
39.15
39.15
39.15
39.15
39.15
39.15
39.15
39.15
39.15
39.15
39.15
39.15
39.15
39.15
39.15
39.15
39.15
39.15
39.15
39.15
39.15
39.15
39.15
39.15
39.15
39.15
39.15
39.15
39.15
39.15
39.15
39.15
39.15
39.15
39.15
39.15
39.15
39.15
39.15
39.15
39.15
39.15
39.15
39.15
39.15
39.15
39.15
39.15
39.15
39.15
39.15
39.15
39.15
39.15
39.15
39.15
39.15
39.15
39.15
39.15
39.15
39.15
39.15
39.15
39.15
39.15
39.15
39.15
39.15
39.15
39.15
39.15
39.15
39.15
39.15
39.15
39.15
39.15
39.15
39.15
39.15
39.15
39.15
39.15
39.15
39.15
39.15
39.15
39.15
39.15
39.15
39.15
39.15
39.15
39.15
39.15
39.15
39.15
39.15
39.15
39.15
39.15
39.15
39.15
39.15
39.15
39.15
39.15
39.15
39.15
39.15
39.15
39.15
39.15
39.15
39.15
39.15
39.15
39.15
39.15
39.15
39.15
39.15
39.15
39.15
39.15
39.15
39.15
39.15
39.15
39.15
39.15
39.15
39.15
39.15
39.15
39.15
39.15
39.15
39.15
39.15
39.15
39.15
39.15
39.15
