start_date: 2019-01-31 24:00
end_date: 2060-12-31 24:00
timestep: 1 MONTH
units: acre-ft/month
scale: 1.000000
# Series Slot: PresentLevelUsesAboveBlueMesa:Bostwick.Depletion Requested [1 acre-ft/month]
116.52
116.52
77.68
77.68
1320.51
2408.00
1087.48
38.84
-1087.48
-310.71
0.00
38.84
116.70
116.70
77.80
77.80
1322.65
2411.90
1089.24
38.90
-1089.24
-311.21
0.00
38.90
116.40
116.40
77.60
77.60
1319.23
2405.66
1086.43
38.80
-1086.43
-310.41
0.00
38.80
116.10
116.10
77.40
77.40
1315.81
2399.42
1083.61
38.70
-1083.61
-309.60
0.00
38.70
115.80
115.80
77.20
77.20
1312.39
2393.19
1080.79
38.60
-1080.79
-308.80
0.00
38.60
115.50
115.50
77.00
77.00
1308.97
2386.95
1077.98
38.50
-1077.98
-307.99
0.00
38.50
115.20
115.20
76.80
76.80
1305.55
2380.71
1075.16
38.40
-1075.16
-307.19
0.00
38.40
114.89
114.89
76.60
76.60
1302.13
2374.47
1072.34
38.30
-1072.34
-306.38
0.00
38.30
114.59
114.59
76.39
76.39
1298.71
2368.23
1069.53
38.20
-1069.53
-305.58
0.00
38.20
114.29
114.29
76.19
76.19
1295.29
2362.00
1066.71
38.10
-1066.71
-304.77
0.00
38.10
113.99
113.99
75.99
75.99
1291.87
2355.76
1063.89
38.00
-1063.89
-303.97
0.00
38.00
113.69
113.69
75.79
75.79
1288.45
2349.52
1061.07
37.90
-1061.07
-303.16
0.00
37.90
113.80
113.80
75.86
75.86
1289.69
2351.80
1062.10
37.93
-1062.10
-303.46
0.00
37.93
113.91
113.91
75.94
75.94
1290.94
2354.07
1063.13
37.97
-1063.13
-303.75
0.00
37.97
114.02
114.02
76.01
76.01
1292.19
2356.35
1064.16
38.01
-1064.16
-304.04
0.00
38.01
114.13
114.13
76.08
76.08
1293.44
2358.62
1065.18
38.04
-1065.18
-304.34
0.00
38.04
114.24
114.24
76.16
76.16
1294.69
2360.90
1066.21
38.08
-1066.21
-304.63
0.00
38.08
114.35
114.35
76.23
76.23
1295.93
2363.17
1067.24
38.12
-1067.24
-304.93
0.00
38.12
114.46
114.46
76.30
76.30
1297.18
2365.45
1068.27
38.15
-1068.27
-305.22
0.00
38.15
114.57
114.57
76.38
76.38
1298.43
2367.72
1069.29
38.19
-1069.29
-305.51
0.00
38.19
114.68
114.68
76.45
76.45
1299.68
2370.00
1070.32
38.23
-1070.32
-305.81
0.00
38.23
114.79
114.79
76.52
76.52
1300.93
2372.28
1071.35
38.26
-1071.35
-306.10
0.00
38.26
114.46
114.46
76.30
76.30
1297.18
2365.44
1068.26
38.15
-1068.26
-305.22
0.00
38.15
114.13
114.13
76.08
76.08
1293.43
2358.60
1065.18
38.04
-1065.18
-304.34
0.00
38.04
113.80
113.80
75.86
75.86
1289.68
2351.77
1062.09
37.93
-1062.09
-303.45
0.00
37.93
113.46
113.46
75.64
75.64
1285.93
2344.93
1059.00
37.82
-1059.00
-302.57
0.00
37.82
113.13
113.13
75.42
75.42
1282.18
2338.09
1055.91
37.71
-1055.91
-301.69
0.00
37.71
112.80
112.80
75.20
75.20
1278.43
2331.26
1052.83
37.60
-1052.83
-300.81
0.00
37.60
112.47
112.47
74.98
74.98
1274.68
2324.42
1049.74
37.49
-1049.74
-299.93
0.00
37.49
112.14
112.14
74.76
74.76
1270.93
2317.59
1046.65
37.38
-1046.65
-299.04
0.00
37.38
111.81
111.81
74.54
74.54
1267.19
2310.75
1043.56
37.27
-1043.56
-298.16
0.00
37.27
111.48
111.48
74.32
74.32
1263.44
2303.91
1040.48
37.16
-1040.48
-297.28
0.00
37.16
111.04
111.04
74.03
74.03
1258.50
2294.91
1036.41
37.01
-1036.41
-296.12
0.00
37.01
110.61
110.61
73.74
73.74
1253.57
2285.91
1032.35
36.87
-1032.35
-294.96
0.00
36.87
110.17
110.17
73.45
73.45
1248.63
2276.91
1028.28
36.72
-1028.28
-293.80
0.00
36.72
109.74
109.74
73.16
73.16
1243.69
2267.91
1024.22
36.58
-1024.22
-292.63
0.00
36.58
109.30
109.30
72.87
72.87
1238.76
2258.91
1020.15
36.43
-1020.15
-291.47
0.00
36.43
108.87
108.87
72.58
72.58
1233.82
2249.91
1016.09
36.29
-1016.09
-290.31
0.00
36.29
108.43
108.43
72.29
72.29
1228.89
2240.91
1012.03
36.14
-1012.03
-289.15
0.00
36.14
108.00
108.00
72.00
72.00
1223.95
2231.91
1007.96
36.00
-1007.96
-287.99
0.00
36.00
107.56
107.56
71.71
71.71
1219.02
2222.91
1003.90
35.85
-1003.90
-286.83
0.00
35.85
107.12
107.12
71.42
71.42
1214.08
2213.91
999.83
35.71
-999.83
-285.67
0.00
35.71
