start_date: 2019-01-31 24:00
end_date: 2060-12-31 24:00
timestep: 1 MONTH
units: acre-ft/month
scale: 1.000000
# Series Slot: PresentLevelUsesAboveBlueMesa:1971CompStudyAg.Diversion Requested [1 acre-ft/month]
3087.67
3087.67
2058.45
2058.45
34993.60
63811.85
28818.26
1029.22
-28818.26
-8233.79
0.00
1029.22
3092.68
3092.68
2061.78
2061.78
35050.33
63915.30
28864.98
1030.89
-28864.98
-8247.14
0.00
1030.89
3084.68
3084.68
2056.45
2056.45
34959.68
63750.01
28790.33
1028.23
-28790.33
-8225.81
0.00
1028.23
3076.68
3076.68
2051.12
2051.12
34869.03
63584.71
28715.67
1025.56
-28715.67
-8204.48
0.00
1025.56
3068.68
3068.68
2045.79
2045.79
34778.39
63419.41
28641.02
1022.89
-28641.02
-8183.15
0.00
1022.89
3060.68
3060.68
2040.46
2040.46
34687.74
63254.11
28566.37
1020.23
-28566.37
-8161.82
0.00
1020.23
3052.68
3052.68
2035.12
2035.12
34597.09
63088.81
28491.72
1017.56
-28491.72
-8140.49
0.00
1017.56
3044.69
3044.69
2029.79
2029.79
34506.44
62923.51
28417.07
1014.90
-28417.07
-8119.16
0.00
1014.90
3036.69
3036.69
2024.46
2024.46
34415.80
62758.22
28342.42
1012.23
-28342.42
-8097.83
0.00
1012.23
3028.69
3028.69
2019.13
2019.13
34325.15
62592.92
28267.77
1009.56
-28267.77
-8076.51
0.00
1009.56
3020.69
3020.69
2013.79
2013.79
34234.50
62427.62
28193.12
1006.90
-28193.12
-8055.18
0.00
1006.90
3012.69
3012.69
2008.46
2008.46
34143.85
62262.32
28118.47
1004.23
-28118.47
-8033.85
0.00
1004.23
3015.61
3015.61
2010.41
2010.41
34176.92
62322.62
28145.70
1005.20
-28145.70
-8041.63
0.00
1005.20
3018.53
3018.53
2012.35
2012.35
34209.99
62382.93
28172.93
1006.18
-28172.93
-8049.41
0.00
1006.18
3021.45
3021.45
2014.30
2014.30
34243.06
62443.23
28200.17
1007.15
-28200.17
-8057.19
0.00
1007.15
3024.36
3024.36
2016.24
2016.24
34276.13
62503.53
28227.40
1008.12
-28227.40
-8064.97
0.00
1008.12
3027.28
3027.28
2018.19
2018.19
34309.20
62563.83
28254.63
1009.09
-28254.63
-8072.75
0.00
1009.09
3030.20
3030.20
2020.13
2020.13
34342.27
62624.14
28281.87
1010.07
-28281.87
-8080.53
0.00
1010.07
3033.12
3033.12
2022.08
2022.08
34375.34
62684.44
28309.10
1011.04
-28309.10
-8088.31
0.00
1011.04
3036.04
3036.04
2024.02
2024.02
34408.41
62744.74
28336.33
1012.01
-28336.33
-8096.10
0.00
1012.01
3038.95
3038.95
2025.97
2025.97
34441.48
62805.04
28363.57
1012.98
-28363.57
-8103.88
0.00
1012.98
3041.87
3041.87
2027.91
2027.91
34474.54
62865.35
28390.80
1013.96
-28390.80
-8111.66
0.00
1013.96
3033.11
3033.11
2022.07
2022.07
34375.19
62684.18
28308.98
1011.04
-28308.98
-8088.28
0.00
1011.04
3024.34
3024.34
2016.23
2016.23
34275.84
62503.01
28227.16
1008.11
-28227.16
-8064.90
0.00
1008.11
3015.57
3015.57
2010.38
2010.38
34176.49
62321.84
28145.35
1005.19
-28145.35
-8041.53
0.00
1005.19
3006.81
3006.81
2004.54
2004.54
34077.14
62140.67
28063.53
1002.27
-28063.53
-8018.15
0.00
1002.27
2998.04
2998.04
1998.69
1998.69
33977.79
61959.50
27981.71
999.35
-27981.71
-7994.77
0.00
999.35
2989.27
2989.27
1992.85
1992.85
33878.44
61778.33
27899.89
996.42
-27899.89
-7971.40
0.00
996.42
2980.51
2980.51
1987.01
1987.01
33779.08
61597.16
27818.07
993.50
-27818.07
-7948.02
0.00
993.50
2971.74
2971.74
1981.16
1981.16
33679.73
61415.98
27736.25
990.58
-27736.25
-7924.64
0.00
990.58
2962.97
2962.97
1975.32
1975.32
33580.38
61234.81
27654.43
987.66
-27654.43
-7901.27
0.00
987.66
2954.21
2954.21
1969.47
1969.47
33481.03
61053.64
27572.61
984.74
-27572.61
-7877.89
0.00
984.74
2942.67
2942.67
1961.78
1961.78
33350.25
60815.15
27464.91
980.89
-27464.91
-7847.12
0.00
980.89
2931.13
2931.13
1954.09
1954.09
33219.46
60576.66
27357.20
977.04
-27357.20
-7816.34
0.00
977.04
2919.59
2919.59
1946.39
1946.39
33088.68
60338.17
27249.50
973.20
-27249.50
-7785.57
0.00
973.20
2908.05
2908.05
1938.70
1938.70
32957.89
60099.68
27141.79
969.35
-27141.79
-7754.80
0.00
969.35
2896.51
2896.51
1931.01
1931.01
32827.11
59861.19
27034.09
965.50
-27034.09
-7724.02
0.00
965.50
2884.97
2884.97
1923.31
1923.31
32696.32
59622.70
26926.38
961.66
-26926.38
-7693.25
0.00
961.66
2873.43
2873.43
1915.62
1915.62
32565.54
59384.21
26818.68
957.81
-26818.68
-7662.48
0.00
957.81
2861.89
2861.89
1907.93
1907.93
32434.75
59145.72
26710.97
953.96
-26710.97
-7631.71
0.00
953.96
2850.35
2850.35
1900.23
1900.23
32303.97
58907.23
26603.27
950.12
-26603.27
-7600.93
0.00
950.12
2838.81
2838.81
1892.54
1892.54
32173.18
58668.74
26495.56
946.27
-26495.56
-7570.16
0.00
946.27
