start_date: 2019-01-31 24:00
end_date: 2060-12-31 24:00
timestep: 1 MONTH
units: acre-ft/month
scale: 1.000000
# Series Slot: UpalcoUintaBonnUtes:NonIndian.Depletion Requested [1 acre-ft/month]
0.00
0.00
0.00
626.50
2036.13
3445.76
4072.27
2975.89
2036.13
469.88
0.00
0.00
0.00
0.00
0.00
619.72
2014.08
3408.44
4028.15
2943.65
2014.08
464.79
0.00
0.00
0.00
0.00
0.00
618.49
2010.11
3401.72
4020.22
2937.85
2010.11
463.87
0.00
0.00
0.00
0.00
0.00
617.33
2006.31
3395.29
4012.62
2932.30
2006.31
462.99
0.00
0.00
0.00
0.00
0.00
616.21
2002.68
3389.14
4005.35
2926.99
2002.68
462.16
0.00
0.00
0.00
0.00
0.00
615.14
1999.21
3383.27
3998.41
2921.92
1999.21
461.36
0.00
0.00
0.00
0.00
0.00
614.12
1995.90
3377.67
3991.79
2917.08
1995.90
460.59
0.00
0.00
0.00
0.00
0.00
611.61
1987.74
3363.86
3975.48
2905.16
1987.74
458.71
0.00
0.00
0.00
0.00
0.00
609.14
1979.69
3350.25
3959.39
2893.40
1979.69
456.85
0.00
0.00
0.00
0.00
0.00
606.70
1971.76
3336.82
3943.52
2881.80
1971.76
455.02
0.00
0.00
0.00
0.00
0.00
604.29
1963.94
3323.58
3927.87
2870.37
1963.94
453.22
0.00
0.00
0.00
0.00
0.00
601.91
1956.22
3310.52
3912.44
2859.09
1956.22
451.43
0.00
0.00
0.00
0.00
0.00
600.80
1952.61
3304.42
3905.22
2853.82
1952.61
450.60
0.00
0.00
0.00
0.00
0.00
599.99
1949.97
3299.95
3899.94
2849.95
1949.97
449.99
0.00
0.00
0.00
0.00
0.00
599.47
1948.27
3297.08
3896.55
2847.48
1948.27
449.60
0.00
0.00
0.00
0.00
0.00
599.24
1947.52
3295.80
3895.04
2846.37
1947.52
449.43
0.00
0.00
0.00
0.00
0.00
599.29
1947.69
3296.09
3895.38
2846.62
1947.69
449.47
0.00
0.00
0.00
0.00
0.00
599.62
1948.77
3297.93
3897.55
2848.21
1948.77
449.72
0.00
0.00
0.00
0.00
0.00
600.23
1950.76
3301.29
3901.53
2851.11
1950.76
450.18
0.00
0.00
0.00
0.00
0.00
601.12
1953.64
3306.17
3907.29
2855.33
1953.64
450.84
0.00
0.00
0.00
0.00
0.00
602.28
1957.41
3312.53
3914.81
2860.82
1957.41
451.71
0.00
0.00
0.00
0.00
0.00
603.70
1962.04
3320.37
3924.08
2867.60
1962.04
452.78
0.00
0.00
0.00
0.00
0.00
603.14
1960.22
3317.29
3920.44
2864.93
1960.22
452.36
0.00
0.00
0.00
0.00
0.00
602.56
1958.31
3314.06
3916.62
2862.14
1958.31
451.92
0.00
0.00
0.00
0.00
0.00
601.94
1956.31
3310.68
3912.62
2859.22
1956.31
451.46
0.00
0.00
0.00
0.00
0.00
601.30
1954.22
3307.14
3908.44
2856.17
1954.22
450.97
0.00
0.00
0.00
0.00
0.00
600.63
1952.04
3303.46
3904.09
2852.99
1952.04
450.47
0.00
0.00
0.00
0.00
0.00
599.93
1949.78
3299.63
3899.56
2849.68
1949.78
449.95
0.00
0.00
0.00
0.00
0.00
599.21
1947.43
3295.66
3894.87
2846.25
1947.43
449.41
0.00
0.00
0.00
0.00
0.00
598.46
1945.00
3291.54
3890.00
2842.69
1945.00
448.85
0.00
0.00
0.00
0.00
0.00
597.69
1942.48
3287.27
3884.96
2839.01
1942.48
448.26
0.00
0.00
0.00
0.00
0.00
596.88
1939.88
3282.87
3879.75
2835.20
1939.88
447.66
0.00
0.00
0.00
0.00
0.00
592.71
1926.30
3259.89
3852.59
2815.36
1926.30
444.53
0.00
0.00
0.00
0.00
0.00
588.54
1912.77
3236.99
3825.54
2795.58
1912.77
441.41
0.00
0.00
0.00
0.00
0.00
584.40
1899.29
3214.19
3798.58
2775.89
1899.29
438.30
0.00
0.00
0.00
0.00
0.00
580.27
1885.87
3191.47
3771.73
2756.27
1885.87
435.20
0.00
0.00
0.00
0.00
0.00
576.15
1872.49
3168.83
3744.98
2736.72
1872.49
432.11
0.00
0.00
0.00
0.00
0.00
572.05
1859.17
3146.28
3718.33
2717.24
1859.17
429.04
0.00
0.00
0.00
0.00
0.00
567.97
1845.89
3123.82
3691.78
2697.84
1845.89
425.97
0.00
0.00
0.00
0.00
0.00
563.90
1832.67
3101.44
3665.33
2678.51
1832.67
422.92
0.00
0.00
0.00
0.00
0.00
559.84
1819.49
3079.14
3638.98
2659.26
1819.49
419.88
0.00
0.00
0.00
0.00
0.00
555.80
1806.37
3056.93
3612.73
2640.07
1806.37
416.85
0.00
0.00
