# Array shape: (2, 21, 2)
     0.000 252843.184
     0.000 635904.052
315717.370 847349.913
729356.987      0.000
836774.431 1181564.496
812586.971 1335548.571
1182763.558 1544737.298
1370062.518 1778782.493
1560395.069 1877682.041
1806894.095 1968667.430
1862323.681 2010299.932
2032495.070 1967640.169
2023982.392 1890850.123
804682.600 1724261.863
     0.000      0.000
     0.000      0.000
     0.000      0.000
     0.000      0.000
     0.000      0.000
     0.000      0.000
     0.000      0.000
# New slice
     0.000 268048.988
349025.025 506439.240
547350.843 779714.839
503311.840 1095482.640
327030.535 1008151.749
708789.659 506305.097
1028757.136 1579743.381
1333660.243 1785514.955
1507853.778 1989606.776
1817239.517 2073783.705
2008491.925 1944123.763
2030828.122 2020541.405
1986507.245 1908542.133
     0.000      0.000
     0.000      0.000
     0.000      0.000
     0.000      0.000
     0.000      0.000
     0.000      0.000
     0.000      0.000
     0.000      0.000
# New slice
