# Array shape: (2, 21, 2)
     0.000 1197727.243
737948.632 1294928.132
1196685.404 821775.837
705609.783 1340739.735
1089788.881 1395519.909
1299651.164 1475160.190
1314171.545 1504498.989
1459013.178 1530949.603
1416448.658 1554176.753
1442921.412 1545298.594
1515094.570 1500329.105
1512079.246 1476940.011
1503306.977 1469127.742
1372296.204 1435095.152
1293065.036 1507508.749
1440654.081 1440721.885
1137292.242 1280354.537
1345374.238 1199513.584
     0.000 1154227.276
     0.000 501634.221
     0.000 1281195.599
# New slice
1103359.205      0.000
1002327.219 1246788.696
370247.305 1275625.774
1199931.806 1390442.332
1116558.638 1398168.771
1326264.762 1421313.918
1384257.053 1494438.894
1443394.184 1517006.601
1459003.892 1518858.793
1491596.940 1530556.393
1468189.467 1505657.937
1516157.408 1505164.591
1493754.369 1462743.717
1491926.878 1382906.201
1486363.148 1339641.322
1283113.749 1468276.902
1301850.806 1408667.983
1082188.864 1087408.575
1120076.428 1316577.201
930297.542 1414684.990
452792.300 1296295.545
# New slice
