# Array shape: (2, 21, 2)
     0.000      0.000
     0.000      0.000
     0.000      0.000
204018.147 501855.360
371125.095 498966.588
484485.755 721218.458
546233.987 737605.324
691181.690 797438.447
778125.413 826591.655
768504.834 833661.672
805984.075 731807.338
772129.252 716445.898
771019.484 823430.034
731150.721 750690.223
826726.548 726887.353
     0.000 749130.491
641382.396 308059.299
492607.998 555120.045
     0.000 687200.036
475610.678 570338.694
     0.000      0.000
# New slice
     0.000      0.000
     0.000      0.000
     0.000 270544.490
     0.000      0.000
364687.847 570631.606
538639.477 737216.492
564310.151 784731.103
708068.942 809124.289
753280.862 819029.090
715585.858 748157.813
766374.648 811578.188
740046.537 816925.394
835914.256 765958.520
809649.592 782283.939
793618.027 585376.239
785870.646 239218.341
698041.910 535232.257
     0.000 514258.845
     0.000 534284.282
     0.000 621094.399
307441.017 394030.547
# New slice
