# Array shape: (2, 21, 2)
207791.098 309120.823
173245.617 345421.453
238069.812 409779.362
349741.917 473064.930
361423.722 624142.434
511910.180 677350.727
569205.832 733621.412
642397.974 753264.948
697338.131 788939.030
673654.066 800172.783
745867.903 680710.602
805282.589 650126.947
842681.176 631451.652
     0.000 595633.138
     0.000      0.000
125109.568      0.000
     0.000      0.000
     0.000      0.000
     0.000      0.000
     0.000      0.000
     0.000      0.000
# New slice
     0.000 290428.443
189173.460 393367.639
276947.521 392323.907
263362.983 523117.548
339320.499 610445.995
486795.756 686512.746
520684.366 663647.302
645465.263 781831.288
680883.166 792864.269
758330.455 780670.886
673287.240 750238.652
771058.959 676201.418
821788.608 536661.331
543296.222 617819.940
717581.315      0.000
     0.000      0.000
     0.000      0.000
     0.000      0.000
     0.000      0.000
     0.000      0.000
     0.000      0.000
# New slice
