# Array shape: (2, 21, 2)
 21390.261  35403.588
 28777.773  41254.380
 34562.353  58385.221
 52157.588  73639.083
 53228.328  73109.189
 66683.180  87017.484
 71922.512  50952.634
 53186.541  92763.057
 95199.371 101910.742
 92066.992 104634.016
 49196.358  87755.990
107817.611  82434.066
 37345.145 110031.589
 77148.731  78204.585
 72757.671      0.000
     0.000      0.000
     0.000      0.000
     0.000      0.000
     0.000      0.000
     0.000      0.000
     0.000      0.000
# New slice
 22814.869  31266.915
 24618.362  48482.843
 40870.608  29502.455
 51166.339  58153.504
 47323.651  85566.628
 40973.132  79201.716
 69455.810  90746.871
 82856.322  92450.089
 55859.761 105030.533
 98039.328  99539.196
 18119.729  98513.857
 96984.398 115871.363
108313.095  24582.797
 97896.225      0.000
     0.000      0.000
     0.000      0.000
     0.000      0.000
     0.000      0.000
     0.000      0.000
     0.000      0.000
     0.000      0.000
# New slice
