# Array shape: (2, 21, 2)
 28768.353  48721.701
 29648.509  61085.115
 32716.087  61718.509
 47947.085  71664.758
 65669.019  80764.459
 67387.244  79556.236
 90218.357  87225.271
 75703.889  64756.250
102318.939  71156.127
 99328.690  71118.412
103473.217  82465.484
112744.134 116790.053
112646.858 126417.706
 79153.698  84013.587
 31015.557      0.000
 31769.469 105023.701
     0.000      0.000
     0.000      0.000
     0.000      0.000
     0.000 111992.364
 41156.596      0.000
# New slice
 32282.648  28722.256
 32490.052  55791.380
 43075.409  49927.642
 56844.092  72047.604
 70138.104  86714.763
 76280.022  96086.808
 77661.385  42649.434
 81087.198  70853.732
 93651.437 110218.792
 89267.762 120757.121
102171.826 116637.331
 97031.216 126945.386
116406.810 106765.204
 70094.948      0.000
 87933.698  95333.224
     0.000  87723.139
 81077.821 138526.169
     0.000      0.000
     0.000 107447.197
     0.000 104668.374
     0.000      0.000
# New slice
