# Array shape: (2, 21, 2)
133009.016 216023.125
148418.794 260300.822
231924.056 328580.144
270800.160 331200.829
239887.164 387964.239
325290.534 454722.845
405269.090 453020.810
425586.392 532050.758
485042.663 549517.487
526908.475 585538.692
542202.300 603191.270
410779.802 426665.850
550751.746 545159.533
598625.161 541351.440
407210.206 612465.224
498480.016 163471.254
140101.252      0.000
     0.000      0.000
     0.000      0.000
     0.000      0.000
     0.000      0.000
# New slice
     0.000 231782.936
153487.879 213195.452
195657.254 329643.487
260284.304 340758.852
281730.127 278500.037
299079.334 449959.702
374236.558 505842.362
390213.969 502511.219
433068.990 562645.877
452947.317 565061.106
545947.029 605790.067
563451.152 468333.030
591482.093 460769.740
523521.887 591062.079
345344.429 297556.611
     0.000 299541.774
     0.000 321265.438
     0.000      0.000
     0.000      0.000
     0.000      0.000
     0.000      0.000
# New slice
