# Array shape: (2, 21, 2)
 19048.714  62744.303
 48474.671  81070.539
 58749.582  78152.360
 64040.846  90331.147
 72049.428  92025.576
 74702.137  92649.558
 85615.791  90811.600
 86261.718  94815.255
 81804.039  97081.258
 90651.060 101673.650
 95561.852  62510.876
 67399.046  97200.776
 90824.295  77350.928
     0.000  92285.094
     0.000  95158.558
 73151.895  12403.755
 58178.261  51679.877
 61381.355      0.000
 54399.992      0.000
     0.000      0.000
     0.000      0.000
# New slice
  2154.925  69646.180
 45653.970  73810.992
 55030.481  79077.770
 64411.060  85959.626
 80963.874  89055.205
 80524.870  92017.690
 82570.260  97951.455
 86786.924  91919.338
 88127.871  99853.605
 84570.066  91489.545
 85900.471  88115.872
 78564.574  97457.047
 74296.365  97338.545
     0.000  92763.717
 69490.301  86437.093
 52025.952  91391.387
 55903.429  71549.534
     0.000  47777.764
 56417.377      0.000
     0.000      0.000
     0.000      0.000
# New slice
