# Array shape: (2, 21, 2)
     0.000      0.000
     0.000   9289.368
  5173.640  16000.359
     0.000  16859.062
 16306.411  17490.961
 14993.195  18296.818
 15015.348  18937.611
 16898.332  19445.457
 18029.896  20192.367
 18434.179  19764.873
 16191.199  19720.287
 16841.781  20160.303
 16519.451  20252.943
 19927.756  17553.957
  7399.659  19127.889
 10542.704  17529.269
 12903.518  17248.113
  8322.092  18666.450
     0.000  15296.350
 15182.977      0.000
     0.000  12377.401
# New slice
     0.000   6422.499
     0.000  13108.498
  7520.794  15516.762
 14589.492  16476.816
 16079.593  17450.617
 16355.711  19017.362
 16785.879  19865.610
 18125.548  18579.087
 18868.829  19864.027
 19058.086  19566.372
 15352.995  20488.823
 10053.476  20263.469
 16797.021  20088.999
 19727.963  18392.923
 16784.784  20006.795
     0.000  18972.201
 14194.716  17997.728
 18816.029   2625.995
  4254.215  14320.023
 10421.215   5931.356
  5093.225   4121.236
# New slice
