# Array shape: (2, 21, 2)
 62662.063  78746.978
 73253.355  86320.824
 78100.217  88303.500
 83063.845  93228.820
 90159.645  94677.928
 90475.253  98986.177
 90885.352  94656.961
     0.000  94028.833
     0.000  71687.509
     0.000      0.000
     0.000      0.000
     0.000      0.000
     0.000      0.000
     0.000      0.000
     0.000      0.000
     0.000      0.000
     0.000      0.000
     0.000      0.000
     0.000      0.000
     0.000      0.000
     0.000      0.000
# New slice
 67427.402  82444.003
 71654.280  84606.562
 82228.987  90210.601
 83482.506  94803.192
 90350.976  96100.037
 87377.702  97776.422
 91323.076  81525.097
 94935.184  61229.973
     0.000  60216.249
     0.000      0.000
     0.000      0.000
     0.000      0.000
     0.000      0.000
     0.000      0.000
     0.000      0.000
     0.000      0.000
     0.000      0.000
     0.000      0.000
     0.000      0.000
     0.000      0.000
     0.000      0.000
# New slice
