# Array shape: (2, 21, 2)
 97677.835 115667.254
 86804.601 124251.676
101599.690 124213.987
 93074.846 130933.098
122627.696 129358.117
124207.473 128371.242
135282.375 140905.707
133811.827 144185.420
134182.352 147003.448
141109.776 157383.516
146909.264 153468.807
146079.429 161662.036
159481.897 167365.916
155743.985 169114.205
162329.995 164574.250
159945.572 157231.767
150089.265 155141.091
155236.628 150592.184
146680.850 141211.301
128397.867 147808.333
141028.029 195859.244
# New slice
104858.737 116411.469
 98989.037 121006.882
 94631.344 118057.356
 93639.755 127910.689
 93331.055 136293.748
127118.473 135402.634
109447.068 144573.738
139703.339 135362.225
134752.317 161546.140
138368.799 151574.223
144338.422 152391.537
144437.397 160079.574
155432.138 148951.180
168612.552 137403.359
151163.811 135589.163
134979.897 148998.939
155468.459 162731.603
137545.136 156161.602
168171.812 140852.873
159358.185      0.000
169885.186      0.000
# New slice
