# Array shape: (2, 21, 2)
  1978.999   2769.661
  2087.458   2534.666
  2638.434   3649.152
  2787.639   4009.051
  2958.868   3572.350
  3783.250   4359.211
  3909.810   4844.646
  4165.098   4881.422
  4377.377   5128.932
  4685.717   5229.387
  3568.719   5480.333
  4880.652   3969.015
  5066.974   5330.432
  5197.423   6012.709
  5367.182   4787.318
  5484.739   2483.951
  5459.490      0.000
  4967.703      0.000
     0.000      0.000
     0.000      0.000
     0.000      0.000
# New slice
  2049.783   2537.548
  1921.818   3146.558
  2778.993   3695.828
  2712.186   3983.755
  3177.835   4432.816
  3282.497   4653.241
  3749.304   4554.561
  4310.008   4936.000
  3869.205   5297.175
  4130.248   5493.276
  4907.523   4237.716
  5107.916   5017.462
  5237.222   4947.726
  5069.331   5822.122
  4526.048   4598.968
  5285.165   5161.819
  4558.915   3215.068
     0.000   2753.081
  1432.867   2096.608
     0.000      0.000
     0.000      0.000
# New slice
