# Array shape: (2, 21, 2)
   996.883   1676.746
  1330.342   2094.761
   978.401   2057.035
  2168.410   -410.528
  3747.246   -719.899
     0.000   5204.537
     0.000   2497.030
     0.000      0.000
     0.000      0.000
     0.000      0.000
     0.000      0.000
     0.000      0.000
     0.000      0.000
     0.000      0.000
     0.000      0.000
     0.000      0.000
     0.000      0.000
     0.000      0.000
     0.000      0.000
     0.000      0.000
     0.000      0.000
# New slice
  1408.945   1091.890
  1800.742   2447.610
  1480.212   4195.672
   944.963   -732.603
  3306.374  -1144.854
  1002.768   -322.816
     0.000   2789.748
     0.000      0.000
     0.000      0.000
     0.000      0.000
     0.000      0.000
     0.000      0.000
     0.000      0.000
     0.000      0.000
     0.000      0.000
     0.000      0.000
     0.000      0.000
     0.000      0.000
     0.000      0.000
     0.000      0.000
     0.000      0.000
# New slice
