# Array shape: (2, 21, 2)
     0.000 276384.320
     0.000 504599.163
     0.000 548592.097
301130.472 481909.787
502646.359 747210.494
567688.181 765047.512
665471.410 607279.845
707874.011 884798.570
741728.565 684015.631
779783.525 825608.115
844437.150 704063.788
862194.448 753434.689
620500.612 885990.672
     0.000 780570.338
729899.464 727496.640
733923.649      0.000
     0.000      0.000
     0.000      0.000
     0.000      0.000
     0.000      0.000
     0.000      0.000
# New slice
     0.000 187373.230
     0.000 456547.940
329846.404 656843.284
302510.880 661145.325
511073.042 856135.737
640953.332 757715.358
683935.579 685734.307
701596.911 873115.204
690967.882 697828.691
774990.143 786538.061
717953.666 866710.682
870323.417 800893.445
485983.616 742205.781
     0.000 815836.100
     0.000 809162.012
758728.735      0.000
     0.000 455148.127
     0.000      0.000
     0.000      0.000
     0.000      0.000
     0.000      0.000
# New slice
