# Array shape: (2, 21, 2)
309039.499 305093.946
224300.137 357519.460
272804.579 369433.149
327514.376 407153.520
375275.700 415738.959
368601.044 441369.660
374220.146 446394.242
406510.388 460391.396
424681.408 466504.179
441477.308 477942.804
449544.548 513717.147
475685.545 484696.995
441751.529 526125.493
450203.119 562245.727
502641.332 555011.341
547459.033 528639.005
532458.696 616296.845
563330.425 583188.962
549431.189 579605.912
583106.108 602916.661
609000.122 627817.918
# New slice
     0.000 351840.814
190644.968 336171.454
257847.975 394381.854
329046.044 395312.990
354741.106 405714.850
383859.456 419324.779
410603.361 429641.859
393357.089 445273.117
412383.942 481199.131
444203.469 489610.408
459888.185 509446.475
465455.459 478062.605
476399.980 535812.125
470192.311 501692.693
524793.111 596353.158
408543.844 562554.424
500819.754 589973.613
558706.595 624707.572
553721.386 613414.229
542673.362 647100.391
616313.517 652736.479
# New slice
