# Array shape: (2, 21, 2)
111279.591 119068.494
115606.495 124773.843
119417.636 128486.755
127711.269 134100.970
129420.896 137646.015
133567.917 125517.452
131068.591 140156.897
139024.319 140483.002
106776.456 137401.350
 65655.712 115123.933
     0.000  41336.785
     0.000      0.000
     0.000      0.000
     0.000      0.000
 29523.365      0.000
     0.000      0.000
     0.000      0.000
     0.000      0.000
     0.000      0.000
     0.000      0.000
     0.000      0.000
# New slice
112414.147 118389.149
114530.469 121447.224
117510.505 125954.692
122401.372 135505.420
129064.386 136598.867
133583.201 129190.710
129479.252 128533.966
121606.220 138502.692
135444.148      0.000
     0.000      0.000
     0.000      0.000
     0.000      0.000
     0.000      0.000
     0.000      0.000
     0.000      0.000
     0.000      0.000
     0.000      0.000
     0.000      0.000
     0.000      0.000
     0.000      0.000
     0.000      0.000
# New slice
