# Array shape: (2, 2, 21, 21)
1.000000 0.000000 0.000000 0.000000 0.000000 0.000000 0.000000 0.000000 0.000000 0.000000 0.000000 0.000000 0.000000 0.000000 0.000000 0.000000 0.000000 0.000000 0.000000 0.000000 0.000000
0.571429 0.428571 0.000000 0.000000 0.000000 0.000000 0.000000 0.000000 0.000000 0.000000 0.000000 0.000000 0.000000 0.000000 0.000000 0.000000 0.000000 0.000000 0.000000 0.000000 0.000000
0.125000 0.250000 0.625000 0.000000 0.000000 0.000000 0.000000 0.000000 0.000000 0.000000 0.000000 0.000000 0.000000 0.000000 0.000000 0.000000 0.000000 0.000000 0.000000 0.000000 0.000000
0.041667 0.125000 0.416667 0.416667 0.000000 0.000000 0.000000 0.000000 0.000000 0.000000 0.000000 0.000000 0.000000 0.000000 0.000000 0.000000 0.000000 0.000000 0.000000 0.000000 0.000000
0.021739 0.021739 0.065217 0.521739 0.369565 0.000000 0.000000 0.000000 0.000000 0.000000 0.000000 0.000000 0.000000 0.000000 0.000000 0.000000 0.000000 0.000000 0.000000 0.000000 0.000000
0.024390 0.024390 0.048780 0.219512 0.390244 0.292683 0.000000 0.000000 0.000000 0.000000 0.000000 0.000000 0.000000 0.000000 0.000000 0.000000 0.000000 0.000000 0.000000 0.000000 0.000000
0.014925 0.014925 0.014925 0.044776 0.089552 0.597015 0.223881 0.000000 0.000000 0.000000 0.000000 0.000000 0.000000 0.000000 0.000000 0.000000 0.000000 0.000000 0.000000 0.000000 0.000000
0.013699 0.013699 0.013699 0.054795 0.041096 0.178082 0.452055 0.232877 0.000000 0.000000 0.000000 0.000000 0.000000 0.000000 0.000000 0.000000 0.000000 0.000000 0.000000 0.000000 0.000000
0.021739 0.021739 0.021739 0.043478 0.065217 0.021739 0.217391 0.369565 0.217391 0.000000 0.000000 0.000000 0.000000 0.000000 0.000000 0.000000 0.000000 0.000000 0.000000 0.000000 0.000000
0.028571 0.028571 0.028571 0.028571 0.028571 0.028571 0.085714 0.114286 0.457143 0.171429 0.000000 0.000000 0.000000 0.000000 0.000000 0.000000 0.000000 0.000000 0.000000 0.000000 0.000000
0.058824 0.058824 0.058824 0.058824 0.058824 0.058824 0.058824 0.058824 0.176471 0.294118 0.058824 0.000000 0.000000 0.000000 0.000000 0.000000 0.000000 0.000000 0.000000 0.000000 0.000000
0.055556 0.055556 0.055556 0.055556 0.055556 0.111111 0.055556 0.055556 0.055556 0.166667 0.166667 0.111111 0.000000 0.000000 0.000000 0.000000 0.000000 0.000000 0.000000 0.000000 0.000000
0.052632 0.052632 0.052632 0.052632 0.052632 0.052632 0.105263 0.052632 0.052632 0.052632 0.210526 0.105263 0.105263 0.000000 0.000000 0.000000 0.000000 0.000000 0.000000 0.000000 0.000000
0.071429 0.071429 0.071429 0.071429 0.071429 0.071429 0.071429 0.071429 0.071429 0.071429 0.071429 0.071429 0.071429 0.071429 0.000000 0.000000 0.000000 0.000000 0.000000 0.000000 0.000000
0.066667 0.066667 0.066667 0.066667 0.066667 0.066667 0.066667 0.066667 0.066667 0.066667 0.066667 0.066667 0.066667 0.066667 0.066667 0.000000 0.000000 0.000000 0.000000 0.000000 0.000000
0.062500 0.062500 0.062500 0.062500 0.062500 0.062500 0.062500 0.062500 0.062500 0.062500 0.062500 0.062500 0.062500 0.062500 0.062500 0.062500 0.000000 0.000000 0.000000 0.000000 0.000000
0.058824 0.058824 0.058824 0.058824 0.058824 0.058824 0.058824 0.058824 0.058824 0.058824 0.058824 0.058824 0.058824 0.058824 0.058824 0.058824 0.058824 0.000000 0.000000 0.000000 0.000000
0.055556 0.055556 0.055556 0.055556 0.055556 0.055556 0.055556 0.055556 0.055556 0.055556 0.055556 0.055556 0.055556 0.055556 0.055556 0.055556 0.055556 0.055556 0.000000 0.000000 0.000000
0.052632 0.052632 0.052632 0.052632 0.052632 0.052632 0.052632 0.052632 0.052632 0.052632 0.052632 0.052632 0.052632 0.052632 0.052632 0.052632 0.052632 0.052632 0.052632 0.000000 0.000000
0.050000 0.050000 0.050000 0.050000 0.050000 0.050000 0.050000 0.050000 0.050000 0.050000 0.050000 0.050000 0.050000 0.050000 0.050000 0.050000 0.050000 0.050000 0.050000 0.050000 0.000000
0.047619 0.047619 0.047619 0.047619 0.047619 0.047619 0.047619 0.047619 0.047619 0.047619 0.047619 0.047619 0.047619 0.047619 0.047619 0.047619 0.047619 0.047619 0.047619 0.047619 0.047619
# New slice
0.156250 0.250000 0.031250 0.031250 0.031250 0.031250 0.031250 0.031250 0.031250 0.031250 0.031250 0.031250 0.031250 0.031250 0.031250 0.031250 0.031250 0.031250 0.031250 0.031250 0.031250
0.000000 0.161290 0.225806 0.064516 0.032258 0.032258 0.032258 0.032258 0.032258 0.032258 0.032258 0.032258 0.032258 0.032258 0.032258 0.032258 0.032258 0.032258 0.032258 0.032258 0.032258
0.000000 0.000000 0.125000 0.437500 0.104167 0.020833 0.020833 0.020833 0.020833 0.020833 0.020833 0.020833 0.020833 0.020833 0.020833 0.020833 0.020833 0.020833 0.020833 0.020833 0.020833
0.000000 0.012658 0.012658 0.316456 0.367089 0.075949 0.025316 0.025316 0.012658 0.012658 0.012658 0.012658 0.012658 0.012658 0.012658 0.012658 0.012658 0.012658 0.012658 0.012658 0.012658
0.000000 0.000000 0.000000 0.008929 0.312500 0.401786 0.133929 0.026786 0.008929 0.008929 0.008929 0.008929 0.008929 0.008929 0.008929 0.008929 0.008929 0.008929 0.008929 0.008929 0.008929
0.000000 0.000000 0.000000 0.018072 0.018072 0.379518 0.385542 0.108434 0.018072 0.006024 0.006024 0.006024 0.006024 0.006024 0.006024 0.006024 0.006024 0.006024 0.006024 0.006024 0.006024
0.000000 0.000000 0.000000 0.006757 0.020270 0.027027 0.418919 0.337838 0.101351 0.013514 0.006757 0.006757 0.006757 0.006757 0.006757 0.006757 0.006757 0.006757 0.006757 0.006757 0.006757
0.000000 0.000000 0.000000 0.021505 0.010753 0.000000 0.096774 0.268817 0.354839 0.107527 0.032258 0.010753 0.010753 0.010753 0.010753 0.010753 0.010753 0.010753 0.010753 0.010753 0.010753
0.000000 0.000000 0.000000 0.000000 0.000000 0.000000 0.054545 0.072727 0.363636 0.272727 0.054545 0.018182 0.018182 0.018182 0.018182 0.018182 0.018182 0.018182 0.018182 0.018182 0.018182
0.000000 0.000000 0.000000 0.000000 0.000000 0.056604 0.037736 0.018868 0.037736 0.377358 0.188679 0.113208 0.018868 0.018868 0.018868 0.018868 0.018868 0.018868 0.018868 0.018868 0.018868
0.000000 0.000000 0.000000 0.000000 0.000000 0.000000 0.031250 0.031250 0.031250 0.031250 0.281250 0.125000 0.218750 0.031250 0.031250 0.031250 0.031250 0.031250 0.031250 0.031250 0.031250
0.000000 0.000000 0.000000 0.000000 0.000000 0.000000 0.000000 0.000000 0.000000 0.111111 0.055556 0.222222 0.111111 0.111111 0.055556 0.055556 0.055556 0.055556 0.055556 0.055556 0.055556
0.000000 0.000000 0.000000 0.000000 0.000000 0.000000 0.000000 0.000000 0.000000 0.000000 0.000000 0.000000 0.181818 0.181818 0.090909 0.090909 0.090909 0.090909 0.090909 0.090909 0.090909
0.000000 0.000000 0.000000 0.000000 0.000000 0.000000 0.000000 0.000000 0.000000 0.000000 0.000000 0.000000 0.000000 0.111111 0.222222 0.111111 0.111111 0.111111 0.111111 0.111111 0.111111
0.000000 0.000000 0.000000 0.000000 0.000000 0.000000 0.000000 0.000000 0.000000 0.000000 0.000000 0.000000 0.000000 0.000000 0.142857 0.142857 0.142857 0.142857 0.142857 0.142857 0.142857
0.000000 0.000000 0.000000 0.000000 0.000000 0.000000 0.000000 0.000000 0.000000 0.000000 0.000000 0.000000 0.000000 0.142857 0.000000 0.142857 0.142857 0.142857 0.142857 0.142857 0.142857
0.000000 0.000000 0.000000 0.000000 0.000000 0.000000 0.000000 0.000000 0.000000 0.000000 0.000000 0.000000 0.000000 0.000000 0.000000 0.000000 0.200000 0.200000 0.200000 0.200000 0.200000
0.000000 0.000000 0.000000 0.000000 0.000000 0.000000 0.000000 0.200000 0.000000 0.000000 0.000000 0.000000 0.000000 0.000000 0.000000 0.000000 0.000000 0.200000 0.200000 0.200000 0.200000
0.000000 0.000000 0.000000 0.000000 0.000000 0.000000 0.000000 0.000000 0.000000 0.000000 0.000000 0.000000 0.000000 0.000000 0.000000 0.000000 0.000000 0.000000 0.333333 0.333333 0.333333
0.000000 0.000000 0.000000 0.000000 0.000000 0.000000 0.000000 0.000000 0.000000 0.000000 0.000000 0.000000 0.000000 0.000000 0.000000 0.000000 0.000000 0.000000 0.000000 0.500000 0.500000
0.000000 0.000000 0.000000 0.000000 0.000000 0.000000 0.000000 0.000000 0.000000 0.000000 0.000000 0.000000 0.000000 0.000000 0.000000 0.000000 0.000000 0.000000 0.000000 0.000000 1.000000
# New slice
1.000000 0.000000 0.000000 0.000000 0.000000 0.000000 0.000000 0.000000 0.000000 0.000000 0.000000 0.000000 0.000000 0.000000 0.000000 0.000000 0.000000 0.000000 0.000000 0.000000 0.000000
0.666667 0.333333 0.000000 0.000000 0.000000 0.000000 0.000000 0.000000 0.000000 0.000000 0.000000 0.000000 0.000000 0.000000 0.000000 0.000000 0.000000 0.000000 0.000000 0.000000 0.000000
0.142857 0.714286 0.142857 0.000000 0.000000 0.000000 0.000000 0.000000 0.000000 0.000000 0.000000 0.000000 0.000000 0.000000 0.000000 0.000000 0.000000 0.000000 0.000000 0.000000 0.000000
0.031250 0.187500 0.437500 0.343750 0.000000 0.000000 0.000000 0.000000 0.000000 0.000000 0.000000 0.000000 0.000000 0.000000 0.000000 0.000000 0.000000 0.000000 0.000000 0.000000 0.000000
0.035714 0.035714 0.321429 0.428571 0.178571 0.000000 0.000000 0.000000 0.000000 0.000000 0.000000 0.000000 0.000000 0.000000 0.000000 0.000000 0.000000 0.000000 0.000000 0.000000 0.000000
0.016949 0.033898 0.067797 0.186441 0.423729 0.271186 0.000000 0.000000 0.000000 0.000000 0.000000 0.000000 0.000000 0.000000 0.000000 0.000000 0.000000 0.000000 0.000000 0.000000 0.000000
0.011494 0.011494 0.022989 0.034483 0.160920 0.471264 0.287356 0.000000 0.000000 0.000000 0.000000 0.000000 0.000000 0.000000 0.000000 0.000000 0.000000 0.000000 0.000000 0.000000 0.000000
0.015385 0.015385 0.015385 0.015385 0.061538 0.107692 0.415385 0.353846 0.000000 0.000000 0.000000 0.000000 0.000000 0.000000 0.000000 0.000000 0.000000 0.000000 0.000000 0.000000 0.000000
0.017544 0.017544 0.017544 0.017544 0.017544 0.035088 0.228070 0.421053 0.228070 0.000000 0.000000 0.000000 0.000000 0.000000 0.000000 0.000000 0.000000 0.000000 0.000000 0.000000 0.000000
0.040000 0.040000 0.040000 0.040000 0.040000 0.080000 0.080000 0.160000 0.240000 0.240000 0.000000 0.000000 0.000000 0.000000 0.000000 0.000000 0.000000 0.000000 0.000000 0.000000 0.000000
0.071429 0.071429 0.071429 0.071429 0.071429 0.071429 0.071429 0.071429 0.142857 0.214286 0.071429 0.000000 0.000000 0.000000 0.000000 0.000000 0.000000 0.000000 0.000000 0.000000 0.000000
0.037037 0.037037 0.037037 0.037037 0.074074 0.037037 0.074074 0.037037 0.037037 0.148148 0.185185 0.259259 0.000000 0.000000 0.000000 0.000000 0.000000 0.000000 0.000000 0.000000 0.000000
0.071429 0.071429 0.071429 0.071429 0.071429 0.071429 0.071429 0.071429 0.071429 0.071429 0.071429 0.071429 0.142857 0.000000 0.000000 0.000000 0.000000 0.000000 0.000000 0.000000 0.000000
0.055556 0.055556 0.055556 0.055556 0.055556 0.055556 0.055556 0.055556 0.055556 0.055556 0.111111 0.166667 0.111111 0.055556 0.000000 0.000000 0.000000 0.000000 0.000000 0.000000 0.000000
0.066667 0.066667 0.066667 0.066667 0.066667 0.066667 0.066667 0.066667 0.066667 0.066667 0.066667 0.066667 0.066667 0.066667 0.066667 0.000000 0.000000 0.000000 0.000000 0.000000 0.000000
0.058824 0.058824 0.058824 0.058824 0.058824 0.058824 0.058824 0.058824 0.058824 0.058824 0.058824 0.058824 0.058824 0.058824 0.117647 0.058824 0.000000 0.000000 0.000000 0.000000 0.000000
0.058824 0.058824 0.058824 0.058824 0.058824 0.058824 0.058824 0.058824 0.058824 0.058824 0.058824 0.058824 0.058824 0.058824 0.058824 0.058824 0.058824 0.000000 0.000000 0.000000 0.000000
0.055556 0.055556 0.055556 0.055556 0.055556 0.055556 0.055556 0.055556 0.055556 0.055556 0.055556 0.055556 0.055556 0.055556 0.055556 0.055556 0.055556 0.055556 0.000000 0.000000 0.000000
0.052632 0.052632 0.052632 0.052632 0.052632 0.052632 0.052632 0.052632 0.052632 0.052632 0.052632 0.052632 0.052632 0.052632 0.052632 0.052632 0.052632 0.052632 0.052632 0.000000 0.000000
0.050000 0.050000 0.050000 0.050000 0.050000 0.050000 0.050000 0.050000 0.050000 0.050000 0.050000 0.050000 0.050000 0.050000 0.050000 0.050000 0.050000 0.050000 0.050000 0.050000 0.000000
0.047619 0.047619 0.047619 0.047619 0.047619 0.047619 0.047619 0.047619 0.047619 0.047619 0.047619 0.047619 0.047619 0.047619 0.047619 0.047619 0.047619 0.047619 0.047619 0.047619 0.047619
# New slice
0.083333 0.125000 0.041667 0.041667 0.041667 0.041667 0.041667 0.041667 0.041667 0.041667 0.041667 0.041667 0.041667 0.041667 0.041667 0.041667 0.041667 0.041667 0.041667 0.041667 0.041667
0.030303 0.151515 0.212121 0.060606 0.060606 0.030303 0.030303 0.030303 0.030303 0.030303 0.030303 0.030303 0.030303 0.030303 0.030303 0.030303 0.030303 0.030303 0.030303 0.030303 0.030303
0.000000 0.000000 0.272727 0.309091 0.109091 0.036364 0.018182 0.018182 0.018182 0.018182 0.018182 0.018182 0.018182 0.018182 0.018182 0.018182 0.018182 0.018182 0.018182 0.018182 0.018182
0.000000 0.010870 0.010870 0.336957 0.326087 0.141304 0.021739 0.010870 0.010870 0.010870 0.010870 0.010870 0.010870 0.010870 0.010870 0.010870 0.010870 0.010870 0.010870 0.010870 0.010870
0.000000 0.000000 0.000000 0.029703 0.336634 0.415842 0.079208 0.009901 0.009901 0.009901 0.009901 0.009901 0.009901 0.009901 0.009901 0.009901 0.009901 0.009901 0.009901 0.009901 0.009901
0.000000 0.000000 0.000000 0.007634 0.061069 0.328244 0.320611 0.183206 0.007634 0.007634 0.007634 0.007634 0.007634 0.007634 0.007634 0.007634 0.007634 0.007634 0.007634 0.007634 0.007634
0.000000 0.000000 0.009346 0.000000 0.046729 0.065421 0.280374 0.383178 0.093458 0.018692 0.009346 0.009346 0.009346 0.009346 0.009346 0.009346 0.009346 0.009346 0.009346 0.009346 0.009346
0.000000 0.000000 0.000000 0.009091 0.036364 0.045455 0.090909 0.390909 0.236364 0.081818 0.018182 0.009091 0.009091 0.009091 0.009091 0.009091 0.009091 0.009091 0.009091 0.009091 0.009091
0.000000 0.000000 0.000000 0.000000 0.000000 0.000000 0.014925 0.089552 0.417910 0.283582 0.044776 0.014925 0.014925 0.014925 0.014925 0.014925 0.014925 0.014925 0.014925 0.014925 0.014925
0.000000 0.000000 0.000000 0.000000 0.000000 0.000000 0.000000 0.050847 0.050847 0.474576 0.186441 0.067797 0.033898 0.016949 0.016949 0.016949 0.016949 0.016949 0.016949 0.016949 0.016949
0.000000 0.000000 0.000000 0.000000 0.000000 0.028571 0.000000 0.000000 0.057143 0.142857 0.257143 0.200000 0.085714 0.028571 0.028571 0.028571 0.028571 0.028571 0.028571 0.028571 0.028571
0.000000 0.000000 0.000000 0.000000 0.000000 0.000000 0.000000 0.000000 0.000000 0.000000 0.000000 0.083333 0.166667 0.166667 0.083333 0.083333 0.083333 0.083333 0.083333 0.083333 0.083333
0.000000 0.000000 0.000000 0.000000 0.000000 0.000000 0.000000 0.000000 0.000000 0.058824 0.058824 0.058824 0.117647 0.235294 0.117647 0.058824 0.058824 0.058824 0.058824 0.058824 0.058824
0.000000 0.000000 0.000000 0.000000 0.000000 0.000000 0.000000 0.000000 0.000000 0.000000 0.000000 0.000000 0.090909 0.181818 0.181818 0.090909 0.090909 0.090909 0.090909 0.090909 0.090909
0.000000 0.000000 0.000000 0.000000 0.000000 0.000000 0.000000 0.000000 0.000000 0.083333 0.000000 0.000000 0.000000 0.000000 0.166667 0.250000 0.083333 0.166667 0.083333 0.083333 0.083333
0.000000 0.000000 0.000000 0.000000 0.000000 0.000000 0.000000 0.000000 0.000000 0.000000 0.000000 0.000000 0.000000 0.000000 0.000000 0.166667 0.166667 0.166667 0.166667 0.166667 0.166667
0.000000 0.000000 0.000000 0.000000 0.000000 0.000000 0.000000 0.000000 0.000000 0.000000 0.000000 0.000000 0.000000 0.000000 0.000000 0.000000 0.200000 0.200000 0.200000 0.200000 0.200000
0.000000 0.000000 0.000000 0.000000 0.000000 0.000000 0.000000 0.000000 0.000000 0.000000 0.000000 0.000000 0.000000 0.000000 0.000000 0.000000 0.000000 0.400000 0.200000 0.200000 0.200000
0.000000 0.000000 0.000000 0.000000 0.000000 0.000000 0.000000 0.000000 0.000000 0.000000 0.000000 0.000000 0.000000 0.000000 0.000000 0.000000 0.000000 0.000000 0.333333 0.333333 0.333333
0.000000 0.000000 0.000000 0.000000 0.000000 0.000000 0.000000 0.000000 0.000000 0.000000 0.000000 0.000000 0.000000 0.000000 0.000000 0.000000 0.000000 0.000000 0.000000 0.500000 0.500000
0.000000 0.000000 0.000000 0.000000 0.000000 0.000000 0.000000 0.000000 0.000000 0.000000 0.000000 0.000000 0.000000 0.000000 0.000000 0.000000 0.000000 0.000000 0.000000 0.000000 1.000000
# New slice
