# Array shape: (2, 2, 21, 21)
1.000000 0.000000 0.000000 0.000000 0.000000 0.000000 0.000000 0.000000 0.000000 0.000000 0.000000 0.000000 0.000000 0.000000 0.000000 0.000000 0.000000 0.000000 0.000000 0.000000 0.000000
0.500000 0.500000 0.000000 0.000000 0.000000 0.000000 0.000000 0.000000 0.000000 0.000000 0.000000 0.000000 0.000000 0.000000 0.000000 0.000000 0.000000 0.000000 0.000000 0.000000 0.000000
0.250000 0.250000 0.500000 0.000000 0.000000 0.000000 0.000000 0.000000 0.000000 0.000000 0.000000 0.000000 0.000000 0.000000 0.000000 0.000000 0.000000 0.000000 0.000000 0.000000 0.000000
0.200000 0.200000 0.400000 0.200000 0.000000 0.000000 0.000000 0.000000 0.000000 0.000000 0.000000 0.000000 0.000000 0.000000 0.000000 0.000000 0.000000 0.000000 0.000000 0.000000 0.000000
0.142857 0.142857 0.285714 0.285714 0.142857 0.000000 0.000000 0.000000 0.000000 0.000000 0.000000 0.000000 0.000000 0.000000 0.000000 0.000000 0.000000 0.000000 0.000000 0.000000 0.000000
0.071429 0.071429 0.071429 0.214286 0.357143 0.214286 0.000000 0.000000 0.000000 0.000000 0.000000 0.000000 0.000000 0.000000 0.000000 0.000000 0.000000 0.000000 0.000000 0.000000 0.000000
0.083333 0.083333 0.083333 0.083333 0.166667 0.333333 0.166667 0.000000 0.000000 0.000000 0.000000 0.000000 0.000000 0.000000 0.000000 0.000000 0.000000 0.000000 0.000000 0.000000 0.000000
0.050000 0.050000 0.050000 0.050000 0.050000 0.050000 0.450000 0.250000 0.000000 0.000000 0.000000 0.000000 0.000000 0.000000 0.000000 0.000000 0.000000 0.000000 0.000000 0.000000 0.000000
0.034483 0.034483 0.034483 0.034483 0.034483 0.034483 0.137931 0.379310 0.275862 0.000000 0.000000 0.000000 0.000000 0.000000 0.000000 0.000000 0.000000 0.000000 0.000000 0.000000 0.000000
0.038462 0.038462 0.038462 0.038462 0.038462 0.038462 0.076923 0.115385 0.346154 0.230769 0.000000 0.000000 0.000000 0.000000 0.000000 0.000000 0.000000 0.000000 0.000000 0.000000 0.000000
0.031250 0.031250 0.031250 0.031250 0.031250 0.031250 0.031250 0.093750 0.093750 0.375000 0.218750 0.000000 0.000000 0.000000 0.000000 0.000000 0.000000 0.000000 0.000000 0.000000 0.000000
0.031250 0.031250 0.031250 0.031250 0.031250 0.031250 0.062500 0.031250 0.062500 0.125000 0.312500 0.218750 0.000000 0.000000 0.000000 0.000000 0.000000 0.000000 0.000000 0.000000 0.000000
0.032258 0.032258 0.032258 0.032258 0.032258 0.032258 0.032258 0.032258 0.032258 0.032258 0.258065 0.258065 0.161290 0.000000 0.000000 0.000000 0.000000 0.000000 0.000000 0.000000 0.000000
0.027778 0.027778 0.027778 0.027778 0.027778 0.027778 0.027778 0.027778 0.027778 0.055556 0.055556 0.138889 0.250000 0.250000 0.000000 0.000000 0.000000 0.000000 0.000000 0.000000 0.000000
0.031250 0.031250 0.031250 0.031250 0.031250 0.031250 0.031250 0.031250 0.031250 0.031250 0.031250 0.031250 0.156250 0.281250 0.187500 0.000000 0.000000 0.000000 0.000000 0.000000 0.000000
0.040000 0.040000 0.040000 0.040000 0.040000 0.040000 0.040000 0.040000 0.040000 0.040000 0.080000 0.040000 0.120000 0.120000 0.120000 0.120000 0.000000 0.000000 0.000000 0.000000 0.000000
0.043478 0.043478 0.043478 0.043478 0.043478 0.043478 0.043478 0.043478 0.086957 0.043478 0.043478 0.043478 0.043478 0.043478 0.130435 0.173913 0.043478 0.000000 0.000000 0.000000 0.000000
0.038462 0.038462 0.038462 0.038462 0.038462 0.038462 0.038462 0.038462 0.038462 0.038462 0.038462 0.038462 0.038462 0.038462 0.076923 0.038462 0.153846 0.192308 0.000000 0.000000 0.000000
0.037037 0.037037 0.037037 0.037037 0.037037 0.037037 0.037037 0.037037 0.037037 0.037037 0.037037 0.037037 0.037037 0.037037 0.074074 0.037037 0.148148 0.111111 0.111111 0.000000 0.000000
0.050000 0.050000 0.050000 0.050000 0.050000 0.050000 0.050000 0.050000 0.050000 0.050000 0.050000 0.050000 0.050000 0.050000 0.050000 0.050000 0.050000 0.050000 0.050000 0.050000 0.000000
0.031250 0.031250 0.031250 0.031250 0.031250 0.031250 0.031250 0.031250 0.031250 0.031250 0.031250 0.031250 0.031250 0.031250 0.031250 0.031250 0.093750 0.031250 0.062500 0.093750 0.218750
# New slice
0.047619 0.047619 0.047619 0.047619 0.047619 0.047619 0.047619 0.047619 0.047619 0.047619 0.047619 0.047619 0.047619 0.047619 0.047619 0.047619 0.047619 0.047619 0.047619 0.047619 0.047619
0.000000 0.050000 0.050000 0.050000 0.050000 0.050000 0.050000 0.050000 0.050000 0.050000 0.050000 0.050000 0.050000 0.050000 0.050000 0.050000 0.050000 0.050000 0.050000 0.050000 0.050000
0.000000 0.000000 0.043478 0.086957 0.173913 0.043478 0.043478 0.043478 0.043478 0.043478 0.043478 0.043478 0.043478 0.043478 0.043478 0.043478 0.043478 0.043478 0.043478 0.043478 0.043478
0.000000 0.000000 0.000000 0.100000 0.100000 0.050000 0.050000 0.050000 0.050000 0.050000 0.050000 0.050000 0.050000 0.050000 0.050000 0.050000 0.050000 0.050000 0.050000 0.050000 0.050000
0.000000 0.000000 0.000000 0.000000 0.153846 0.230769 0.076923 0.038462 0.038462 0.038462 0.038462 0.038462 0.038462 0.038462 0.038462 0.038462 0.038462 0.038462 0.038462 0.038462 0.038462
0.000000 0.000000 0.000000 0.000000 0.000000 0.050000 0.250000 0.050000 0.050000 0.050000 0.050000 0.050000 0.050000 0.050000 0.050000 0.050000 0.050000 0.050000 0.050000 0.050000 0.050000
0.000000 0.000000 0.000000 0.000000 0.000000 0.035714 0.178571 0.178571 0.142857 0.071429 0.035714 0.035714 0.035714 0.035714 0.035714 0.035714 0.035714 0.035714 0.035714 0.035714 0.035714
0.000000 0.000000 0.000000 0.000000 0.000000 0.000000 0.020000 0.160000 0.380000 0.200000 0.040000 0.020000 0.020000 0.020000 0.020000 0.020000 0.020000 0.020000 0.020000 0.020000 0.020000
0.000000 0.000000 0.000000 0.000000 0.000000 0.000000 0.000000 0.068966 0.293103 0.293103 0.172414 0.017241 0.017241 0.017241 0.017241 0.017241 0.017241 0.017241 0.017241 0.017241 0.017241
0.000000 0.000000 0.000000 0.000000 0.000000 0.000000 0.000000 0.027027 0.013514 0.378378 0.337838 0.121622 0.013514 0.013514 0.013514 0.013514 0.013514 0.013514 0.013514 0.013514 0.013514
0.000000 0.000000 0.000000 0.000000 0.000000 0.000000 0.000000 0.000000 0.014925 0.059701 0.432836 0.298507 0.074627 0.014925 0.014925 0.014925 0.014925 0.014925 0.014925 0.014925 0.014925
0.000000 0.000000 0.000000 0.000000 0.000000 0.000000 0.000000 0.000000 0.000000 0.028571 0.000000 0.328571 0.400000 0.128571 0.028571 0.014286 0.014286 0.014286 0.014286 0.014286 0.014286
0.000000 0.000000 0.000000 0.000000 0.000000 0.000000 0.000000 0.000000 0.000000 0.022222 0.022222 0.044444 0.222222 0.422222 0.133333 0.022222 0.022222 0.022222 0.022222 0.022222 0.022222
0.000000 0.000000 0.000000 0.000000 0.000000 0.000000 0.000000 0.000000 0.000000 0.000000 0.000000 0.000000 0.040000 0.340000 0.320000 0.120000 0.100000 0.020000 0.020000 0.020000 0.020000
0.000000 0.000000 0.000000 0.000000 0.000000 0.000000 0.000000 0.000000 0.025000 0.025000 0.000000 0.000000 0.000000 0.050000 0.325000 0.375000 0.100000 0.025000 0.025000 0.025000 0.025000
0.000000 0.000000 0.000000 0.000000 0.000000 0.000000 0.000000 0.000000 0.000000 0.000000 0.000000 0.000000 0.000000 0.023256 0.116279 0.418605 0.302326 0.069767 0.023256 0.023256 0.023256
0.000000 0.000000 0.000000 0.000000 0.000000 0.000000 0.000000 0.000000 0.000000 0.000000 0.000000 0.000000 0.000000 0.100000 0.100000 0.000000 0.200000 0.350000 0.150000 0.050000 0.050000
0.000000 0.000000 0.000000 0.000000 0.000000 0.000000 0.000000 0.000000 0.000000 0.000000 0.000000 0.000000 0.000000 0.000000 0.000000 0.300000 0.100000 0.100000 0.200000 0.200000 0.100000
0.000000 0.000000 0.000000 0.000000 0.000000 0.000000 0.000000 0.000000 0.000000 0.000000 0.000000 0.000000 0.000000 0.000000 0.000000 0.000000 0.111111 0.000000 0.333333 0.222222 0.333333
0.000000 0.000000 0.000000 0.000000 0.000000 0.000000 0.000000 0.000000 0.000000 0.000000 0.000000 0.000000 0.000000 0.000000 0.000000 0.000000 0.000000 0.083333 0.083333 0.500000 0.333333
0.000000 0.000000 0.000000 0.000000 0.000000 0.000000 0.000000 0.000000 0.000000 0.000000 0.000000 0.000000 0.000000 0.000000 0.000000 0.000000 0.000000 0.083333 0.166667 0.000000 0.750000
# New slice
1.000000 0.000000 0.000000 0.000000 0.000000 0.000000 0.000000 0.000000 0.000000 0.000000 0.000000 0.000000 0.000000 0.000000 0.000000 0.000000 0.000000 0.000000 0.000000 0.000000 0.000000
0.500000 0.500000 0.000000 0.000000 0.000000 0.000000 0.000000 0.000000 0.000000 0.000000 0.000000 0.000000 0.000000 0.000000 0.000000 0.000000 0.000000 0.000000 0.000000 0.000000 0.000000
0.333333 0.333333 0.333333 0.000000 0.000000 0.000000 0.000000 0.000000 0.000000 0.000000 0.000000 0.000000 0.000000 0.000000 0.000000 0.000000 0.000000 0.000000 0.000000 0.000000 0.000000
0.166667 0.166667 0.333333 0.333333 0.000000 0.000000 0.000000 0.000000 0.000000 0.000000 0.000000 0.000000 0.000000 0.000000 0.000000 0.000000 0.000000 0.000000 0.000000 0.000000 0.000000
0.100000 0.100000 0.200000 0.200000 0.400000 0.000000 0.000000 0.000000 0.000000 0.000000 0.000000 0.000000 0.000000 0.000000 0.000000 0.000000 0.000000 0.000000 0.000000 0.000000 0.000000
0.111111 0.111111 0.111111 0.111111 0.333333 0.222222 0.000000 0.000000 0.000000 0.000000 0.000000 0.000000 0.000000 0.000000 0.000000 0.000000 0.000000 0.000000 0.000000 0.000000 0.000000
0.052632 0.052632 0.052632 0.052632 0.105263 0.368421 0.315789 0.000000 0.000000 0.000000 0.000000 0.000000 0.000000 0.000000 0.000000 0.000000 0.000000 0.000000 0.000000 0.000000 0.000000
0.038462 0.038462 0.038462 0.038462 0.038462 0.269231 0.346154 0.192308 0.000000 0.000000 0.000000 0.000000 0.000000 0.000000 0.000000 0.000000 0.000000 0.000000 0.000000 0.000000 0.000000
0.032258 0.032258 0.032258 0.032258 0.032258 0.032258 0.129032 0.322581 0.354839 0.000000 0.000000 0.000000 0.000000 0.000000 0.000000 0.000000 0.000000 0.000000 0.000000 0.000000 0.000000
0.014493 0.014493 0.014493 0.014493 0.014493 0.014493 0.028986 0.202899 0.333333 0.347826 0.000000 0.000000 0.000000 0.000000 0.000000 0.000000 0.000000 0.000000 0.000000 0.000000 0.000000
0.012195 0.012195 0.012195 0.012195 0.012195 0.012195 0.012195 0.048780 0.231707 0.414634 0.219512 0.000000 0.000000 0.000000 0.000000 0.000000 0.000000 0.000000 0.000000 0.000000 0.000000
0.011494 0.011494 0.011494 0.011494 0.011494 0.011494 0.011494 0.011494 0.057471 0.149425 0.413793 0.287356 0.000000 0.000000 0.000000 0.000000 0.000000 0.000000 0.000000 0.000000 0.000000
0.025000 0.025000 0.025000 0.025000 0.025000 0.050000 0.025000 0.025000 0.025000 0.025000 0.175000 0.425000 0.125000 0.000000 0.000000 0.000000 0.000000 0.000000 0.000000 0.000000 0.000000
0.021739 0.021739 0.021739 0.021739 0.021739 0.021739 0.021739 0.021739 0.021739 0.043478 0.065217 0.152174 0.282609 0.260870 0.000000 0.000000 0.000000 0.000000 0.000000 0.000000 0.000000
0.019231 0.019231 0.019231 0.019231 0.019231 0.019231 0.019231 0.019231 0.019231 0.019231 0.019231 0.057692 0.230769 0.326923 0.173077 0.000000 0.000000 0.000000 0.000000 0.000000 0.000000
0.021739 0.021739 0.021739 0.021739 0.021739 0.021739 0.021739 0.021739 0.021739 0.021739 0.021739 0.021739 0.021739 0.108696 0.434783 0.173913 0.000000 0.000000 0.000000 0.000000 0.000000
0.023810 0.023810 0.023810 0.023810 0.023810 0.023810 0.023810 0.023810 0.023810 0.023810 0.023810 0.023810 0.023810 0.023810 0.095238 0.428571 0.142857 0.000000 0.000000 0.000000 0.000000
0.035714 0.035714 0.035714 0.035714 0.035714 0.035714 0.035714 0.035714 0.035714 0.035714 0.035714 0.035714 0.035714 0.035714 0.071429 0.107143 0.250000 0.071429 0.000000 0.000000 0.000000
0.045455 0.045455 0.045455 0.045455 0.045455 0.045455 0.045455 0.045455 0.045455 0.045455 0.045455 0.045455 0.045455 0.045455 0.045455 0.090909 0.045455 0.090909 0.090909 0.000000 0.000000
0.038462 0.038462 0.038462 0.038462 0.038462 0.038462 0.038462 0.038462 0.038462 0.038462 0.038462 0.038462 0.038462 0.038462 0.038462 0.038462 0.076923 0.076923 0.153846 0.076923 0.000000
0.034483 0.034483 0.034483 0.034483 0.034483 0.034483 0.034483 0.034483 0.034483 0.034483 0.034483 0.034483 0.034483 0.034483 0.034483 0.034483 0.034483 0.034483 0.068966 0.103448 0.206897
# New slice
0.047619 0.047619 0.047619 0.047619 0.047619 0.047619 0.047619 0.047619 0.047619 0.047619 0.047619 0.047619 0.047619 0.047619 0.047619 0.047619 0.047619 0.047619 0.047619 0.047619 0.047619
0.000000 0.050000 0.050000 0.050000 0.050000 0.050000 0.050000 0.050000 0.050000 0.050000 0.050000 0.050000 0.050000 0.050000 0.050000 0.050000 0.050000 0.050000 0.050000 0.050000 0.050000
0.000000 0.000000 0.136364 0.090909 0.045455 0.045455 0.045455 0.045455 0.045455 0.045455 0.045455 0.045455 0.045455 0.045455 0.045455 0.045455 0.045455 0.045455 0.045455 0.045455 0.045455
0.000000 0.000000 0.000000 0.166667 0.166667 0.041667 0.041667 0.041667 0.041667 0.041667 0.041667 0.041667 0.041667 0.041667 0.041667 0.041667 0.041667 0.041667 0.041667 0.041667 0.041667
0.000000 0.000000 0.034483 0.000000 0.206897 0.206897 0.068966 0.034483 0.034483 0.034483 0.034483 0.034483 0.034483 0.034483 0.034483 0.034483 0.034483 0.034483 0.034483 0.034483 0.034483
0.000000 0.000000 0.000000 0.000000 0.027027 0.162162 0.351351 0.108108 0.027027 0.027027 0.027027 0.027027 0.027027 0.027027 0.027027 0.027027 0.027027 0.027027 0.027027 0.027027 0.027027
0.000000 0.000000 0.000000 0.000000 0.000000 0.017241 0.344828 0.344828 0.086207 0.017241 0.017241 0.017241 0.017241 0.017241 0.017241 0.017241 0.017241 0.017241 0.017241 0.017241 0.017241
0.000000 0.000000 0.000000 0.000000 0.000000 0.000000 0.000000 0.327586 0.344828 0.137931 0.017241 0.017241 0.017241 0.017241 0.017241 0.017241 0.017241 0.017241 0.017241 0.017241 0.017241
0.000000 0.000000 0.000000 0.000000 0.009174 0.000000 0.000000 0.036697 0.339450 0.376147 0.119266 0.036697 0.009174 0.009174 0.009174 0.009174 0.009174 0.009174 0.009174 0.009174 0.009174
0.000000 0.000000 0.000000 0.000000 0.000000 0.000000 0.000000 0.008197 0.057377 0.352459 0.352459 0.147541 0.016393 0.008197 0.008197 0.008197 0.008197 0.008197 0.008197 0.008197 0.008197
0.000000 0.000000 0.000000 0.000000 0.000000 0.000000 0.000000 0.000000 0.019048 0.038095 0.342857 0.400000 0.114286 0.019048 0.009524 0.009524 0.009524 0.009524 0.009524 0.009524 0.009524
0.000000 0.000000 0.000000 0.000000 0.000000 0.000000 0.013158 0.000000 0.013158 0.026316 0.078947 0.434211 0.236842 0.105263 0.013158 0.013158 0.013158 0.013158 0.013158 0.013158 0.013158
0.000000 0.000000 0.000000 0.000000 0.000000 0.000000 0.000000 0.011111 0.000000 0.000000 0.000000 0.077778 0.433333 0.288889 0.122222 0.011111 0.011111 0.011111 0.011111 0.011111 0.011111
0.000000 0.000000 0.000000 0.000000 0.000000 0.000000 0.000000 0.000000 0.000000 0.000000 0.000000 0.066667 0.093333 0.320000 0.293333 0.160000 0.013333 0.013333 0.013333 0.013333 0.013333
0.000000 0.000000 0.000000 0.000000 0.000000 0.000000 0.000000 0.000000 0.017241 0.000000 0.000000 0.000000 0.000000 0.103448 0.310345 0.431034 0.068966 0.017241 0.017241 0.017241 0.017241
0.000000 0.000000 0.000000 0.000000 0.000000 0.000000 0.000000 0.000000 0.000000 0.033333 0.000000 0.000000 0.000000 0.083333 0.133333 0.316667 0.233333 0.100000 0.066667 0.016667 0.016667
0.000000 0.000000 0.000000 0.000000 0.000000 0.000000 0.000000 0.000000 0.000000 0.000000 0.000000 0.000000 0.000000 0.000000 0.000000 0.083333 0.444444 0.277778 0.111111 0.055556 0.027778
0.000000 0.000000 0.000000 0.000000 0.000000 0.000000 0.000000 0.000000 0.000000 0.000000 0.000000 0.000000 0.000000 0.000000 0.000000 0.052632 0.105263 0.263158 0.368421 0.157895 0.052632
0.000000 0.000000 0.000000 0.000000 0.000000 0.000000 0.000000 0.000000 0.000000 0.000000 0.000000 0.000000 0.000000 0.000000 0.000000 0.086957 0.000000 0.086957 0.304348 0.304348 0.217391
0.000000 0.000000 0.000000 0.000000 0.000000 0.000000 0.000000 0.000000 0.000000 0.000000 0.000000 0.000000 0.000000 0.000000 0.000000 0.000000 0.000000 0.000000 0.058824 0.470588 0.470588
0.000000 0.000000 0.000000 0.000000 0.000000 0.000000 0.000000 0.000000 0.000000 0.000000 0.000000 0.000000 0.000000 0.000000 0.000000 0.000000 0.000000 0.000000 0.060606 0.090909 0.848485
# New slice
