# Array shape: (2, 2, 21, 21)
1.000000 0.000000 0.000000 0.000000 0.000000 0.000000 0.000000 0.000000 0.000000 0.000000 0.000000 0.000000 0.000000 0.000000 0.000000 0.000000 0.000000 0.000000 0.000000 0.000000 0.000000
0.733333 0.266667 0.000000 0.000000 0.000000 0.000000 0.000000 0.000000 0.000000 0.000000 0.000000 0.000000 0.000000 0.000000 0.000000 0.000000 0.000000 0.000000 0.000000 0.000000 0.000000
0.208333 0.375000 0.416667 0.000000 0.000000 0.000000 0.000000 0.000000 0.000000 0.000000 0.000000 0.000000 0.000000 0.000000 0.000000 0.000000 0.000000 0.000000 0.000000 0.000000 0.000000
0.043478 0.260870 0.304348 0.391304 0.000000 0.000000 0.000000 0.000000 0.000000 0.000000 0.000000 0.000000 0.000000 0.000000 0.000000 0.000000 0.000000 0.000000 0.000000 0.000000 0.000000
0.022727 0.045455 0.227273 0.590909 0.113636 0.000000 0.000000 0.000000 0.000000 0.000000 0.000000 0.000000 0.000000 0.000000 0.000000 0.000000 0.000000 0.000000 0.000000 0.000000 0.000000
0.020833 0.020833 0.041667 0.187500 0.479167 0.250000 0.000000 0.000000 0.000000 0.000000 0.000000 0.000000 0.000000 0.000000 0.000000 0.000000 0.000000 0.000000 0.000000 0.000000 0.000000
0.020408 0.020408 0.040816 0.081633 0.163265 0.408163 0.265306 0.000000 0.000000 0.000000 0.000000 0.000000 0.000000 0.000000 0.000000 0.000000 0.000000 0.000000 0.000000 0.000000 0.000000
0.015625 0.015625 0.015625 0.015625 0.046875 0.171875 0.437500 0.281250 0.000000 0.000000 0.000000 0.000000 0.000000 0.000000 0.000000 0.000000 0.000000 0.000000 0.000000 0.000000 0.000000
0.025641 0.025641 0.025641 0.025641 0.025641 0.076923 0.179487 0.410256 0.205128 0.000000 0.000000 0.000000 0.000000 0.000000 0.000000 0.000000 0.000000 0.000000 0.000000 0.000000 0.000000
0.037037 0.037037 0.037037 0.037037 0.037037 0.037037 0.148148 0.111111 0.296296 0.222222 0.000000 0.000000 0.000000 0.000000 0.000000 0.000000 0.000000 0.000000 0.000000 0.000000 0.000000
0.041667 0.041667 0.041667 0.041667 0.041667 0.041667 0.041667 0.083333 0.166667 0.291667 0.166667 0.000000 0.000000 0.000000 0.000000 0.000000 0.000000 0.000000 0.000000 0.000000 0.000000
0.037037 0.037037 0.037037 0.037037 0.037037 0.037037 0.111111 0.037037 0.074074 0.111111 0.296296 0.148148 0.000000 0.000000 0.000000 0.000000 0.000000 0.000000 0.000000 0.000000 0.000000
0.071429 0.071429 0.071429 0.071429 0.071429 0.071429 0.071429 0.071429 0.071429 0.071429 0.071429 0.142857 0.071429 0.000000 0.000000 0.000000 0.000000 0.000000 0.000000 0.000000 0.000000
0.071429 0.071429 0.071429 0.071429 0.071429 0.071429 0.071429 0.071429 0.071429 0.071429 0.071429 0.071429 0.071429 0.071429 0.000000 0.000000 0.000000 0.000000 0.000000 0.000000 0.000000
0.058824 0.058824 0.058824 0.058824 0.058824 0.058824 0.058824 0.058824 0.058824 0.058824 0.058824 0.058824 0.117647 0.117647 0.058824 0.000000 0.000000 0.000000 0.000000 0.000000 0.000000
0.062500 0.062500 0.062500 0.062500 0.062500 0.062500 0.062500 0.062500 0.062500 0.062500 0.062500 0.062500 0.062500 0.062500 0.062500 0.062500 0.000000 0.000000 0.000000 0.000000 0.000000
0.058824 0.058824 0.058824 0.058824 0.058824 0.058824 0.058824 0.058824 0.058824 0.058824 0.058824 0.058824 0.058824 0.058824 0.058824 0.058824 0.058824 0.000000 0.000000 0.000000 0.000000
0.055556 0.055556 0.055556 0.055556 0.055556 0.055556 0.055556 0.055556 0.055556 0.055556 0.055556 0.055556 0.055556 0.055556 0.055556 0.055556 0.055556 0.055556 0.000000 0.000000 0.000000
0.052632 0.052632 0.052632 0.052632 0.052632 0.052632 0.052632 0.052632 0.052632 0.052632 0.052632 0.052632 0.052632 0.052632 0.052632 0.052632 0.052632 0.052632 0.052632 0.000000 0.000000
0.050000 0.050000 0.050000 0.050000 0.050000 0.050000 0.050000 0.050000 0.050000 0.050000 0.050000 0.050000 0.050000 0.050000 0.050000 0.050000 0.050000 0.050000 0.050000 0.050000 0.000000
0.047619 0.047619 0.047619 0.047619 0.047619 0.047619 0.047619 0.047619 0.047619 0.047619 0.047619 0.047619 0.047619 0.047619 0.047619 0.047619 0.047619 0.047619 0.047619 0.047619 0.047619
# New slice
0.184211 0.236842 0.052632 0.052632 0.052632 0.026316 0.026316 0.026316 0.026316 0.026316 0.026316 0.026316 0.026316 0.026316 0.026316 0.026316 0.026316 0.026316 0.026316 0.026316 0.026316
0.000000 0.212766 0.297872 0.127660 0.021277 0.021277 0.021277 0.021277 0.021277 0.021277 0.021277 0.021277 0.021277 0.021277 0.021277 0.021277 0.021277 0.021277 0.021277 0.021277 0.021277
0.000000 0.000000 0.231884 0.463768 0.072464 0.014493 0.014493 0.014493 0.014493 0.014493 0.014493 0.014493 0.014493 0.014493 0.014493 0.014493 0.014493 0.014493 0.014493 0.014493 0.014493
0.000000 0.000000 0.022472 0.280899 0.483146 0.044944 0.011236 0.011236 0.011236 0.011236 0.011236 0.011236 0.011236 0.011236 0.011236 0.011236 0.011236 0.011236 0.011236 0.011236 0.011236
0.000000 0.000000 0.009434 0.094340 0.283019 0.377358 0.075472 0.028302 0.009434 0.018868 0.009434 0.009434 0.009434 0.009434 0.009434 0.009434 0.009434 0.009434 0.009434 0.009434 0.009434
0.000000 0.000000 0.000000 0.020202 0.040404 0.303030 0.404040 0.101010 0.010101 0.010101 0.010101 0.010101 0.010101 0.010101 0.010101 0.010101 0.010101 0.010101 0.010101 0.010101 0.010101
0.000000 0.000000 0.000000 0.000000 0.009615 0.067308 0.250000 0.471154 0.076923 0.019231 0.009615 0.009615 0.009615 0.009615 0.009615 0.009615 0.009615 0.009615 0.009615 0.009615 0.009615
0.000000 0.000000 0.000000 0.012500 0.025000 0.050000 0.050000 0.262500 0.375000 0.087500 0.012500 0.012500 0.012500 0.012500 0.012500 0.012500 0.012500 0.012500 0.012500 0.012500 0.012500
0.000000 0.000000 0.000000 0.000000 0.000000 0.046154 0.061538 0.030769 0.261538 0.246154 0.184615 0.030769 0.015385 0.015385 0.015385 0.015385 0.015385 0.015385 0.015385 0.015385 0.015385
0.000000 0.000000 0.000000 0.000000 0.000000 0.000000 0.000000 0.023256 0.093023 0.395349 0.139535 0.116279 0.046512 0.023256 0.023256 0.023256 0.023256 0.023256 0.023256 0.023256 0.023256
0.000000 0.000000 0.000000 0.000000 0.000000 0.000000 0.000000 0.000000 0.000000 0.030303 0.303030 0.272727 0.151515 0.030303 0.030303 0.030303 0.030303 0.030303 0.030303 0.030303 0.030303
0.000000 0.000000 0.000000 0.000000 0.000000 0.066667 0.000000 0.000000 0.000000 0.033333 0.033333 0.333333 0.200000 0.066667 0.066667 0.033333 0.033333 0.033333 0.033333 0.033333 0.033333
0.000000 0.000000 0.000000 0.000000 0.000000 0.000000 0.000000 0.000000 0.000000 0.000000 0.055556 0.111111 0.222222 0.222222 0.055556 0.055556 0.055556 0.055556 0.055556 0.055556 0.055556
0.000000 0.000000 0.000000 0.000000 0.000000 0.000000 0.000000 0.000000 0.071429 0.000000 0.142857 0.000000 0.000000 0.142857 0.214286 0.071429 0.071429 0.071429 0.071429 0.071429 0.071429
0.000000 0.000000 0.000000 0.000000 0.000000 0.000000 0.000000 0.111111 0.000000 0.000000 0.000000 0.000000 0.000000 0.000000 0.111111 0.222222 0.111111 0.111111 0.111111 0.111111 0.111111
0.000000 0.000000 0.000000 0.000000 0.000000 0.000000 0.000000 0.000000 0.000000 0.000000 0.000000 0.000000 0.000000 0.000000 0.000000 0.166667 0.166667 0.166667 0.166667 0.166667 0.166667
0.000000 0.000000 0.000000 0.000000 0.000000 0.000000 0.000000 0.000000 0.000000 0.000000 0.000000 0.000000 0.000000 0.000000 0.000000 0.000000 0.200000 0.200000 0.200000 0.200000 0.200000
0.000000 0.000000 0.000000 0.000000 0.000000 0.000000 0.000000 0.000000 0.000000 0.000000 0.000000 0.000000 0.000000 0.000000 0.000000 0.000000 0.000000 0.250000 0.250000 0.250000 0.250000
0.000000 0.000000 0.000000 0.000000 0.000000 0.000000 0.000000 0.000000 0.000000 0.000000 0.000000 0.000000 0.000000 0.000000 0.000000 0.000000 0.000000 0.000000 0.333333 0.333333 0.333333
0.000000 0.000000 0.000000 0.000000 0.000000 0.000000 0.000000 0.000000 0.000000 0.000000 0.000000 0.000000 0.000000 0.000000 0.000000 0.000000 0.000000 0.000000 0.000000 0.500000 0.500000
0.000000 0.000000 0.000000 0.000000 0.000000 0.000000 0.000000 0.000000 0.000000 0.000000 0.000000 0.000000 0.000000 0.000000 0.000000 0.000000 0.000000 0.000000 0.000000 0.000000 1.000000
# New slice
1.000000 0.000000 0.000000 0.000000 0.000000 0.000000 0.000000 0.000000 0.000000 0.000000 0.000000 0.000000 0.000000 0.000000 0.000000 0.000000 0.000000 0.000000 0.000000 0.000000 0.000000
0.714286 0.285714 0.000000 0.000000 0.000000 0.000000 0.000000 0.000000 0.000000 0.000000 0.000000 0.000000 0.000000 0.000000 0.000000 0.000000 0.000000 0.000000 0.000000 0.000000 0.000000
0.125000 0.416667 0.458333 0.000000 0.000000 0.000000 0.000000 0.000000 0.000000 0.000000 0.000000 0.000000 0.000000 0.000000 0.000000 0.000000 0.000000 0.000000 0.000000 0.000000 0.000000
0.044444 0.244444 0.377778 0.333333 0.000000 0.000000 0.000000 0.000000 0.000000 0.000000 0.000000 0.000000 0.000000 0.000000 0.000000 0.000000 0.000000 0.000000 0.000000 0.000000 0.000000
0.021739 0.043478 0.086957 0.369565 0.478261 0.000000 0.000000 0.000000 0.000000 0.000000 0.000000 0.000000 0.000000 0.000000 0.000000 0.000000 0.000000 0.000000 0.000000 0.000000 0.000000
0.018868 0.018868 0.075472 0.150943 0.490566 0.245283 0.000000 0.000000 0.000000 0.000000 0.000000 0.000000 0.000000 0.000000 0.000000 0.000000 0.000000 0.000000 0.000000 0.000000 0.000000
0.021277 0.021277 0.021277 0.106383 0.127660 0.425532 0.276596 0.000000 0.000000 0.000000 0.000000 0.000000 0.000000 0.000000 0.000000 0.000000 0.000000 0.000000 0.000000 0.000000 0.000000
0.022222 0.022222 0.044444 0.088889 0.044444 0.133333 0.422222 0.222222 0.000000 0.000000 0.000000 0.000000 0.000000 0.000000 0.000000 0.000000 0.000000 0.000000 0.000000 0.000000 0.000000
0.027778 0.027778 0.027778 0.027778 0.055556 0.027778 0.194444 0.388889 0.222222 0.000000 0.000000 0.000000 0.000000 0.000000 0.000000 0.000000 0.000000 0.000000 0.000000 0.000000 0.000000
0.025641 0.025641 0.025641 0.025641 0.025641 0.025641 0.051282 0.179487 0.384615 0.230769 0.000000 0.000000 0.000000 0.000000 0.000000 0.000000 0.000000 0.000000 0.000000 0.000000 0.000000
0.047619 0.047619 0.047619 0.047619 0.047619 0.095238 0.047619 0.142857 0.142857 0.238095 0.095238 0.000000 0.000000 0.000000 0.000000 0.000000 0.000000 0.000000 0.000000 0.000000 0.000000
0.043478 0.043478 0.043478 0.043478 0.043478 0.043478 0.043478 0.086957 0.043478 0.173913 0.260870 0.130435 0.000000 0.000000 0.000000 0.000000 0.000000 0.000000 0.000000 0.000000 0.000000
0.037037 0.037037 0.037037 0.037037 0.037037 0.037037 0.037037 0.037037 0.074074 0.037037 0.185185 0.259259 0.148148 0.000000 0.000000 0.000000 0.000000 0.000000 0.000000 0.000000 0.000000
0.055556 0.055556 0.055556 0.055556 0.055556 0.055556 0.111111 0.055556 0.055556 0.055556 0.055556 0.111111 0.055556 0.166667 0.000000 0.000000 0.000000 0.000000 0.000000 0.000000 0.000000
0.055556 0.055556 0.055556 0.055556 0.055556 0.055556 0.055556 0.055556 0.055556 0.055556 0.055556 0.111111 0.111111 0.111111 0.055556 0.000000 0.000000 0.000000 0.000000 0.000000 0.000000
0.058824 0.058824 0.058824 0.058824 0.058824 0.058824 0.058824 0.058824 0.058824 0.058824 0.058824 0.058824 0.058824 0.058824 0.117647 0.058824 0.000000 0.000000 0.000000 0.000000 0.000000
0.058824 0.058824 0.058824 0.058824 0.058824 0.058824 0.058824 0.058824 0.058824 0.058824 0.058824 0.058824 0.058824 0.058824 0.058824 0.058824 0.058824 0.000000 0.000000 0.000000 0.000000
0.055556 0.055556 0.055556 0.055556 0.055556 0.055556 0.055556 0.055556 0.055556 0.055556 0.055556 0.055556 0.055556 0.055556 0.055556 0.055556 0.055556 0.055556 0.000000 0.000000 0.000000
0.052632 0.052632 0.052632 0.052632 0.052632 0.052632 0.052632 0.052632 0.052632 0.052632 0.052632 0.052632 0.052632 0.052632 0.052632 0.052632 0.052632 0.052632 0.052632 0.000000 0.000000
0.050000 0.050000 0.050000 0.050000 0.050000 0.050000 0.050000 0.050000 0.050000 0.050000 0.050000 0.050000 0.050000 0.050000 0.050000 0.050000 0.050000 0.050000 0.050000 0.050000 0.000000
0.047619 0.047619 0.047619 0.047619 0.047619 0.047619 0.047619 0.047619 0.047619 0.047619 0.047619 0.047619 0.047619 0.047619 0.047619 0.047619 0.047619 0.047619 0.047619 0.047619 0.047619
# New slice
0.239130 0.347826 0.021739 0.021739 0.021739 0.021739 0.021739 0.021739 0.021739 0.021739 0.021739 0.021739 0.021739 0.021739 0.021739 0.021739 0.021739 0.021739 0.021739 0.021739 0.021739
0.000000 0.226415 0.320755 0.113208 0.037736 0.018868 0.018868 0.018868 0.018868 0.018868 0.018868 0.018868 0.018868 0.018868 0.018868 0.018868 0.018868 0.018868 0.018868 0.018868 0.018868
0.000000 0.032258 0.338710 0.290323 0.064516 0.032258 0.016129 0.016129 0.016129 0.016129 0.016129 0.016129 0.016129 0.016129 0.016129 0.016129 0.016129 0.016129 0.016129 0.016129 0.016129
0.000000 0.000000 0.045872 0.266055 0.449541 0.100917 0.009174 0.009174 0.009174 0.009174 0.009174 0.009174 0.009174 0.009174 0.009174 0.009174 0.009174 0.009174 0.009174 0.009174 0.009174
0.000000 0.000000 0.016000 0.048000 0.360000 0.360000 0.096000 0.016000 0.008000 0.008000 0.008000 0.008000 0.008000 0.008000 0.008000 0.008000 0.008000 0.008000 0.008000 0.008000 0.008000
0.000000 0.000000 0.009615 0.019231 0.057692 0.298077 0.336538 0.153846 0.009615 0.009615 0.009615 0.009615 0.009615 0.009615 0.009615 0.009615 0.009615 0.009615 0.009615 0.009615 0.009615
0.000000 0.000000 0.000000 0.018692 0.037383 0.028037 0.392523 0.336449 0.074766 0.009346 0.009346 0.009346 0.009346 0.009346 0.009346 0.009346 0.009346 0.009346 0.009346 0.009346 0.009346
0.000000 0.000000 0.000000 0.000000 0.011905 0.023810 0.035714 0.321429 0.369048 0.107143 0.011905 0.011905 0.011905 0.011905 0.011905 0.011905 0.011905 0.011905 0.011905 0.011905 0.011905
0.000000 0.000000 0.000000 0.000000 0.000000 0.015152 0.060606 0.015152 0.333333 0.257576 0.136364 0.045455 0.015152 0.015152 0.015152 0.015152 0.015152 0.015152 0.015152 0.015152 0.015152
0.000000 0.000000 0.000000 0.000000 0.000000 0.043478 0.043478 0.021739 0.043478 0.369565 0.152174 0.130435 0.021739 0.021739 0.021739 0.021739 0.021739 0.021739 0.021739 0.021739 0.021739
0.000000 0.000000 0.000000 0.000000 0.000000 0.023810 0.023810 0.023810 0.000000 0.023810 0.261905 0.357143 0.095238 0.023810 0.023810 0.023810 0.023810 0.023810 0.023810 0.023810 0.023810
0.000000 0.000000 0.000000 0.000000 0.000000 0.000000 0.000000 0.000000 0.029412 0.029412 0.088235 0.323529 0.235294 0.058824 0.058824 0.029412 0.029412 0.029412 0.029412 0.029412 0.029412
0.000000 0.000000 0.000000 0.000000 0.000000 0.000000 0.000000 0.000000 0.000000 0.000000 0.000000 0.066667 0.133333 0.333333 0.066667 0.066667 0.066667 0.066667 0.066667 0.066667 0.066667
0.000000 0.000000 0.000000 0.000000 0.000000 0.000000 0.000000 0.000000 0.000000 0.000000 0.000000 0.000000 0.066667 0.200000 0.333333 0.066667 0.066667 0.066667 0.066667 0.066667 0.066667
0.000000 0.000000 0.000000 0.000000 0.000000 0.000000 0.000000 0.000000 0.100000 0.000000 0.000000 0.000000 0.000000 0.000000 0.200000 0.100000 0.200000 0.100000 0.100000 0.100000 0.100000
0.000000 0.000000 0.000000 0.000000 0.000000 0.000000 0.000000 0.000000 0.000000 0.000000 0.000000 0.000000 0.000000 0.000000 0.000000 0.285714 0.142857 0.142857 0.142857 0.142857 0.142857
0.000000 0.000000 0.000000 0.000000 0.000000 0.000000 0.000000 0.000000 0.000000 0.000000 0.000000 0.000000 0.000000 0.166667 0.000000 0.000000 0.166667 0.166667 0.166667 0.166667 0.166667
0.000000 0.000000 0.000000 0.000000 0.000000 0.000000 0.000000 0.000000 0.000000 0.000000 0.000000 0.000000 0.000000 0.000000 0.000000 0.000000 0.000000 0.250000 0.250000 0.250000 0.250000
0.000000 0.000000 0.000000 0.000000 0.000000 0.000000 0.000000 0.000000 0.000000 0.000000 0.000000 0.000000 0.000000 0.000000 0.000000 0.000000 0.000000 0.000000 0.333333 0.333333 0.333333
0.000000 0.000000 0.000000 0.000000 0.000000 0.000000 0.000000 0.000000 0.000000 0.000000 0.000000 0.000000 0.000000 0.000000 0.000000 0.000000 0.000000 0.000000 0.000000 0.500000 0.500000
0.000000 0.000000 0.000000 0.000000 0.000000 0.000000 0.000000 0.000000 0.000000 0.000000 0.000000 0.000000 0.000000 0.000000 0.000000 0.000000 0.000000 0.000000 0.000000 0.000000 1.000000
# New slice
