# Array shape: (2, 2, 21, 21)
1.000000 0.000000 0.000000 0.000000 0.000000 0.000000 0.000000 0.000000 0.000000 0.000000 0.000000 0.000000 0.000000 0.000000 0.000000 0.000000 0.000000 0.000000 0.000000 0.000000 0.000000
0.625000 0.375000 0.000000 0.000000 0.000000 0.000000 0.000000 0.000000 0.000000 0.000000 0.000000 0.000000 0.000000 0.000000 0.000000 0.000000 0.000000 0.000000 0.000000 0.000000 0.000000
0.153846 0.461538 0.384615 0.000000 0.000000 0.000000 0.000000 0.000000 0.000000 0.000000 0.000000 0.000000 0.000000 0.000000 0.000000 0.000000 0.000000 0.000000 0.000000 0.000000 0.000000
0.083333 0.166667 0.500000 0.250000 0.000000 0.000000 0.000000 0.000000 0.000000 0.000000 0.000000 0.000000 0.000000 0.000000 0.000000 0.000000 0.000000 0.000000 0.000000 0.000000 0.000000
0.026316 0.026316 0.210526 0.447368 0.289474 0.000000 0.000000 0.000000 0.000000 0.000000 0.000000 0.000000 0.000000 0.000000 0.000000 0.000000 0.000000 0.000000 0.000000 0.000000 0.000000
0.023810 0.023810 0.047619 0.095238 0.500000 0.309524 0.000000 0.000000 0.000000 0.000000 0.000000 0.000000 0.000000 0.000000 0.000000 0.000000 0.000000 0.000000 0.000000 0.000000 0.000000
0.023810 0.023810 0.023810 0.047619 0.142857 0.357143 0.380952 0.000000 0.000000 0.000000 0.000000 0.000000 0.000000 0.000000 0.000000 0.000000 0.000000 0.000000 0.000000 0.000000 0.000000
0.015625 0.015625 0.015625 0.015625 0.031250 0.171875 0.375000 0.359375 0.000000 0.000000 0.000000 0.000000 0.000000 0.000000 0.000000 0.000000 0.000000 0.000000 0.000000 0.000000 0.000000
0.016129 0.016129 0.016129 0.016129 0.048387 0.064516 0.225806 0.403226 0.193548 0.000000 0.000000 0.000000 0.000000 0.000000 0.000000 0.000000 0.000000 0.000000 0.000000 0.000000 0.000000
0.022727 0.022727 0.022727 0.022727 0.022727 0.045455 0.022727 0.227273 0.431818 0.159091 0.000000 0.000000 0.000000 0.000000 0.000000 0.000000 0.000000 0.000000 0.000000 0.000000 0.000000
0.018182 0.018182 0.018182 0.018182 0.018182 0.018182 0.036364 0.090909 0.145455 0.381818 0.236364 0.000000 0.000000 0.000000 0.000000 0.000000 0.000000 0.000000 0.000000 0.000000 0.000000
0.024390 0.024390 0.024390 0.024390 0.024390 0.024390 0.024390 0.048780 0.121951 0.219512 0.292683 0.146341 0.000000 0.000000 0.000000 0.000000 0.000000 0.000000 0.000000 0.000000 0.000000
0.033333 0.033333 0.033333 0.033333 0.033333 0.033333 0.033333 0.033333 0.033333 0.066667 0.166667 0.366667 0.100000 0.000000 0.000000 0.000000 0.000000 0.000000 0.000000 0.000000 0.000000
0.043478 0.043478 0.043478 0.043478 0.043478 0.043478 0.043478 0.043478 0.043478 0.086957 0.130435 0.173913 0.086957 0.130435 0.000000 0.000000 0.000000 0.000000 0.000000 0.000000 0.000000
0.055556 0.055556 0.055556 0.055556 0.055556 0.055556 0.055556 0.055556 0.055556 0.055556 0.055556 0.055556 0.055556 0.166667 0.111111 0.000000 0.000000 0.000000 0.000000 0.000000 0.000000
0.047619 0.047619 0.047619 0.047619 0.047619 0.047619 0.047619 0.047619 0.047619 0.047619 0.047619 0.047619 0.095238 0.047619 0.142857 0.142857 0.000000 0.000000 0.000000 0.000000 0.000000
0.058824 0.058824 0.058824 0.058824 0.058824 0.058824 0.058824 0.058824 0.058824 0.058824 0.058824 0.058824 0.058824 0.058824 0.058824 0.058824 0.058824 0.000000 0.000000 0.000000 0.000000
0.055556 0.055556 0.055556 0.055556 0.055556 0.055556 0.055556 0.055556 0.055556 0.055556 0.055556 0.055556 0.055556 0.055556 0.055556 0.055556 0.055556 0.055556 0.000000 0.000000 0.000000
0.052632 0.052632 0.052632 0.052632 0.052632 0.052632 0.052632 0.052632 0.052632 0.052632 0.052632 0.052632 0.052632 0.052632 0.052632 0.052632 0.052632 0.052632 0.052632 0.000000 0.000000
0.050000 0.050000 0.050000 0.050000 0.050000 0.050000 0.050000 0.050000 0.050000 0.050000 0.050000 0.050000 0.050000 0.050000 0.050000 0.050000 0.050000 0.050000 0.050000 0.050000 0.000000
0.047619 0.047619 0.047619 0.047619 0.047619 0.047619 0.047619 0.047619 0.047619 0.047619 0.047619 0.047619 0.047619 0.047619 0.047619 0.047619 0.047619 0.047619 0.047619 0.047619 0.047619
# New slice
0.242424 0.181818 0.030303 0.030303 0.030303 0.030303 0.030303 0.030303 0.030303 0.030303 0.030303 0.030303 0.030303 0.030303 0.030303 0.030303 0.030303 0.030303 0.030303 0.030303 0.030303
0.000000 0.068966 0.310345 0.034483 0.034483 0.034483 0.034483 0.034483 0.034483 0.034483 0.034483 0.034483 0.034483 0.034483 0.034483 0.034483 0.034483 0.034483 0.034483 0.034483 0.034483
0.000000 0.000000 0.244898 0.285714 0.122449 0.040816 0.020408 0.020408 0.020408 0.020408 0.020408 0.020408 0.020408 0.020408 0.020408 0.020408 0.020408 0.020408 0.020408 0.020408 0.020408
0.000000 0.000000 0.000000 0.250000 0.383333 0.116667 0.016667 0.016667 0.016667 0.016667 0.016667 0.016667 0.016667 0.016667 0.016667 0.016667 0.016667 0.016667 0.016667 0.016667 0.016667
0.000000 0.000000 0.000000 0.041096 0.369863 0.260274 0.136986 0.013699 0.013699 0.013699 0.013699 0.013699 0.013699 0.013699 0.013699 0.013699 0.013699 0.013699 0.013699 0.013699 0.013699
0.000000 0.000000 0.000000 0.000000 0.010989 0.406593 0.362637 0.043956 0.032967 0.021978 0.010989 0.010989 0.010989 0.010989 0.010989 0.010989 0.010989 0.010989 0.010989 0.010989 0.010989
0.000000 0.000000 0.000000 0.000000 0.000000 0.078261 0.321739 0.391304 0.069565 0.043478 0.008696 0.008696 0.008696 0.008696 0.008696 0.008696 0.008696 0.008696 0.008696 0.008696 0.008696
0.000000 0.000000 0.000000 0.000000 0.000000 0.006849 0.047945 0.431507 0.369863 0.061644 0.013699 0.006849 0.006849 0.006849 0.006849 0.006849 0.006849 0.006849 0.006849 0.006849 0.006849
0.000000 0.000000 0.000000 0.000000 0.000000 0.000000 0.032258 0.096774 0.298387 0.306452 0.169355 0.016129 0.016129 0.008065 0.008065 0.008065 0.008065 0.008065 0.008065 0.008065 0.008065
0.000000 0.000000 0.000000 0.000000 0.000000 0.000000 0.000000 0.017857 0.053571 0.357143 0.294643 0.160714 0.044643 0.008929 0.008929 0.008929 0.008929 0.008929 0.008929 0.008929 0.008929
0.000000 0.000000 0.000000 0.000000 0.000000 0.000000 0.013514 0.013514 0.054054 0.081081 0.391892 0.283784 0.054054 0.013514 0.013514 0.013514 0.013514 0.013514 0.013514 0.013514 0.013514
0.000000 0.000000 0.000000 0.000000 0.000000 0.000000 0.000000 0.000000 0.000000 0.019608 0.078431 0.215686 0.431373 0.117647 0.019608 0.019608 0.019608 0.019608 0.019608 0.019608 0.019608
0.000000 0.000000 0.000000 0.000000 0.000000 0.000000 0.000000 0.000000 0.000000 0.000000 0.029412 0.176471 0.264706 0.235294 0.117647 0.029412 0.029412 0.029412 0.029412 0.029412 0.029412
0.000000 0.000000 0.000000 0.000000 0.000000 0.000000 0.000000 0.000000 0.000000 0.000000 0.040000 0.080000 0.160000 0.240000 0.200000 0.080000 0.040000 0.040000 0.040000 0.040000 0.040000
0.000000 0.000000 0.000000 0.000000 0.000000 0.000000 0.000000 0.000000 0.000000 0.000000 0.000000 0.100000 0.000000 0.000000 0.300000 0.350000 0.050000 0.050000 0.050000 0.050000 0.050000
0.000000 0.000000 0.000000 0.000000 0.000000 0.000000 0.000000 0.000000 0.000000 0.000000 0.000000 0.000000 0.000000 0.000000 0.000000 0.166667 0.166667 0.166667 0.166667 0.166667 0.166667
0.000000 0.000000 0.000000 0.000000 0.000000 0.000000 0.000000 0.000000 0.000000 0.000000 0.000000 0.000000 0.000000 0.000000 0.000000 0.000000 0.200000 0.200000 0.200000 0.200000 0.200000
0.000000 0.000000 0.000000 0.000000 0.000000 0.000000 0.000000 0.000000 0.000000 0.000000 0.000000 0.000000 0.000000 0.000000 0.000000 0.000000 0.000000 0.250000 0.250000 0.250000 0.250000
0.000000 0.000000 0.000000 0.000000 0.000000 0.000000 0.000000 0.000000 0.000000 0.000000 0.000000 0.000000 0.000000 0.000000 0.000000 0.000000 0.000000 0.000000 0.333333 0.333333 0.333333
0.000000 0.000000 0.000000 0.000000 0.000000 0.000000 0.000000 0.000000 0.000000 0.000000 0.000000 0.000000 0.000000 0.000000 0.000000 0.000000 0.000000 0.000000 0.000000 0.500000 0.500000
0.000000 0.000000 0.000000 0.000000 0.000000 0.000000 0.000000 0.000000 0.000000 0.000000 0.000000 0.000000 0.000000 0.000000 0.000000 0.000000 0.000000 0.000000 0.000000 0.000000 1.000000
# New slice
1.000000 0.000000 0.000000 0.000000 0.000000 0.000000 0.000000 0.000000 0.000000 0.000000 0.000000 0.000000 0.000000 0.000000 0.000000 0.000000 0.000000 0.000000 0.000000 0.000000 0.000000
0.666667 0.333333 0.000000 0.000000 0.000000 0.000000 0.000000 0.000000 0.000000 0.000000 0.000000 0.000000 0.000000 0.000000 0.000000 0.000000 0.000000 0.000000 0.000000 0.000000 0.000000
0.200000 0.300000 0.500000 0.000000 0.000000 0.000000 0.000000 0.000000 0.000000 0.000000 0.000000 0.000000 0.000000 0.000000 0.000000 0.000000 0.000000 0.000000 0.000000 0.000000 0.000000
0.095238 0.190476 0.428571 0.285714 0.000000 0.000000 0.000000 0.000000 0.000000 0.000000 0.000000 0.000000 0.000000 0.000000 0.000000 0.000000 0.000000 0.000000 0.000000 0.000000 0.000000
0.071429 0.142857 0.142857 0.357143 0.285714 0.000000 0.000000 0.000000 0.000000 0.000000 0.000000 0.000000 0.000000 0.000000 0.000000 0.000000 0.000000 0.000000 0.000000 0.000000 0.000000
0.038462 0.038462 0.153846 0.192308 0.269231 0.307692 0.000000 0.000000 0.000000 0.000000 0.000000 0.000000 0.000000 0.000000 0.000000 0.000000 0.000000 0.000000 0.000000 0.000000 0.000000
0.029412 0.029412 0.029412 0.088235 0.176471 0.441176 0.205882 0.000000 0.000000 0.000000 0.000000 0.000000 0.000000 0.000000 0.000000 0.000000 0.000000 0.000000 0.000000 0.000000 0.000000
0.024390 0.024390 0.024390 0.024390 0.024390 0.243902 0.439024 0.195122 0.000000 0.000000 0.000000 0.000000 0.000000 0.000000 0.000000 0.000000 0.000000 0.000000 0.000000 0.000000 0.000000
0.020000 0.020000 0.020000 0.020000 0.020000 0.040000 0.180000 0.480000 0.200000 0.000000 0.000000 0.000000 0.000000 0.000000 0.000000 0.000000 0.000000 0.000000 0.000000 0.000000 0.000000
0.023256 0.023256 0.023256 0.023256 0.023256 0.046512 0.069767 0.255814 0.372093 0.139535 0.000000 0.000000 0.000000 0.000000 0.000000 0.000000 0.000000 0.000000 0.000000 0.000000 0.000000
0.020408 0.020408 0.020408 0.020408 0.020408 0.020408 0.020408 0.040816 0.224490 0.346939 0.244898 0.000000 0.000000 0.000000 0.000000 0.000000 0.000000 0.000000 0.000000 0.000000 0.000000
0.031250 0.031250 0.031250 0.031250 0.031250 0.031250 0.031250 0.062500 0.062500 0.156250 0.250000 0.250000 0.000000 0.000000 0.000000 0.000000 0.000000 0.000000 0.000000 0.000000 0.000000
0.047619 0.047619 0.047619 0.047619 0.047619 0.047619 0.047619 0.047619 0.047619 0.142857 0.047619 0.285714 0.095238 0.000000 0.000000 0.000000 0.000000 0.000000 0.000000 0.000000 0.000000
0.071429 0.071429 0.071429 0.071429 0.071429 0.071429 0.071429 0.071429 0.071429 0.071429 0.071429 0.071429 0.071429 0.071429 0.000000 0.000000 0.000000 0.000000 0.000000 0.000000 0.000000
0.058824 0.058824 0.058824 0.058824 0.058824 0.058824 0.058824 0.058824 0.058824 0.058824 0.117647 0.058824 0.117647 0.058824 0.058824 0.000000 0.000000 0.000000 0.000000 0.000000 0.000000
0.041667 0.041667 0.041667 0.041667 0.041667 0.041667 0.041667 0.041667 0.041667 0.041667 0.041667 0.083333 0.083333 0.166667 0.083333 0.125000 0.000000 0.000000 0.000000 0.000000 0.000000
0.058824 0.058824 0.058824 0.058824 0.058824 0.058824 0.058824 0.058824 0.058824 0.058824 0.058824 0.058824 0.058824 0.058824 0.058824 0.058824 0.058824 0.000000 0.000000 0.000000 0.000000
0.055556 0.055556 0.055556 0.055556 0.055556 0.055556 0.055556 0.055556 0.055556 0.055556 0.055556 0.055556 0.055556 0.055556 0.055556 0.055556 0.055556 0.055556 0.000000 0.000000 0.000000
0.052632 0.052632 0.052632 0.052632 0.052632 0.052632 0.052632 0.052632 0.052632 0.052632 0.052632 0.052632 0.052632 0.052632 0.052632 0.052632 0.052632 0.052632 0.052632 0.000000 0.000000
0.050000 0.050000 0.050000 0.050000 0.050000 0.050000 0.050000 0.050000 0.050000 0.050000 0.050000 0.050000 0.050000 0.050000 0.050000 0.050000 0.050000 0.050000 0.050000 0.050000 0.000000
0.047619 0.047619 0.047619 0.047619 0.047619 0.047619 0.047619 0.047619 0.047619 0.047619 0.047619 0.047619 0.047619 0.047619 0.047619 0.047619 0.047619 0.047619 0.047619 0.047619 0.047619
# New slice
0.148148 0.111111 0.074074 0.037037 0.037037 0.037037 0.037037 0.037037 0.037037 0.037037 0.037037 0.037037 0.037037 0.037037 0.037037 0.037037 0.037037 0.037037 0.037037 0.037037 0.037037
0.000000 0.074074 0.185185 0.111111 0.037037 0.037037 0.037037 0.037037 0.037037 0.037037 0.037037 0.037037 0.037037 0.037037 0.037037 0.037037 0.037037 0.037037 0.037037 0.037037 0.037037
0.000000 0.000000 0.194444 0.250000 0.111111 0.027778 0.027778 0.027778 0.027778 0.027778 0.027778 0.027778 0.027778 0.027778 0.027778 0.027778 0.027778 0.027778 0.027778 0.027778 0.027778
0.000000 0.000000 0.000000 0.360000 0.240000 0.100000 0.020000 0.020000 0.020000 0.020000 0.020000 0.020000 0.020000 0.020000 0.020000 0.020000 0.020000 0.020000 0.020000 0.020000 0.020000
0.000000 0.000000 0.016129 0.080645 0.338710 0.258065 0.064516 0.032258 0.016129 0.016129 0.016129 0.016129 0.016129 0.016129 0.016129 0.016129 0.016129 0.016129 0.016129 0.016129 0.016129
0.000000 0.000000 0.000000 0.000000 0.035294 0.329412 0.270588 0.164706 0.058824 0.011765 0.011765 0.011765 0.011765 0.011765 0.011765 0.011765 0.011765 0.011765 0.011765 0.011765 0.011765
0.000000 0.000000 0.000000 0.000000 0.000000 0.103448 0.344828 0.287356 0.126437 0.011494 0.011494 0.011494 0.011494 0.011494 0.011494 0.011494 0.011494 0.011494 0.011494 0.011494 0.011494
0.000000 0.000000 0.000000 0.000000 0.000000 0.018868 0.028302 0.367925 0.386792 0.075472 0.028302 0.009434 0.009434 0.009434 0.009434 0.009434 0.009434 0.009434 0.009434 0.009434 0.009434
0.000000 0.000000 0.000000 0.000000 0.000000 0.000000 0.027778 0.111111 0.263889 0.319444 0.097222 0.055556 0.013889 0.013889 0.013889 0.013889 0.013889 0.013889 0.013889 0.013889 0.013889
0.000000 0.000000 0.000000 0.000000 0.000000 0.000000 0.016667 0.050000 0.133333 0.333333 0.233333 0.066667 0.016667 0.033333 0.016667 0.016667 0.016667 0.016667 0.016667 0.016667 0.016667
0.000000 0.000000 0.000000 0.000000 0.000000 0.000000 0.000000 0.000000 0.028571 0.142857 0.342857 0.200000 0.057143 0.028571 0.028571 0.028571 0.028571 0.028571 0.028571 0.028571 0.028571
0.000000 0.000000 0.000000 0.000000 0.000000 0.000000 0.000000 0.000000 0.000000 0.052632 0.026316 0.289474 0.342105 0.078947 0.052632 0.026316 0.026316 0.026316 0.026316 0.026316 0.026316
0.000000 0.000000 0.000000 0.000000 0.000000 0.000000 0.000000 0.000000 0.000000 0.000000 0.041667 0.291667 0.208333 0.125000 0.083333 0.041667 0.041667 0.041667 0.041667 0.041667 0.041667
0.000000 0.000000 0.000000 0.000000 0.000000 0.000000 0.000000 0.000000 0.000000 0.000000 0.000000 0.000000 0.000000 0.214286 0.285714 0.142857 0.071429 0.071429 0.071429 0.071429 0.071429
0.000000 0.000000 0.000000 0.000000 0.000000 0.000000 0.000000 0.000000 0.000000 0.076923 0.000000 0.000000 0.000000 0.076923 0.307692 0.153846 0.076923 0.076923 0.076923 0.076923 0.076923
0.000000 0.000000 0.000000 0.000000 0.000000 0.000000 0.000000 0.000000 0.000000 0.000000 0.000000 0.000000 0.000000 0.000000 0.000000 0.166667 0.166667 0.166667 0.166667 0.166667 0.166667
0.000000 0.000000 0.000000 0.000000 0.000000 0.000000 0.000000 0.000000 0.000000 0.000000 0.000000 0.000000 0.000000 0.000000 0.000000 0.000000 0.200000 0.200000 0.200000 0.200000 0.200000
0.000000 0.000000 0.000000 0.000000 0.000000 0.000000 0.000000 0.000000 0.000000 0.000000 0.000000 0.000000 0.000000 0.000000 0.000000 0.000000 0.000000 0.250000 0.250000 0.250000 0.250000
0.000000 0.000000 0.000000 0.000000 0.000000 0.000000 0.000000 0.000000 0.000000 0.000000 0.000000 0.000000 0.000000 0.000000 0.000000 0.000000 0.000000 0.000000 0.333333 0.333333 0.333333
0.000000 0.000000 0.000000 0.000000 0.000000 0.000000 0.000000 0.000000 0.000000 0.000000 0.000000 0.000000 0.000000 0.000000 0.000000 0.000000 0.000000 0.000000 0.000000 0.500000 0.500000
0.000000 0.000000 0.000000 0.000000 0.000000 0.000000 0.000000 0.000000 0.000000 0.000000 0.000000 0.000000 0.000000 0.000000 0.000000 0.000000 0.000000 0.000000 0.000000 0.000000 1.000000
# New slice
