# Array shape: (2, 2, 21, 21)
1.000000 0.000000 0.000000 0.000000 0.000000 0.000000 0.000000 0.000000 0.000000 0.000000 0.000000 0.000000 0.000000 0.000000 0.000000 0.000000 0.000000 0.000000 0.000000 0.000000 0.000000
0.600000 0.400000 0.000000 0.000000 0.000000 0.000000 0.000000 0.000000 0.000000 0.000000 0.000000 0.000000 0.000000 0.000000 0.000000 0.000000 0.000000 0.000000 0.000000 0.000000 0.000000
0.166667 0.500000 0.333333 0.000000 0.000000 0.000000 0.000000 0.000000 0.000000 0.000000 0.000000 0.000000 0.000000 0.000000 0.000000 0.000000 0.000000 0.000000 0.000000 0.000000 0.000000
0.052632 0.157895 0.421053 0.368421 0.000000 0.000000 0.000000 0.000000 0.000000 0.000000 0.000000 0.000000 0.000000 0.000000 0.000000 0.000000 0.000000 0.000000 0.000000 0.000000 0.000000
0.033333 0.066667 0.166667 0.366667 0.366667 0.000000 0.000000 0.000000 0.000000 0.000000 0.000000 0.000000 0.000000 0.000000 0.000000 0.000000 0.000000 0.000000 0.000000 0.000000 0.000000
0.029412 0.029412 0.058824 0.205882 0.470588 0.205882 0.000000 0.000000 0.000000 0.000000 0.000000 0.000000 0.000000 0.000000 0.000000 0.000000 0.000000 0.000000 0.000000 0.000000 0.000000
0.024390 0.024390 0.024390 0.073171 0.146341 0.414634 0.292683 0.000000 0.000000 0.000000 0.000000 0.000000 0.000000 0.000000 0.000000 0.000000 0.000000 0.000000 0.000000 0.000000 0.000000
0.016667 0.016667 0.016667 0.016667 0.050000 0.100000 0.500000 0.283333 0.000000 0.000000 0.000000 0.000000 0.000000 0.000000 0.000000 0.000000 0.000000 0.000000 0.000000 0.000000 0.000000
0.021277 0.021277 0.021277 0.021277 0.021277 0.063830 0.255319 0.382979 0.191489 0.000000 0.000000 0.000000 0.000000 0.000000 0.000000 0.000000 0.000000 0.000000 0.000000 0.000000 0.000000
0.024390 0.024390 0.024390 0.024390 0.024390 0.024390 0.048780 0.268293 0.268293 0.268293 0.000000 0.000000 0.000000 0.000000 0.000000 0.000000 0.000000 0.000000 0.000000 0.000000 0.000000
0.017544 0.017544 0.017544 0.017544 0.017544 0.017544 0.035088 0.087719 0.105263 0.421053 0.245614 0.000000 0.000000 0.000000 0.000000 0.000000 0.000000 0.000000 0.000000 0.000000 0.000000
0.018519 0.018519 0.018519 0.018519 0.018519 0.018519 0.037037 0.055556 0.055556 0.203704 0.333333 0.203704 0.000000 0.000000 0.000000 0.000000 0.000000 0.000000 0.000000 0.000000 0.000000
0.032258 0.032258 0.032258 0.032258 0.032258 0.032258 0.032258 0.064516 0.064516 0.129032 0.193548 0.193548 0.129032 0.000000 0.000000 0.000000 0.000000 0.000000 0.000000 0.000000 0.000000
0.037037 0.037037 0.037037 0.037037 0.037037 0.037037 0.037037 0.037037 0.037037 0.074074 0.111111 0.074074 0.185185 0.222222 0.000000 0.000000 0.000000 0.000000 0.000000 0.000000 0.000000
0.058824 0.058824 0.058824 0.058824 0.058824 0.058824 0.058824 0.058824 0.058824 0.058824 0.058824 0.117647 0.117647 0.058824 0.058824 0.000000 0.000000 0.000000 0.000000 0.000000 0.000000
0.062500 0.062500 0.062500 0.062500 0.062500 0.062500 0.062500 0.062500 0.062500 0.062500 0.062500 0.062500 0.062500 0.062500 0.062500 0.062500 0.000000 0.000000 0.000000 0.000000 0.000000
0.052632 0.052632 0.052632 0.052632 0.052632 0.052632 0.052632 0.052632 0.052632 0.052632 0.052632 0.052632 0.052632 0.052632 0.052632 0.052632 0.157895 0.000000 0.000000 0.000000 0.000000
0.055556 0.055556 0.055556 0.055556 0.055556 0.055556 0.055556 0.055556 0.055556 0.055556 0.055556 0.055556 0.055556 0.055556 0.055556 0.055556 0.055556 0.055556 0.000000 0.000000 0.000000
0.052632 0.052632 0.052632 0.052632 0.052632 0.052632 0.052632 0.052632 0.052632 0.052632 0.052632 0.052632 0.052632 0.052632 0.052632 0.052632 0.052632 0.052632 0.052632 0.000000 0.000000
0.050000 0.050000 0.050000 0.050000 0.050000 0.050000 0.050000 0.050000 0.050000 0.050000 0.050000 0.050000 0.050000 0.050000 0.050000 0.050000 0.050000 0.050000 0.050000 0.050000 0.000000
0.047619 0.047619 0.047619 0.047619 0.047619 0.047619 0.047619 0.047619 0.047619 0.047619 0.047619 0.047619 0.047619 0.047619 0.047619 0.047619 0.047619 0.047619 0.047619 0.047619 0.047619
# New slice
0.172414 0.172414 0.034483 0.034483 0.034483 0.034483 0.034483 0.034483 0.034483 0.034483 0.034483 0.034483 0.034483 0.034483 0.034483 0.034483 0.034483 0.034483 0.034483 0.034483 0.034483
0.000000 0.135135 0.351351 0.054054 0.027027 0.027027 0.027027 0.027027 0.027027 0.027027 0.027027 0.027027 0.027027 0.027027 0.027027 0.027027 0.027027 0.027027 0.027027 0.027027 0.027027
0.000000 0.000000 0.170732 0.292683 0.121951 0.024390 0.048780 0.024390 0.024390 0.024390 0.024390 0.024390 0.024390 0.024390 0.024390 0.024390 0.024390 0.024390 0.024390 0.024390 0.024390
0.000000 0.000000 0.000000 0.235294 0.426471 0.117647 0.014706 0.014706 0.014706 0.014706 0.014706 0.014706 0.014706 0.014706 0.014706 0.014706 0.014706 0.014706 0.014706 0.014706 0.014706
0.000000 0.000000 0.000000 0.064516 0.365591 0.322581 0.086022 0.021505 0.010753 0.010753 0.010753 0.010753 0.010753 0.010753 0.010753 0.010753 0.010753 0.010753 0.010753 0.010753 0.010753
0.000000 0.000000 0.000000 0.000000 0.064220 0.284404 0.440367 0.091743 0.009174 0.009174 0.009174 0.009174 0.009174 0.009174 0.009174 0.009174 0.009174 0.009174 0.009174 0.009174 0.009174
0.000000 0.000000 0.000000 0.000000 0.007463 0.037313 0.395522 0.380597 0.074627 0.022388 0.007463 0.007463 0.007463 0.007463 0.007463 0.007463 0.007463 0.007463 0.007463 0.007463 0.007463
0.000000 0.000000 0.000000 0.000000 0.000000 0.022727 0.090909 0.284091 0.375000 0.102273 0.011364 0.011364 0.011364 0.011364 0.011364 0.011364 0.011364 0.011364 0.011364 0.011364 0.011364
0.000000 0.000000 0.000000 0.000000 0.000000 0.000000 0.019231 0.076923 0.375000 0.326923 0.086538 0.028846 0.009615 0.009615 0.009615 0.009615 0.009615 0.009615 0.009615 0.009615 0.009615
0.000000 0.000000 0.000000 0.000000 0.000000 0.000000 0.000000 0.000000 0.076271 0.296610 0.389831 0.152542 0.016949 0.008475 0.008475 0.008475 0.008475 0.008475 0.008475 0.008475 0.008475
0.000000 0.000000 0.000000 0.000000 0.000000 0.000000 0.000000 0.000000 0.010638 0.085106 0.404255 0.276596 0.106383 0.042553 0.010638 0.010638 0.010638 0.010638 0.010638 0.010638 0.010638
0.000000 0.000000 0.000000 0.000000 0.000000 0.000000 0.000000 0.000000 0.000000 0.078125 0.078125 0.359375 0.218750 0.156250 0.015625 0.015625 0.015625 0.015625 0.015625 0.015625 0.015625
0.000000 0.000000 0.000000 0.000000 0.000000 0.000000 0.000000 0.000000 0.000000 0.000000 0.050000 0.075000 0.275000 0.300000 0.150000 0.025000 0.025000 0.025000 0.025000 0.025000 0.025000
0.000000 0.000000 0.000000 0.000000 0.000000 0.000000 0.000000 0.000000 0.000000 0.000000 0.000000 0.090909 0.136364 0.181818 0.136364 0.227273 0.045455 0.045455 0.045455 0.045455 0.045455
0.000000 0.000000 0.000000 0.000000 0.000000 0.000000 0.000000 0.000000 0.000000 0.000000 0.000000 0.000000 0.000000 0.000000 0.111111 0.222222 0.222222 0.111111 0.111111 0.111111 0.111111
0.000000 0.000000 0.000000 0.000000 0.000000 0.000000 0.000000 0.000000 0.000000 0.000000 0.000000 0.000000 0.200000 0.000000 0.000000 0.100000 0.300000 0.100000 0.100000 0.100000 0.100000
0.000000 0.000000 0.000000 0.000000 0.000000 0.000000 0.000000 0.000000 0.000000 0.000000 0.000000 0.000000 0.000000 0.000000 0.000000 0.000000 0.200000 0.200000 0.200000 0.200000 0.200000
0.000000 0.000000 0.000000 0.000000 0.000000 0.000000 0.000000 0.000000 0.000000 0.000000 0.000000 0.000000 0.000000 0.000000 0.000000 0.000000 0.000000 0.250000 0.250000 0.250000 0.250000
0.000000 0.000000 0.000000 0.000000 0.000000 0.000000 0.000000 0.000000 0.000000 0.000000 0.000000 0.000000 0.000000 0.000000 0.000000 0.000000 0.000000 0.000000 0.333333 0.333333 0.333333
0.000000 0.000000 0.000000 0.000000 0.000000 0.000000 0.000000 0.000000 0.000000 0.000000 0.000000 0.000000 0.000000 0.000000 0.000000 0.000000 0.000000 0.000000 0.000000 0.500000 0.500000
0.000000 0.000000 0.000000 0.000000 0.000000 0.000000 0.000000 0.000000 0.000000 0.000000 0.000000 0.000000 0.000000 0.000000 0.000000 0.000000 0.000000 0.000000 0.000000 0.000000 1.000000
# New slice
1.000000 0.000000 0.000000 0.000000 0.000000 0.000000 0.000000 0.000000 0.000000 0.000000 0.000000 0.000000 0.000000 0.000000 0.000000 0.000000 0.000000 0.000000 0.000000 0.000000 0.000000
0.500000 0.500000 0.000000 0.000000 0.000000 0.000000 0.000000 0.000000 0.000000 0.000000 0.000000 0.000000 0.000000 0.000000 0.000000 0.000000 0.000000 0.000000 0.000000 0.000000 0.000000
0.200000 0.600000 0.200000 0.000000 0.000000 0.000000 0.000000 0.000000 0.000000 0.000000 0.000000 0.000000 0.000000 0.000000 0.000000 0.000000 0.000000 0.000000 0.000000 0.000000 0.000000
0.041667 0.166667 0.458333 0.333333 0.000000 0.000000 0.000000 0.000000 0.000000 0.000000 0.000000 0.000000 0.000000 0.000000 0.000000 0.000000 0.000000 0.000000 0.000000 0.000000 0.000000
0.040000 0.080000 0.160000 0.400000 0.320000 0.000000 0.000000 0.000000 0.000000 0.000000 0.000000 0.000000 0.000000 0.000000 0.000000 0.000000 0.000000 0.000000 0.000000 0.000000 0.000000
0.037037 0.037037 0.037037 0.148148 0.481481 0.259259 0.000000 0.000000 0.000000 0.000000 0.000000 0.000000 0.000000 0.000000 0.000000 0.000000 0.000000 0.000000 0.000000 0.000000 0.000000
0.018868 0.018868 0.018868 0.056604 0.150943 0.452830 0.283019 0.000000 0.000000 0.000000 0.000000 0.000000 0.000000 0.000000 0.000000 0.000000 0.000000 0.000000 0.000000 0.000000 0.000000
0.026316 0.026316 0.026316 0.052632 0.078947 0.157895 0.447368 0.184211 0.000000 0.000000 0.000000 0.000000 0.000000 0.000000 0.000000 0.000000 0.000000 0.000000 0.000000 0.000000 0.000000
0.030303 0.030303 0.030303 0.030303 0.030303 0.090909 0.181818 0.303030 0.272727 0.000000 0.000000 0.000000 0.000000 0.000000 0.000000 0.000000 0.000000 0.000000 0.000000 0.000000 0.000000
0.028571 0.028571 0.028571 0.028571 0.028571 0.028571 0.085714 0.171429 0.314286 0.257143 0.000000 0.000000 0.000000 0.000000 0.000000 0.000000 0.000000 0.000000 0.000000 0.000000 0.000000
0.027027 0.027027 0.027027 0.027027 0.027027 0.027027 0.027027 0.054054 0.135135 0.486486 0.135135 0.000000 0.000000 0.000000 0.000000 0.000000 0.000000 0.000000 0.000000 0.000000 0.000000
0.027027 0.027027 0.027027 0.027027 0.027027 0.027027 0.027027 0.027027 0.054054 0.216216 0.378378 0.135135 0.000000 0.000000 0.000000 0.000000 0.000000 0.000000 0.000000 0.000000 0.000000
0.035714 0.035714 0.035714 0.035714 0.035714 0.035714 0.035714 0.035714 0.035714 0.178571 0.107143 0.250000 0.142857 0.000000 0.000000 0.000000 0.000000 0.000000 0.000000 0.000000 0.000000
0.043478 0.043478 0.043478 0.043478 0.043478 0.043478 0.043478 0.086957 0.043478 0.043478 0.130435 0.130435 0.173913 0.086957 0.000000 0.000000 0.000000 0.000000 0.000000 0.000000 0.000000
0.052632 0.052632 0.052632 0.052632 0.052632 0.052632 0.052632 0.052632 0.052632 0.052632 0.052632 0.052632 0.157895 0.105263 0.105263 0.000000 0.000000 0.000000 0.000000 0.000000 0.000000
0.055556 0.055556 0.055556 0.055556 0.055556 0.055556 0.055556 0.055556 0.055556 0.055556 0.055556 0.055556 0.111111 0.111111 0.055556 0.055556 0.000000 0.000000 0.000000 0.000000 0.000000
0.047619 0.047619 0.047619 0.047619 0.047619 0.047619 0.047619 0.047619 0.047619 0.047619 0.047619 0.047619 0.095238 0.142857 0.047619 0.095238 0.047619 0.000000 0.000000 0.000000 0.000000
0.055556 0.055556 0.055556 0.055556 0.055556 0.055556 0.055556 0.055556 0.055556 0.055556 0.055556 0.055556 0.055556 0.055556 0.055556 0.055556 0.055556 0.055556 0.000000 0.000000 0.000000
0.052632 0.052632 0.052632 0.052632 0.052632 0.052632 0.052632 0.052632 0.052632 0.052632 0.052632 0.052632 0.052632 0.052632 0.052632 0.052632 0.052632 0.052632 0.052632 0.000000 0.000000
0.050000 0.050000 0.050000 0.050000 0.050000 0.050000 0.050000 0.050000 0.050000 0.050000 0.050000 0.050000 0.050000 0.050000 0.050000 0.050000 0.050000 0.050000 0.050000 0.050000 0.000000
0.047619 0.047619 0.047619 0.047619 0.047619 0.047619 0.047619 0.047619 0.047619 0.047619 0.047619 0.047619 0.047619 0.047619 0.047619 0.047619 0.047619 0.047619 0.047619 0.047619 0.047619
# New slice
0.086957 0.086957 0.043478 0.043478 0.043478 0.043478 0.043478 0.043478 0.043478 0.043478 0.043478 0.043478 0.043478 0.043478 0.043478 0.043478 0.043478 0.043478 0.043478 0.043478 0.043478
0.000000 0.193548 0.161290 0.096774 0.032258 0.032258 0.032258 0.032258 0.032258 0.032258 0.032258 0.032258 0.032258 0.032258 0.032258 0.032258 0.032258 0.032258 0.032258 0.032258 0.032258
0.000000 0.000000 0.272727 0.295455 0.045455 0.045455 0.022727 0.022727 0.022727 0.022727 0.022727 0.022727 0.022727 0.022727 0.022727 0.022727 0.022727 0.022727 0.022727 0.022727 0.022727
0.000000 0.000000 0.025641 0.333333 0.205128 0.051282 0.025641 0.025641 0.025641 0.025641 0.025641 0.025641 0.025641 0.025641 0.025641 0.025641 0.025641 0.025641 0.025641 0.025641 0.025641
0.000000 0.000000 0.000000 0.014925 0.343284 0.313433 0.104478 0.029851 0.014925 0.014925 0.014925 0.014925 0.014925 0.014925 0.014925 0.014925 0.014925 0.014925 0.014925 0.014925 0.014925
0.000000 0.000000 0.000000 0.000000 0.074627 0.343284 0.343284 0.044776 0.014925 0.014925 0.014925 0.014925 0.014925 0.014925 0.014925 0.014925 0.014925 0.014925 0.014925 0.014925 0.014925
0.000000 0.000000 0.000000 0.000000 0.024691 0.111111 0.296296 0.296296 0.111111 0.024691 0.012346 0.012346 0.012346 0.012346 0.012346 0.012346 0.012346 0.012346 0.012346 0.012346 0.012346
0.000000 0.000000 0.000000 0.000000 0.012821 0.025641 0.076923 0.307692 0.371795 0.064103 0.012821 0.012821 0.012821 0.012821 0.012821 0.012821 0.012821 0.012821 0.012821 0.012821 0.012821
0.000000 0.000000 0.000000 0.000000 0.000000 0.000000 0.000000 0.071429 0.371429 0.314286 0.100000 0.014286 0.014286 0.014286 0.014286 0.014286 0.014286 0.014286 0.014286 0.014286 0.014286
0.000000 0.000000 0.000000 0.000000 0.000000 0.000000 0.000000 0.013333 0.093333 0.253333 0.360000 0.146667 0.026667 0.013333 0.013333 0.013333 0.013333 0.013333 0.013333 0.013333 0.013333
0.000000 0.000000 0.000000 0.000000 0.000000 0.000000 0.000000 0.000000 0.046154 0.123077 0.292308 0.292308 0.092308 0.046154 0.015385 0.015385 0.015385 0.015385 0.015385 0.015385 0.015385
0.000000 0.000000 0.000000 0.000000 0.000000 0.000000 0.000000 0.000000 0.035714 0.035714 0.071429 0.321429 0.214286 0.071429 0.035714 0.035714 0.035714 0.035714 0.035714 0.035714 0.035714
0.000000 0.000000 0.000000 0.000000 0.000000 0.000000 0.000000 0.000000 0.000000 0.000000 0.047619 0.047619 0.285714 0.285714 0.047619 0.047619 0.047619 0.047619 0.047619 0.047619 0.047619
0.000000 0.000000 0.000000 0.000000 0.000000 0.000000 0.000000 0.000000 0.000000 0.000000 0.052632 0.105263 0.105263 0.210526 0.157895 0.105263 0.052632 0.052632 0.052632 0.052632 0.052632
0.000000 0.000000 0.000000 0.000000 0.000000 0.000000 0.000000 0.000000 0.000000 0.000000 0.000000 0.000000 0.111111 0.000000 0.111111 0.222222 0.111111 0.111111 0.111111 0.111111 0.111111
0.000000 0.000000 0.000000 0.000000 0.000000 0.000000 0.000000 0.000000 0.000000 0.000000 0.000000 0.000000 0.000000 0.000000 0.000000 0.222222 0.222222 0.222222 0.111111 0.111111 0.111111
0.000000 0.000000 0.000000 0.000000 0.000000 0.000000 0.000000 0.000000 0.000000 0.000000 0.000000 0.000000 0.000000 0.000000 0.000000 0.000000 0.200000 0.200000 0.200000 0.200000 0.200000
0.000000 0.000000 0.000000 0.000000 0.000000 0.000000 0.000000 0.000000 0.000000 0.000000 0.000000 0.000000 0.200000 0.000000 0.000000 0.000000 0.000000 0.200000 0.200000 0.200000 0.200000
0.000000 0.000000 0.000000 0.000000 0.000000 0.000000 0.000000 0.000000 0.000000 0.000000 0.000000 0.000000 0.000000 0.000000 0.000000 0.000000 0.000000 0.000000 0.333333 0.333333 0.333333
0.000000 0.000000 0.000000 0.000000 0.000000 0.000000 0.000000 0.000000 0.000000 0.000000 0.000000 0.000000 0.000000 0.000000 0.000000 0.000000 0.000000 0.000000 0.000000 0.500000 0.500000
0.000000 0.000000 0.000000 0.000000 0.000000 0.000000 0.000000 0.000000 0.000000 0.000000 0.000000 0.000000 0.000000 0.000000 0.000000 0.000000 0.000000 0.000000 0.000000 0.000000 1.000000
# New slice
