# Array shape: (2, 2, 21, 21)
1.000000 0.000000 0.000000 0.000000 0.000000 0.000000 0.000000 0.000000 0.000000 0.000000 0.000000 0.000000 0.000000 0.000000 0.000000 0.000000 0.000000 0.000000 0.000000 0.000000 0.000000
0.333333 0.666667 0.000000 0.000000 0.000000 0.000000 0.000000 0.000000 0.000000 0.000000 0.000000 0.000000 0.000000 0.000000 0.000000 0.000000 0.000000 0.000000 0.000000 0.000000 0.000000
0.200000 0.200000 0.600000 0.000000 0.000000 0.000000 0.000000 0.000000 0.000000 0.000000 0.000000 0.000000 0.000000 0.000000 0.000000 0.000000 0.000000 0.000000 0.000000 0.000000 0.000000
0.055556 0.222222 0.333333 0.388889 0.000000 0.000000 0.000000 0.000000 0.000000 0.000000 0.000000 0.000000 0.000000 0.000000 0.000000 0.000000 0.000000 0.000000 0.000000 0.000000 0.000000
0.041667 0.041667 0.208333 0.333333 0.375000 0.000000 0.000000 0.000000 0.000000 0.000000 0.000000 0.000000 0.000000 0.000000 0.000000 0.000000 0.000000 0.000000 0.000000 0.000000 0.000000
0.031250 0.031250 0.031250 0.093750 0.500000 0.312500 0.000000 0.000000 0.000000 0.000000 0.000000 0.000000 0.000000 0.000000 0.000000 0.000000 0.000000 0.000000 0.000000 0.000000 0.000000
0.025000 0.025000 0.025000 0.050000 0.150000 0.525000 0.200000 0.000000 0.000000 0.000000 0.000000 0.000000 0.000000 0.000000 0.000000 0.000000 0.000000 0.000000 0.000000 0.000000 0.000000
0.017544 0.017544 0.017544 0.017544 0.035088 0.280702 0.368421 0.245614 0.000000 0.000000 0.000000 0.000000 0.000000 0.000000 0.000000 0.000000 0.000000 0.000000 0.000000 0.000000 0.000000
0.016667 0.016667 0.016667 0.016667 0.016667 0.050000 0.216667 0.416667 0.233333 0.000000 0.000000 0.000000 0.000000 0.000000 0.000000 0.000000 0.000000 0.000000 0.000000 0.000000 0.000000
0.018182 0.018182 0.018182 0.018182 0.018182 0.018182 0.072727 0.145455 0.363636 0.309091 0.000000 0.000000 0.000000 0.000000 0.000000 0.000000 0.000000 0.000000 0.000000 0.000000 0.000000
0.021277 0.021277 0.021277 0.021277 0.021277 0.021277 0.042553 0.212766 0.127660 0.148936 0.340426 0.000000 0.000000 0.000000 0.000000 0.000000 0.000000 0.000000 0.000000 0.000000 0.000000
0.028571 0.028571 0.028571 0.028571 0.028571 0.028571 0.085714 0.028571 0.114286 0.142857 0.342857 0.114286 0.000000 0.000000 0.000000 0.000000 0.000000 0.000000 0.000000 0.000000 0.000000
0.030303 0.030303 0.030303 0.030303 0.030303 0.030303 0.030303 0.030303 0.060606 0.060606 0.121212 0.333333 0.181818 0.000000 0.000000 0.000000 0.000000 0.000000 0.000000 0.000000 0.000000
0.038462 0.038462 0.038462 0.038462 0.038462 0.038462 0.038462 0.038462 0.038462 0.038462 0.115385 0.153846 0.307692 0.038462 0.000000 0.000000 0.000000 0.000000 0.000000 0.000000 0.000000
0.055556 0.055556 0.055556 0.055556 0.055556 0.055556 0.055556 0.055556 0.055556 0.055556 0.055556 0.055556 0.055556 0.166667 0.111111 0.000000 0.000000 0.000000 0.000000 0.000000 0.000000
0.045455 0.045455 0.045455 0.045455 0.045455 0.045455 0.045455 0.045455 0.045455 0.045455 0.045455 0.045455 0.090909 0.090909 0.227273 0.045455 0.000000 0.000000 0.000000 0.000000 0.000000
0.050000 0.050000 0.050000 0.050000 0.050000 0.050000 0.050000 0.050000 0.050000 0.050000 0.050000 0.100000 0.050000 0.050000 0.050000 0.100000 0.100000 0.000000 0.000000 0.000000 0.000000
0.047619 0.047619 0.047619 0.047619 0.047619 0.047619 0.047619 0.047619 0.047619 0.047619 0.047619 0.047619 0.095238 0.047619 0.047619 0.095238 0.095238 0.047619 0.000000 0.000000 0.000000
0.052632 0.052632 0.052632 0.052632 0.052632 0.052632 0.052632 0.052632 0.052632 0.052632 0.052632 0.052632 0.052632 0.052632 0.052632 0.052632 0.052632 0.052632 0.052632 0.000000 0.000000
0.050000 0.050000 0.050000 0.050000 0.050000 0.050000 0.050000 0.050000 0.050000 0.050000 0.050000 0.050000 0.050000 0.050000 0.050000 0.050000 0.050000 0.050000 0.050000 0.050000 0.000000
0.047619 0.047619 0.047619 0.047619 0.047619 0.047619 0.047619 0.047619 0.047619 0.047619 0.047619 0.047619 0.047619 0.047619 0.047619 0.047619 0.047619 0.047619 0.047619 0.047619 0.047619
# New slice
0.047619 0.047619 0.047619 0.047619 0.047619 0.047619 0.047619 0.047619 0.047619 0.047619 0.047619 0.047619 0.047619 0.047619 0.047619 0.047619 0.047619 0.047619 0.047619 0.047619 0.047619
0.000000 0.107143 0.214286 0.071429 0.035714 0.035714 0.035714 0.035714 0.035714 0.035714 0.035714 0.035714 0.035714 0.035714 0.035714 0.035714 0.035714 0.035714 0.035714 0.035714 0.035714
0.000000 0.000000 0.153846 0.384615 0.051282 0.025641 0.025641 0.025641 0.025641 0.025641 0.025641 0.025641 0.025641 0.025641 0.025641 0.025641 0.025641 0.025641 0.025641 0.025641 0.025641
0.000000 0.000000 0.000000 0.400000 0.290909 0.036364 0.018182 0.018182 0.018182 0.018182 0.018182 0.018182 0.018182 0.018182 0.018182 0.018182 0.018182 0.018182 0.018182 0.018182 0.018182
0.000000 0.000000 0.000000 0.015625 0.281250 0.343750 0.140625 0.015625 0.015625 0.015625 0.015625 0.015625 0.015625 0.015625 0.015625 0.015625 0.015625 0.015625 0.015625 0.015625 0.015625
0.000000 0.000000 0.000000 0.000000 0.000000 0.381818 0.363636 0.136364 0.009091 0.009091 0.009091 0.009091 0.009091 0.009091 0.009091 0.009091 0.009091 0.009091 0.009091 0.009091 0.009091
0.000000 0.000000 0.000000 0.000000 0.008929 0.026786 0.348214 0.383929 0.116071 0.017857 0.008929 0.008929 0.008929 0.008929 0.008929 0.008929 0.008929 0.008929 0.008929 0.008929 0.008929
0.000000 0.000000 0.000000 0.000000 0.000000 0.034783 0.052174 0.339130 0.304348 0.156522 0.026087 0.008696 0.008696 0.008696 0.008696 0.008696 0.008696 0.008696 0.008696 0.008696 0.008696
0.000000 0.000000 0.000000 0.000000 0.000000 0.000000 0.014815 0.081481 0.311111 0.355556 0.133333 0.037037 0.007407 0.007407 0.007407 0.007407 0.007407 0.007407 0.007407 0.007407 0.007407
0.000000 0.000000 0.000000 0.000000 0.000000 0.000000 0.000000 0.017857 0.071429 0.401786 0.348214 0.080357 0.008929 0.008929 0.008929 0.008929 0.008929 0.008929 0.008929 0.008929 0.008929
0.000000 0.000000 0.000000 0.000000 0.000000 0.000000 0.009259 0.000000 0.037037 0.092593 0.379630 0.342593 0.064815 0.009259 0.009259 0.009259 0.009259 0.009259 0.009259 0.009259 0.009259
0.000000 0.000000 0.000000 0.000000 0.000000 0.000000 0.000000 0.000000 0.014493 0.028986 0.115942 0.376812 0.260870 0.101449 0.014493 0.014493 0.014493 0.014493 0.014493 0.014493 0.014493
0.000000 0.000000 0.000000 0.000000 0.000000 0.000000 0.000000 0.000000 0.000000 0.000000 0.000000 0.062500 0.437500 0.270833 0.104167 0.020833 0.020833 0.020833 0.020833 0.020833 0.020833
0.000000 0.000000 0.000000 0.000000 0.000000 0.000000 0.000000 0.000000 0.000000 0.000000 0.040000 0.000000 0.160000 0.200000 0.200000 0.120000 0.120000 0.040000 0.040000 0.040000 0.040000
0.000000 0.000000 0.000000 0.000000 0.000000 0.000000 0.000000 0.000000 0.000000 0.000000 0.000000 0.000000 0.043478 0.043478 0.260870 0.391304 0.086957 0.043478 0.043478 0.043478 0.043478
0.000000 0.000000 0.000000 0.000000 0.000000 0.000000 0.000000 0.000000 0.000000 0.000000 0.000000 0.083333 0.000000 0.000000 0.083333 0.166667 0.250000 0.166667 0.083333 0.083333 0.083333
0.000000 0.000000 0.000000 0.000000 0.000000 0.000000 0.000000 0.000000 0.000000 0.000000 0.000000 0.000000 0.000000 0.000000 0.166667 0.000000 0.166667 0.166667 0.166667 0.166667 0.166667
0.000000 0.000000 0.000000 0.000000 0.000000 0.000000 0.000000 0.000000 0.000000 0.000000 0.000000 0.000000 0.000000 0.200000 0.000000 0.000000 0.000000 0.200000 0.200000 0.200000 0.200000
0.000000 0.000000 0.000000 0.000000 0.000000 0.000000 0.000000 0.000000 0.000000 0.000000 0.000000 0.000000 0.000000 0.000000 0.000000 0.000000 0.000000 0.000000 0.333333 0.333333 0.333333
0.000000 0.000000 0.000000 0.000000 0.000000 0.000000 0.000000 0.000000 0.000000 0.000000 0.000000 0.000000 0.000000 0.000000 0.000000 0.000000 0.000000 0.000000 0.000000 0.500000 0.500000
0.000000 0.000000 0.000000 0.000000 0.000000 0.000000 0.000000 0.000000 0.000000 0.000000 0.000000 0.000000 0.000000 0.000000 0.000000 0.000000 0.000000 0.000000 0.000000 0.000000 1.000000
# New slice
1.000000 0.000000 0.000000 0.000000 0.000000 0.000000 0.000000 0.000000 0.000000 0.000000 0.000000 0.000000 0.000000 0.000000 0.000000 0.000000 0.000000 0.000000 0.000000 0.000000 0.000000
0.500000 0.500000 0.000000 0.000000 0.000000 0.000000 0.000000 0.000000 0.000000 0.000000 0.000000 0.000000 0.000000 0.000000 0.000000 0.000000 0.000000 0.000000 0.000000 0.000000 0.000000
0.166667 0.333333 0.500000 0.000000 0.000000 0.000000 0.000000 0.000000 0.000000 0.000000 0.000000 0.000000 0.000000 0.000000 0.000000 0.000000 0.000000 0.000000 0.000000 0.000000 0.000000
0.071429 0.357143 0.357143 0.214286 0.000000 0.000000 0.000000 0.000000 0.000000 0.000000 0.000000 0.000000 0.000000 0.000000 0.000000 0.000000 0.000000 0.000000 0.000000 0.000000 0.000000
0.058824 0.058824 0.176471 0.352941 0.352941 0.000000 0.000000 0.000000 0.000000 0.000000 0.000000 0.000000 0.000000 0.000000 0.000000 0.000000 0.000000 0.000000 0.000000 0.000000 0.000000
0.028571 0.057143 0.057143 0.285714 0.314286 0.257143 0.000000 0.000000 0.000000 0.000000 0.000000 0.000000 0.000000 0.000000 0.000000 0.000000 0.000000 0.000000 0.000000 0.000000 0.000000
0.020408 0.020408 0.020408 0.020408 0.102041 0.530612 0.285714 0.000000 0.000000 0.000000 0.000000 0.000000 0.000000 0.000000 0.000000 0.000000 0.000000 0.000000 0.000000 0.000000 0.000000
0.029412 0.029412 0.029412 0.029412 0.029412 0.176471 0.500000 0.176471 0.000000 0.000000 0.000000 0.000000 0.000000 0.000000 0.000000 0.000000 0.000000 0.000000 0.000000 0.000000 0.000000
0.034483 0.034483 0.034483 0.034483 0.034483 0.068966 0.206897 0.310345 0.241379 0.000000 0.000000 0.000000 0.000000 0.000000 0.000000 0.000000 0.000000 0.000000 0.000000 0.000000 0.000000
0.022222 0.022222 0.022222 0.022222 0.022222 0.022222 0.066667 0.222222 0.422222 0.155556 0.000000 0.000000 0.000000 0.000000 0.000000 0.000000 0.000000 0.000000 0.000000 0.000000 0.000000
0.022727 0.022727 0.022727 0.022727 0.022727 0.022727 0.045455 0.090909 0.181818 0.363636 0.181818 0.000000 0.000000 0.000000 0.000000 0.000000 0.000000 0.000000 0.000000 0.000000 0.000000
0.025000 0.025000 0.025000 0.025000 0.025000 0.025000 0.025000 0.050000 0.100000 0.150000 0.350000 0.175000 0.000000 0.000000 0.000000 0.000000 0.000000 0.000000 0.000000 0.000000 0.000000
0.041667 0.041667 0.041667 0.041667 0.041667 0.041667 0.041667 0.041667 0.083333 0.041667 0.125000 0.333333 0.083333 0.000000 0.000000 0.000000 0.000000 0.000000 0.000000 0.000000 0.000000
0.047619 0.047619 0.047619 0.047619 0.047619 0.047619 0.047619 0.047619 0.047619 0.047619 0.047619 0.095238 0.238095 0.142857 0.000000 0.000000 0.000000 0.000000 0.000000 0.000000 0.000000
0.052632 0.052632 0.052632 0.052632 0.052632 0.052632 0.052632 0.052632 0.052632 0.052632 0.052632 0.052632 0.105263 0.105263 0.157895 0.000000 0.000000 0.000000 0.000000 0.000000 0.000000
0.058824 0.058824 0.058824 0.058824 0.058824 0.058824 0.058824 0.058824 0.058824 0.058824 0.058824 0.058824 0.058824 0.117647 0.058824 0.058824 0.000000 0.000000 0.000000 0.000000 0.000000
0.055556 0.055556 0.055556 0.055556 0.055556 0.055556 0.055556 0.055556 0.055556 0.055556 0.055556 0.055556 0.055556 0.055556 0.111111 0.055556 0.055556 0.000000 0.000000 0.000000 0.000000
0.055556 0.055556 0.055556 0.055556 0.055556 0.055556 0.055556 0.055556 0.055556 0.055556 0.055556 0.055556 0.055556 0.055556 0.055556 0.055556 0.055556 0.055556 0.000000 0.000000 0.000000
0.052632 0.052632 0.052632 0.052632 0.052632 0.052632 0.052632 0.052632 0.052632 0.052632 0.052632 0.052632 0.052632 0.052632 0.052632 0.052632 0.052632 0.052632 0.052632 0.000000 0.000000
0.050000 0.050000 0.050000 0.050000 0.050000 0.050000 0.050000 0.050000 0.050000 0.050000 0.050000 0.050000 0.050000 0.050000 0.050000 0.050000 0.050000 0.050000 0.050000 0.050000 0.000000
0.047619 0.047619 0.047619 0.047619 0.047619 0.047619 0.047619 0.047619 0.047619 0.047619 0.047619 0.047619 0.047619 0.047619 0.047619 0.047619 0.047619 0.047619 0.047619 0.047619 0.047619
# New slice
0.047619 0.047619 0.047619 0.047619 0.047619 0.047619 0.047619 0.047619 0.047619 0.047619 0.047619 0.047619 0.047619 0.047619 0.047619 0.047619 0.047619 0.047619 0.047619 0.047619 0.047619
0.000000 0.148148 0.111111 0.111111 0.037037 0.037037 0.037037 0.037037 0.037037 0.037037 0.037037 0.037037 0.037037 0.037037 0.037037 0.037037 0.037037 0.037037 0.037037 0.037037 0.037037
0.000000 0.035714 0.107143 0.214286 0.071429 0.035714 0.035714 0.035714 0.035714 0.035714 0.035714 0.035714 0.035714 0.035714 0.035714 0.035714 0.035714 0.035714 0.035714 0.035714 0.035714
0.000000 0.000000 0.000000 0.255814 0.302326 0.093023 0.023256 0.023256 0.023256 0.023256 0.023256 0.023256 0.023256 0.023256 0.023256 0.023256 0.023256 0.023256 0.023256 0.023256 0.023256
0.000000 0.000000 0.000000 0.000000 0.327869 0.409836 0.032787 0.016393 0.016393 0.016393 0.016393 0.016393 0.016393 0.016393 0.016393 0.016393 0.016393 0.016393 0.016393 0.016393 0.016393
0.000000 0.000000 0.000000 0.000000 0.074074 0.345679 0.234568 0.160494 0.037037 0.012346 0.012346 0.012346 0.012346 0.012346 0.012346 0.012346 0.012346 0.012346 0.012346 0.012346 0.012346
0.000000 0.000000 0.000000 0.000000 0.016393 0.065574 0.311475 0.311475 0.081967 0.032787 0.016393 0.016393 0.016393 0.016393 0.016393 0.016393 0.016393 0.016393 0.016393 0.016393 0.016393
0.000000 0.000000 0.000000 0.000000 0.021739 0.010870 0.021739 0.304348 0.391304 0.119565 0.021739 0.010870 0.010870 0.010870 0.010870 0.010870 0.010870 0.010870 0.010870 0.010870 0.010870
0.000000 0.000000 0.000000 0.000000 0.000000 0.000000 0.025000 0.075000 0.362500 0.325000 0.087500 0.012500 0.012500 0.012500 0.012500 0.012500 0.012500 0.012500 0.012500 0.012500 0.012500
0.000000 0.000000 0.000000 0.000000 0.000000 0.000000 0.000000 0.054795 0.123288 0.342466 0.301370 0.054795 0.013699 0.013699 0.013699 0.013699 0.013699 0.013699 0.013699 0.013699 0.013699
0.000000 0.000000 0.000000 0.000000 0.000000 0.000000 0.017857 0.017857 0.035714 0.089286 0.303571 0.339286 0.053571 0.017857 0.017857 0.017857 0.017857 0.017857 0.017857 0.017857 0.017857
0.000000 0.000000 0.000000 0.000000 0.000000 0.000000 0.000000 0.000000 0.048780 0.048780 0.121951 0.292683 0.195122 0.121951 0.024390 0.024390 0.024390 0.024390 0.024390 0.024390 0.024390
0.000000 0.000000 0.000000 0.000000 0.000000 0.000000 0.000000 0.000000 0.034483 0.000000 0.068966 0.000000 0.275862 0.310345 0.103448 0.034483 0.034483 0.034483 0.034483 0.034483 0.034483
0.000000 0.000000 0.000000 0.000000 0.000000 0.000000 0.000000 0.000000 0.000000 0.000000 0.052632 0.000000 0.157895 0.210526 0.263158 0.052632 0.052632 0.052632 0.052632 0.052632 0.052632
0.000000 0.000000 0.000000 0.000000 0.000000 0.000000 0.000000 0.000000 0.000000 0.000000 0.000000 0.062500 0.187500 0.062500 0.187500 0.187500 0.062500 0.062500 0.062500 0.062500 0.062500
0.000000 0.000000 0.000000 0.000000 0.000000 0.000000 0.000000 0.000000 0.000000 0.000000 0.000000 0.000000 0.000000 0.000000 0.000000 0.333333 0.166667 0.250000 0.083333 0.083333 0.083333
0.000000 0.000000 0.000000 0.000000 0.000000 0.000000 0.000000 0.000000 0.000000 0.000000 0.000000 0.000000 0.000000 0.000000 0.125000 0.000000 0.125000 0.375000 0.125000 0.125000 0.125000
0.000000 0.000000 0.000000 0.000000 0.000000 0.000000 0.000000 0.000000 0.000000 0.000000 0.000000 0.000000 0.000000 0.000000 0.000000 0.200000 0.000000 0.200000 0.200000 0.200000 0.200000
0.000000 0.000000 0.000000 0.000000 0.000000 0.000000 0.000000 0.000000 0.000000 0.000000 0.000000 0.000000 0.000000 0.000000 0.000000 0.000000 0.000000 0.000000 0.333333 0.333333 0.333333
0.000000 0.000000 0.000000 0.000000 0.000000 0.000000 0.000000 0.000000 0.000000 0.000000 0.000000 0.000000 0.000000 0.000000 0.000000 0.000000 0.000000 0.000000 0.000000 0.500000 0.500000
0.000000 0.000000 0.000000 0.000000 0.000000 0.000000 0.000000 0.000000 0.000000 0.000000 0.000000 0.000000 0.000000 0.000000 0.000000 0.000000 0.000000 0.000000 0.000000 0.000000 1.000000
# New slice
