# Array shape: (2, 21, 2)
 74388.294 114013.494
 99896.521 128921.119
105684.267 147203.501
113339.173 224865.775
175621.950 227027.945
195748.204 188147.164
200922.238 295450.276
236094.605 332723.111
310498.264 323358.921
319948.652 303235.728
276029.150 367909.129
308369.794 385744.054
351949.669 331363.414
370110.682 231621.363
275709.664 355364.042
     0.000      0.000
     0.000      0.000
     0.000      0.000
     0.000      0.000
     0.000      0.000
     0.000      0.000
# New slice
 81233.855 113351.524
101607.586 133816.319
101265.338 156182.967
140352.533 178258.523
168058.430 229976.388
202360.207 261476.066
234965.067 280583.089
274075.804 307549.091
304573.598 326091.254
323939.127 355020.795
307882.349 349749.967
310338.953      0.000
309439.276 311793.697
366114.483      0.000
     0.000 356725.466
     0.000 208729.844
     0.000      0.000
     0.000      0.000
     0.000      0.000
     0.000      0.000
     0.000      0.000
# New slice
