# Array shape: (2, 21, 2)
   648.238    816.462
   684.668   1358.759
  1127.717   1407.419
  1325.746   1156.137
  1788.806   2444.360
  2098.505   2444.399
  2138.262   2917.792
  2377.869   1369.351
  2082.120   3542.852
  3029.895   3329.457
  2929.234   3596.523
  3781.710   3598.679
     0.000   3833.223
  2138.942   3992.932
     0.000   4371.438
  3549.123   4167.493
     0.000   3428.308
  3907.925      0.000
     0.000      0.000
     0.000      0.000
     0.000      0.000
# New slice
   759.979   1411.762
   847.347   1308.144
  1270.632   1874.785
  1403.162   1908.676
  1066.460   2158.405
  1822.079   2580.737
  2319.688   2414.147
  2185.948   3186.639
  2541.640   3305.489
  3182.190   3792.640
  1974.944   3730.359
  2711.677   3209.565
  3688.317   2777.609
  3517.438   3830.807
  1912.306   3983.635
  3853.772   2272.598
     0.000   3523.108
     0.000      0.000
     0.000      0.000
     0.000      0.000
     0.000      0.000
# New slice
