# Array shape: (2, 21, 2)
     0.000  40328.089
     0.000  31436.738
 33730.109  41797.507
 37529.877  49572.311
     0.000  49241.207
 21846.455  52852.662
 48198.909  54099.124
 53766.333  61133.348
 55505.851  75176.914
 56149.457  64311.868
 67070.061  72039.002
 40284.238  83751.328
 78051.414  50248.077
 86299.753  91805.297
 92303.448  97894.677
 79722.118 102554.191
 95083.812 105568.772
100077.247  97090.382
 94787.713 107476.365
111450.856 121226.164
121408.542 104774.013
# New slice
 28556.067      0.000
 36186.793  45519.336
 40948.089  45260.661
 43975.677  46439.643
 40249.772  54575.247
 47450.800  51811.402
 51755.936  58029.081
 51060.008  60686.160
 53701.760  66571.238
 56399.204  69516.427
 66802.263  74858.447
 68422.345  72307.497
 69296.614  90686.201
 79137.412  91639.859
 91304.897  80162.465
 93419.373  98609.514
 94953.584 110840.865
 96507.568 101748.486
105427.491 113171.307
 90490.273 120125.189
116894.846 107318.327
# New slice
