# Array shape: (2, 21, 2)
     0.000   1754.789
  1227.429   1585.158
  1385.520   1862.248
  1231.101   1912.369
  1724.678   2212.454
  2265.320   2889.491
  2674.182   2235.802
  2404.174   3450.627
  3171.871   3720.421
  3397.284   3755.590
  3387.678   2691.708
  3630.736   4162.535
  3673.690   3863.935
  3669.911   4879.130
  3882.182   4077.668
  3848.806   4882.564
  3009.587   5113.592
     0.000   4669.785
  4106.523   4232.643
     0.000      0.000
     0.000      0.000
# New slice
  1068.099      0.000
     0.000   1509.743
  1530.329   1412.824
  1549.361   2016.954
  1861.448   2323.378
  2344.013   2949.038
  2743.791   2956.738
  2374.865   3252.787
  2835.784   3540.649
  3043.272   3884.568
  3582.106   3859.537
  3211.811   4451.287
  4270.247   3203.716
  4254.842   4032.844
     0.000   4593.118
  4355.919   3067.730
     0.000   4057.282
     0.000   4700.752
     0.000   4152.037
  4166.567      0.000
     0.000      0.000
# New slice
