# Array shape: (2, 21, 2)
     0.000 185060.805
108544.830 193341.282
204325.805 300391.716
239258.266 350462.014
342861.358 423900.196
428837.524 462492.141
411903.592 241948.834
480588.121 518380.817
522987.107 343630.018
531887.532 280122.654
462157.307 551276.079
     0.000 617773.137
     0.000 404280.670
     0.000      0.000
     0.000      0.000
     0.000      0.000
     0.000      0.000
     0.000      0.000
     0.000      0.000
     0.000      0.000
     0.000      0.000
# New slice
     0.000 145609.547
138625.075 230530.140
245774.792 318069.924
171534.147 394525.402
330926.284 430302.432
350495.544 471308.732
443573.220 485757.646
408305.887 486471.013
523787.663 441642.822
542587.856 433976.657
521689.843 599269.038
520955.234      0.000
     0.000      0.000
     0.000      0.000
     0.000      0.000
     0.000      0.000
     0.000      0.000
     0.000      0.000
     0.000      0.000
     0.000      0.000
     0.000      0.000
# New slice
