# Array shape: (2, 21, 2)
     0.000   6752.720
  5242.273      0.000
     0.000   7985.153
  6541.233   8037.421
  6778.326   9031.175
  8353.271   9612.285
  8405.303  11742.213
  9485.812  11950.529
 11303.699  12329.243
 10792.373  13624.518
 13158.109   9194.038
 12623.839  13285.580
 14373.603  11245.658
 15570.456  16624.711
 16289.724  17275.857
 15669.195  14067.720
 15057.400  14619.682
     0.000  17802.541
     0.000  16117.829
     0.000      0.000
     0.000      0.000
# New slice
     0.000   6267.360
  4168.069   7222.668
  5816.881   7587.272
  6566.949   8009.473
  6811.585   7826.803
  8996.221  10210.311
 10011.469   9488.046
  9957.807  12381.746
  8918.083  12474.458
 11554.602  12652.764
 10423.395  14371.670
 14298.676  12273.157
 14773.943  13822.806
 15200.897  15102.943
 12243.761  16084.762
 15563.123  15497.236
 14814.137  17740.027
 15989.090  16726.735
     0.000  15207.943
 17268.906      0.000
     0.000      0.000
# New slice
