# Array shape: (2, 21, 2)
     0.000      0.000
     0.000 217570.938
     0.000 124462.168
202690.059 235815.690
     0.000 274535.603
257279.463 305810.275
269801.315 341546.474
303029.788 348840.583
317711.389 339910.614
358858.630 332276.442
354921.199 330833.794
443208.082 461882.147
448700.524 482642.922
403460.597 427031.721
497316.984 218754.908
442409.582 420946.469
498237.754 500472.853
     0.000      0.000
     0.000      0.000
     0.000 435169.032
     0.000      0.000
# New slice
     0.000      0.000
     0.000      0.000
165368.465 220626.671
     0.000 259113.272
232707.197 280141.516
263551.987 296717.789
281982.007 324255.970
303365.749 363938.465
317717.441 301117.760
360373.390 348399.965
361242.700 349607.296
397575.323 452549.450
438162.841 460776.826
490090.619 507664.603
477849.733 340129.017
462652.256 424899.641
464366.621 373520.969
494623.628 343615.391
     0.000 498482.980
     0.000 437434.484
     0.000 470815.603
# New slice
