# Array shape: (2, 21, 2)
 80236.726 119782.183
 89242.520 141824.522
130459.938 151848.217
128148.067 169846.266
180809.516 209577.226
213757.252 128722.309
233641.371 256317.709
246538.172 174467.988
225131.163 289997.902
293027.295 154420.618
315363.552 356574.051
355196.308 327995.524
306258.854 337352.719
     0.000 336272.124
     0.000      0.000
     0.000 299395.991
     0.000      0.000
     0.000  13994.680
     0.000      0.000
     0.000      0.000
     0.000      0.000
# New slice
 63177.216 125022.494
111752.085 149749.083
124620.468 143075.209
152445.424 220754.220
155334.368 242399.152
150875.877 121912.791
205690.607 243898.350
238787.860 234211.031
242342.528 280997.871
238048.977 308877.602
301719.351 307005.837
203697.346 361560.325
321469.674 231433.292
265018.084 337526.045
     0.000 199824.505
326123.078      0.000
     0.000      0.000
     0.000 339962.760
     0.000      0.000
     0.000      0.000
     0.000      0.000
# New slice
