# Array shape: (2, 21, 2)
  4992.852   5212.177
  5200.163   6890.299
  6926.321   9036.596
  8656.046   9974.116
  9349.400  10983.240
 11351.565  10492.719
 11018.048  13055.420
 12346.845  11424.013
 14852.447  17230.365
 14883.201  17343.533
 16441.413  20125.994
 17498.755  12673.674
 18746.325  21200.478
 18929.059   9961.056
 22118.938  22191.763
     0.000  16495.552
 19612.249  16890.166
     0.000  22945.755
     0.000      0.000
     0.000  25402.713
     0.000  26098.262
# New slice
  5715.334   7253.237
  6381.006   8133.303
  6198.037   7442.168
  7663.693  11525.498
  8625.038   9273.564
 10466.343  13374.566
 12520.738  11971.266
 10983.020  14123.665
 10150.897   9869.607
 14472.005   9662.726
 17105.405  17672.191
 17200.347  13810.532
 11846.729  10036.731
 21511.929  21103.783
 21929.151  18907.748
     0.000  24233.816
     0.000   8971.305
     0.000  15180.274
     0.000  25068.030
     0.000  20167.580
     0.000   7054.390
# New slice
