# Array shape: (2, 21, 2)
 47493.664  57675.981
 58866.577  69231.029
 64703.756  94476.028
 83562.030  62275.847
 76182.264 106517.845
101165.719 113982.161
 59857.536 120412.933
128367.083 141585.092
134794.985  89477.899
137379.379 176942.275
124729.294 177836.499
167979.419  70651.264
139274.915      0.000
     0.000 174116.464
     0.000 149116.184
     0.000 164608.909
     0.000 223460.984
     0.000 219053.331
     0.000  50896.597
235280.567      0.000
     0.000      0.000
# New slice
 43854.628  63400.486
 59310.525  85686.188
 54253.016  97133.565
 72677.017  86362.978
 91835.644 140616.299
 91092.841  57240.784
121901.265  65923.116
123927.291 116310.893
123217.063 118096.544
132890.213  93622.345
156778.858 171970.693
 72524.400 169983.749
     0.000  81450.404
     0.000 123804.959
133593.971 134307.704
     0.000 211295.720
     0.000      0.000
     0.000 196450.600
181694.061      0.000
     0.000 187239.327
     0.000      0.000
# New slice
