# Array shape: (2, 21, 2)
  7603.054  12481.623
  9750.577  12616.523
 13021.330  13991.405
 15236.397  20461.542
 17972.489  24206.879
 22774.648  30446.632
 25235.373  30830.331
 27403.649  33712.310
 30424.270  29301.267
 30091.858  31734.898
 27044.188  26338.264
 30960.641  37336.660
 28921.482  39753.840
 19008.881  42037.556
 37185.601  44169.459
 37504.350  41866.504
     0.000      0.000
     0.000      0.000
     0.000      0.000
     0.000      0.000
     0.000      0.000
# New slice
  7465.475  11380.743
  7534.049  18726.686
  9977.019  15531.583
 12080.573  19388.443
 20033.445  22795.010
 22030.979  30470.315
 18034.856  31390.665
 22936.402  33090.599
 30973.093  36070.929
 32434.191  18992.155
 32523.505  15232.873
 24949.338  31487.124
 37223.781  38694.081
 20517.884  12969.752
 42028.797      0.000
 41754.850  19427.666
     0.000      0.000
     0.000      0.000
     0.000      0.000
     0.000      0.000
     0.000      0.000
# New slice
