# Array shape: (2, 21, 2)
 10566.477  10428.189
 12287.860  19868.392
 14633.469  20052.071
 18539.238  20074.566
 20342.636  23353.996
 21507.391  31203.320
 15655.980  27381.001
 32102.580  35479.951
 34147.775  37285.475
 37961.012  39734.088
 39459.011  32867.975
 39504.458  48800.820
 43699.599  51355.729
 45523.974  51187.092
 20040.503  44053.584
     0.000  51022.653
 44009.790  49220.011
     0.000  47939.779
 51157.252  47762.138
     0.000  44248.114
     0.000  45650.768
# New slice
 10192.188  14663.916
 13520.323  17030.482
 16617.225  14262.330
 16878.756  24138.383
 17133.077  23650.154
 22994.541  27039.142
 24931.438  13731.804
 23174.794  25360.425
 27886.063  36720.023
 35533.088  38434.517
 13306.961  44883.420
 36424.686  42452.825
 43091.067  24310.156
 41892.053  50248.408
 47923.550  53421.806
     0.000  58514.874
 44923.270  48808.677
 47064.535  32365.797
 27764.650  38835.006
     0.000  44498.827
     0.000      0.000
# New slice
