# Array shape: (2, 21, 2)
     0.000      0.000
     0.000  36634.676
     0.000  33581.479
 28287.292  42389.617
 39762.681  44540.686
 38966.693  44796.882
     0.000  50644.386
 42623.438  55257.528
 56288.855  61781.235
 56913.732  72542.504
 68634.356  70938.287
 66041.742  76839.873
 73514.640  74111.397
 66011.521  88290.596
 82318.107  83111.917
 83074.927  81309.674
 67877.898  83553.384
 90245.463  63067.962
 83034.577  90146.916
 60990.469  84073.146
     0.000  90921.528
# New slice
     0.000  27387.333
 21745.094  32798.982
 28850.607  36340.166
 30968.647  42045.554
 39558.944  44888.547
 41734.437  50021.022
 41968.637  52059.386
 49819.459  55670.747
 55177.401  62649.556
 56691.079  65438.535
 57554.288  57743.310
 66508.649  74019.260
 64926.435  65951.309
 76184.525  85618.935
 78748.860  84151.476
 88157.394  87705.828
 87275.343  86636.085
 88857.770  84731.699
 89574.459  83134.758
 77484.097  57280.182
 85846.837      0.000
# New slice
