# Array shape: (2, 21, 2)
    18.160   1396.224
  1098.599   2080.447
  2347.753  -1747.695
  3706.389   -856.693
    56.670  -1971.326
     0.000   3349.628
     0.000      0.000
     0.000      0.000
     0.000      0.000
     0.000      0.000
     0.000      0.000
     0.000      0.000
     0.000      0.000
     0.000      0.000
     0.000      0.000
     0.000      0.000
     0.000      0.000
     0.000      0.000
     0.000      0.000
     0.000      0.000
     0.000      0.000
# New slice
   282.073   1915.015
  -110.218   4057.541
  2136.078   1120.729
  3467.344  -1163.959
  3328.436  -1554.666
  -850.670      0.000
     0.000      0.000
     0.000      0.000
     0.000      0.000
     0.000      0.000
     0.000      0.000
     0.000      0.000
     0.000      0.000
     0.000      0.000
     0.000      0.000
     0.000      0.000
     0.000      0.000
     0.000      0.000
     0.000      0.000
     0.000      0.000
     0.000      0.000
# New slice
