# Array shape: (2, 21, 2)
 44342.494  46046.103
 42417.036  45565.804
 44443.492  45547.583
 53112.544  54872.876
 47341.104  43355.205
 62124.937  78106.438
 61747.511  84814.646
 71733.304  88541.617
 73995.221 100054.479
 98602.806 103499.520
 89751.792 116170.409
109346.948  89420.810
118167.940  98300.724
113626.344 135137.474
131784.343 126038.309
 99918.274 147130.862
140794.179  88425.778
155966.313 141236.236
     0.000 177827.421
     0.000 154790.437
     0.000 144420.887
# New slice
 45531.221  47239.817
 44991.191  56159.754
 48917.798  44713.172
 50099.465  53911.345
 47904.617  60157.177
 64660.072  77383.598
 69907.036  44358.233
 79631.196  90373.491
 90139.570 102009.875
 81921.391  87915.307
100962.540 101397.893
 97786.173 121396.565
103376.184 100667.230
122232.819 132557.091
     0.000  59690.484
128667.491 122895.910
128076.104 141448.385
148433.276 140314.520
     0.000 120230.558
158369.727 111322.189
     0.000 190969.805
# New slice
