# Array shape: (2, 21, 2)
249927.394 362887.117
     0.000 548894.009
235394.814 749990.708
     0.000 743350.548
606568.324 776590.678
632431.597 785371.429
659138.893 903888.023
739537.442 884682.489
717244.640 884739.317
785811.767 904110.061
859725.419 934209.169
875200.904 913756.178
882731.337 902056.267
855061.294 910606.869
885115.864 935627.827
825535.334 898070.416
860576.211 824119.966
602663.825 821104.344
919841.975 179392.785
     0.000 768020.481
341425.384 665140.749
# New slice
     0.000 635763.671
509365.308 572218.168
     0.000 686578.493
435804.012 649649.651
642479.006 781932.232
534180.345 850389.952
751330.985 810503.992
706769.537 804649.043
659745.554 850968.017
807919.448 937098.392
862842.168 882734.737
864287.134 938708.817
911713.100 986548.375
889648.363 858363.033
835664.250 886601.271
949200.150 889185.663
873110.487 833640.880
969636.426 751860.355
399853.937 860445.886
811279.820 606471.876
     0.000 654887.263
# New slice
