# Array shape: (2, 21, 2)
     0.000      0.000
     0.000      0.000
     0.000      0.000
     0.000      0.000
     0.000      0.000
     0.000      0.000
     0.000      0.000
     0.000  19903.668
 29333.061  32280.874
 33057.220  34836.955
 34206.699  30812.935
 35399.182  17521.688
 37646.566  22194.060
 29608.754   1092.864
     0.000      0.000
     0.000      0.000
     0.000      0.000
     0.000      0.000
     0.000      0.000
     0.000      0.000
     0.000      0.000
# New slice
     0.000      0.000
     0.000      0.000
     0.000      0.000
     0.000      0.000
     0.000      0.000
     0.000      0.000
     0.000      0.000
     0.000  15241.879
 27692.616  32330.248
 31259.537  34168.365
 33340.718  23903.461
 30245.174  31910.672
 36055.227  13624.129
     0.000   5113.713
     0.000      0.000
     0.000      0.000
 -8017.460      0.000
     0.000      0.000
     0.000      0.000
     0.000      0.000
     0.000      0.000
# New slice
