# Array shape: (2, 21, 2)
  5589.768  14497.653
  6994.602  20432.585
  8401.110  21180.340
 15479.128  26897.004
 18274.099  29716.459
 20338.367  30411.746
 21236.103  39003.688
 26717.978  38973.766
 31865.758  42256.641
 35433.727  40291.027
 31942.771  29138.879
 24190.518  46446.618
 18019.564  23002.806
  8300.574  39664.844
 24904.153  17168.416
 21556.847   7692.442
 14286.049   9022.569
     0.000  12962.344
     0.000      0.000
     0.000      0.000
     0.000  14028.119
# New slice
  5455.143  14839.760
  5658.734  22250.026
  8612.573  24503.861
 12452.246  26229.724
 19037.033  32429.161
 22416.355  32162.913
 25648.718  36354.085
 28815.248  38562.616
 28453.753  37083.914
 33266.114  40215.274
 24849.102  43305.674
 24812.876  46105.059
 22898.809  40652.335
     0.000  41573.745
 12721.113  40630.395
 23999.665  33463.715
 21850.688  10057.262
     0.000  10174.659
     0.000  13849.158
     0.000  24201.163
 13525.867      0.000
# New slice
