# Array shape: (2, 21, 2)
     0.000      0.000
     0.000      0.000
     0.000      0.000
     0.000      0.000
     0.000  16099.699
     0.000  25880.975
  6520.867  30074.286
 24452.619  32220.693
 27615.231  35160.664
 31458.103  26398.668
 31079.497  39103.815
 29593.419  36836.655
     0.000  42410.215
     0.000  38473.756
     0.000  27404.112
     0.000      0.000
     0.000      0.000
     0.000      0.000
     0.000      0.000
     0.000      0.000
     0.000      0.000
# New slice
     0.000      0.000
     0.000      0.000
     0.000      0.000
     0.000  15402.740
     0.000  21614.200
     0.000  26244.358
  8999.049  30113.678
 19688.716  31189.004
 29298.580  34293.540
 29583.212  37128.934
 32705.890  34152.395
 36143.449  30644.936
 26882.863  43248.899
 24925.985  40933.578
     0.000  21727.157
     0.000      0.000
     0.000      0.000
     0.000      0.000
     0.000      0.000
     0.000      0.000
     0.000      0.000
# New slice
