# Array shape: (2, 21, 2)
270586.401 287077.886
187248.321  61439.726
201495.045 344479.832
255938.880 399118.898
272743.183 391266.017
312596.676 407247.372
353418.144 429388.223
368715.634 432159.807
401426.416 447808.279
404364.043 492304.615
411131.186 454067.338
458084.278 510052.896
391626.868 444367.542
475191.692 460349.684
310511.293 492674.728
406511.078 473797.811
448641.592 269572.510
254185.251 504876.676
     0.000 489051.406
383386.233 450829.942
279470.780 213122.959
# New slice
270751.502 335855.782
143447.847 380461.999
255021.980 340342.404
180599.327 406941.001
312257.062 391724.682
317808.772 410320.753
351268.558 456247.263
354748.913 469826.844
398219.275 425622.195
423342.336 438363.099
411102.761 471618.105
390413.538 486457.727
471376.448 457478.854
435065.215 459862.665
483529.305 429104.834
444627.324 435293.891
476370.508 426667.132
493187.425 252337.638
437159.465 218655.906
     0.000 454424.339
434051.021 101835.883
# New slice
