# Array shape: (2, 2, 21, 21)
1.000000 0.000000 0.000000 0.000000 0.000000 0.000000 0.000000 0.000000 0.000000 0.000000 0.000000 0.000000 0.000000 0.000000 0.000000 0.000000 0.000000 0.000000 0.000000 0.000000 0.000000
0.666667 0.333333 0.000000 0.000000 0.000000 0.000000 0.000000 0.000000 0.000000 0.000000 0.000000 0.000000 0.000000 0.000000 0.000000 0.000000 0.000000 0.000000 0.000000 0.000000 0.000000
0.400000 0.400000 0.200000 0.000000 0.000000 0.000000 0.000000 0.000000 0.000000 0.000000 0.000000 0.000000 0.000000 0.000000 0.000000 0.000000 0.000000 0.000000 0.000000 0.000000 0.000000
0.222222 0.111111 0.222222 0.444444 0.000000 0.000000 0.000000 0.000000 0.000000 0.000000 0.000000 0.000000 0.000000 0.000000 0.000000 0.000000 0.000000 0.000000 0.000000 0.000000 0.000000
0.050000 0.150000 0.200000 0.400000 0.200000 0.000000 0.000000 0.000000 0.000000 0.000000 0.000000 0.000000 0.000000 0.000000 0.000000 0.000000 0.000000 0.000000 0.000000 0.000000 0.000000
0.045455 0.090909 0.181818 0.318182 0.272727 0.090909 0.000000 0.000000 0.000000 0.000000 0.000000 0.000000 0.000000 0.000000 0.000000 0.000000 0.000000 0.000000 0.000000 0.000000 0.000000
0.052632 0.052632 0.105263 0.210526 0.263158 0.263158 0.052632 0.000000 0.000000 0.000000 0.000000 0.000000 0.000000 0.000000 0.000000 0.000000 0.000000 0.000000 0.000000 0.000000 0.000000
0.034483 0.034483 0.068966 0.172414 0.206897 0.137931 0.310345 0.034483 0.000000 0.000000 0.000000 0.000000 0.000000 0.000000 0.000000 0.000000 0.000000 0.000000 0.000000 0.000000 0.000000
0.076923 0.076923 0.076923 0.076923 0.076923 0.076923 0.153846 0.153846 0.230769 0.000000 0.000000 0.000000 0.000000 0.000000 0.000000 0.000000 0.000000 0.000000 0.000000 0.000000 0.000000
0.083333 0.083333 0.083333 0.083333 0.083333 0.083333 0.083333 0.083333 0.250000 0.083333 0.000000 0.000000 0.000000 0.000000 0.000000 0.000000 0.000000 0.000000 0.000000 0.000000 0.000000
0.090909 0.090909 0.090909 0.090909 0.090909 0.090909 0.090909 0.090909 0.090909 0.090909 0.090909 0.000000 0.000000 0.000000 0.000000 0.000000 0.000000 0.000000 0.000000 0.000000 0.000000
0.076923 0.076923 0.076923 0.076923 0.076923 0.076923 0.153846 0.076923 0.076923 0.076923 0.076923 0.076923 0.000000 0.000000 0.000000 0.000000 0.000000 0.000000 0.000000 0.000000 0.000000
0.050000 0.050000 0.050000 0.050000 0.050000 0.100000 0.050000 0.100000 0.050000 0.150000 0.100000 0.100000 0.100000 0.000000 0.000000 0.000000 0.000000 0.000000 0.000000 0.000000 0.000000
0.071429 0.071429 0.071429 0.071429 0.071429 0.071429 0.071429 0.071429 0.071429 0.071429 0.071429 0.071429 0.071429 0.071429 0.000000 0.000000 0.000000 0.000000 0.000000 0.000000 0.000000
0.066667 0.066667 0.066667 0.066667 0.066667 0.066667 0.066667 0.066667 0.066667 0.066667 0.066667 0.066667 0.066667 0.066667 0.066667 0.000000 0.000000 0.000000 0.000000 0.000000 0.000000
0.062500 0.062500 0.062500 0.062500 0.062500 0.062500 0.062500 0.062500 0.062500 0.062500 0.062500 0.062500 0.062500 0.062500 0.062500 0.062500 0.000000 0.000000 0.000000 0.000000 0.000000
0.058824 0.058824 0.058824 0.058824 0.058824 0.058824 0.058824 0.058824 0.058824 0.058824 0.058824 0.058824 0.058824 0.058824 0.058824 0.058824 0.058824 0.000000 0.000000 0.000000 0.000000
0.055556 0.055556 0.055556 0.055556 0.055556 0.055556 0.055556 0.055556 0.055556 0.055556 0.055556 0.055556 0.055556 0.055556 0.055556 0.055556 0.055556 0.055556 0.000000 0.000000 0.000000
0.052632 0.052632 0.052632 0.052632 0.052632 0.052632 0.052632 0.052632 0.052632 0.052632 0.052632 0.052632 0.052632 0.052632 0.052632 0.052632 0.052632 0.052632 0.052632 0.000000 0.000000
0.050000 0.050000 0.050000 0.050000 0.050000 0.050000 0.050000 0.050000 0.050000 0.050000 0.050000 0.050000 0.050000 0.050000 0.050000 0.050000 0.050000 0.050000 0.050000 0.050000 0.000000
0.047619 0.047619 0.047619 0.047619 0.047619 0.047619 0.047619 0.047619 0.047619 0.047619 0.047619 0.047619 0.047619 0.047619 0.047619 0.047619 0.047619 0.047619 0.047619 0.047619 0.047619
# New slice
0.083333 0.125000 0.041667 0.041667 0.041667 0.041667 0.041667 0.041667 0.041667 0.041667 0.041667 0.041667 0.041667 0.041667 0.041667 0.041667 0.041667 0.041667 0.041667 0.041667 0.041667
0.000000 0.129032 0.193548 0.096774 0.064516 0.032258 0.032258 0.032258 0.032258 0.032258 0.032258 0.032258 0.032258 0.032258 0.032258 0.032258 0.032258 0.032258 0.032258 0.032258 0.032258
0.000000 0.017241 0.189655 0.275862 0.206897 0.034483 0.034483 0.017241 0.017241 0.017241 0.017241 0.017241 0.017241 0.017241 0.017241 0.017241 0.017241 0.017241 0.017241 0.017241 0.017241
0.000000 0.000000 0.057554 0.215827 0.388489 0.151079 0.071942 0.021583 0.007194 0.007194 0.007194 0.007194 0.007194 0.007194 0.007194 0.007194 0.007194 0.007194 0.007194 0.007194 0.007194
0.000000 0.000000 0.004545 0.086364 0.200000 0.377273 0.195455 0.072727 0.009091 0.004545 0.004545 0.004545 0.004545 0.004545 0.004545 0.004545 0.004545 0.004545 0.004545 0.004545 0.004545
0.000000 0.000000 0.009804 0.044118 0.127451 0.171569 0.323529 0.215686 0.039216 0.004902 0.014706 0.004902 0.004902 0.004902 0.004902 0.004902 0.004902 0.004902 0.004902 0.004902 0.004902
0.000000 0.000000 0.006024 0.024096 0.108434 0.132530 0.144578 0.337349 0.144578 0.036145 0.006024 0.006024 0.006024 0.006024 0.006024 0.006024 0.006024 0.006024 0.006024 0.006024 0.006024
0.000000 0.000000 0.000000 0.024793 0.049587 0.082645 0.082645 0.173554 0.314050 0.148760 0.041322 0.008264 0.008264 0.008264 0.008264 0.008264 0.008264 0.008264 0.008264 0.008264 0.008264
0.000000 0.000000 0.000000 0.000000 0.056818 0.090909 0.045455 0.068182 0.215909 0.238636 0.159091 0.011364 0.022727 0.011364 0.011364 0.011364 0.011364 0.011364 0.011364 0.011364 0.011364
0.000000 0.000000 0.000000 0.000000 0.142857 0.053571 0.071429 0.071429 0.017857 0.107143 0.232143 0.142857 0.017857 0.017857 0.017857 0.017857 0.017857 0.017857 0.017857 0.017857 0.017857
0.000000 0.000000 0.000000 0.000000 0.065217 0.130435 0.086957 0.043478 0.065217 0.043478 0.108696 0.130435 0.152174 0.021739 0.021739 0.021739 0.021739 0.021739 0.021739 0.021739 0.021739
0.000000 0.000000 0.000000 0.000000 0.032258 0.129032 0.032258 0.032258 0.032258 0.064516 0.032258 0.193548 0.129032 0.064516 0.064516 0.032258 0.032258 0.032258 0.032258 0.032258 0.032258
0.000000 0.000000 0.000000 0.000000 0.100000 0.000000 0.000000 0.000000 0.000000 0.000000 0.000000 0.000000 0.100000 0.100000 0.100000 0.100000 0.100000 0.100000 0.100000 0.100000 0.100000
0.000000 0.000000 0.000000 0.000000 0.000000 0.000000 0.083333 0.000000 0.083333 0.000000 0.000000 0.083333 0.000000 0.083333 0.166667 0.083333 0.083333 0.083333 0.083333 0.083333 0.083333
0.000000 0.000000 0.000000 0.000000 0.000000 0.000000 0.000000 0.100000 0.000000 0.000000 0.200000 0.000000 0.000000 0.000000 0.100000 0.100000 0.100000 0.100000 0.100000 0.100000 0.100000
0.000000 0.000000 0.000000 0.000000 0.000000 0.000000 0.000000 0.000000 0.000000 0.000000 0.000000 0.000000 0.000000 0.000000 0.000000 0.166667 0.166667 0.166667 0.166667 0.166667 0.166667
0.000000 0.000000 0.000000 0.000000 0.000000 0.000000 0.000000 0.000000 0.000000 0.000000 0.000000 0.000000 0.000000 0.000000 0.000000 0.000000 0.200000 0.200000 0.200000 0.200000 0.200000
0.000000 0.000000 0.000000 0.000000 0.000000 0.000000 0.000000 0.000000 0.000000 0.000000 0.000000 0.000000 0.000000 0.000000 0.000000 0.000000 0.000000 0.250000 0.250000 0.250000 0.250000
0.000000 0.000000 0.000000 0.000000 0.000000 0.000000 0.000000 0.000000 0.000000 0.000000 0.000000 0.000000 0.000000 0.000000 0.000000 0.000000 0.000000 0.000000 0.333333 0.333333 0.333333
0.000000 0.000000 0.000000 0.000000 0.000000 0.000000 0.000000 0.000000 0.000000 0.000000 0.000000 0.000000 0.000000 0.000000 0.000000 0.000000 0.000000 0.000000 0.000000 0.500000 0.500000
0.000000 0.000000 0.000000 0.000000 0.000000 0.000000 0.000000 0.000000 0.000000 0.000000 0.000000 0.000000 0.000000 0.000000 0.000000 0.000000 0.000000 0.000000 0.000000 0.000000 1.000000
# New slice
1.000000 0.000000 0.000000 0.000000 0.000000 0.000000 0.000000 0.000000 0.000000 0.000000 0.000000 0.000000 0.000000 0.000000 0.000000 0.000000 0.000000 0.000000 0.000000 0.000000 0.000000
0.666667 0.333333 0.000000 0.000000 0.000000 0.000000 0.000000 0.000000 0.000000 0.000000 0.000000 0.000000 0.000000 0.000000 0.000000 0.000000 0.000000 0.000000 0.000000 0.000000 0.000000
0.250000 0.500000 0.250000 0.000000 0.000000 0.000000 0.000000 0.000000 0.000000 0.000000 0.000000 0.000000 0.000000 0.000000 0.000000 0.000000 0.000000 0.000000 0.000000 0.000000 0.000000
0.166667 0.333333 0.333333 0.166667 0.000000 0.000000 0.000000 0.000000 0.000000 0.000000 0.000000 0.000000 0.000000 0.000000 0.000000 0.000000 0.000000 0.000000 0.000000 0.000000 0.000000
0.058824 0.058824 0.235294 0.411765 0.235294 0.000000 0.000000 0.000000 0.000000 0.000000 0.000000 0.000000 0.000000 0.000000 0.000000 0.000000 0.000000 0.000000 0.000000 0.000000 0.000000
0.025000 0.025000 0.050000 0.275000 0.475000 0.150000 0.000000 0.000000 0.000000 0.000000 0.000000 0.000000 0.000000 0.000000 0.000000 0.000000 0.000000 0.000000 0.000000 0.000000 0.000000
0.016129 0.032258 0.096774 0.209677 0.241935 0.306452 0.096774 0.000000 0.000000 0.000000 0.000000 0.000000 0.000000 0.000000 0.000000 0.000000 0.000000 0.000000 0.000000 0.000000 0.000000
0.071429 0.071429 0.071429 0.214286 0.071429 0.214286 0.142857 0.142857 0.000000 0.000000 0.000000 0.000000 0.000000 0.000000 0.000000 0.000000 0.000000 0.000000 0.000000 0.000000 0.000000
0.030303 0.030303 0.030303 0.090909 0.121212 0.121212 0.242424 0.272727 0.060606 0.000000 0.000000 0.000000 0.000000 0.000000 0.000000 0.000000 0.000000 0.000000 0.000000 0.000000 0.000000
0.014286 0.014286 0.014286 0.014286 0.114286 0.185714 0.128571 0.242857 0.228571 0.042857 0.000000 0.000000 0.000000 0.000000 0.000000 0.000000 0.000000 0.000000 0.000000 0.000000 0.000000
0.071429 0.071429 0.071429 0.071429 0.071429 0.214286 0.071429 0.071429 0.142857 0.071429 0.071429 0.000000 0.000000 0.000000 0.000000 0.000000 0.000000 0.000000 0.000000 0.000000 0.000000
0.083333 0.083333 0.083333 0.083333 0.083333 0.083333 0.083333 0.083333 0.083333 0.083333 0.083333 0.083333 0.000000 0.000000 0.000000 0.000000 0.000000 0.000000 0.000000 0.000000 0.000000
0.076923 0.076923 0.076923 0.076923 0.076923 0.076923 0.076923 0.076923 0.076923 0.076923 0.076923 0.076923 0.076923 0.000000 0.000000 0.000000 0.000000 0.000000 0.000000 0.000000 0.000000
0.071429 0.071429 0.071429 0.071429 0.071429 0.071429 0.071429 0.071429 0.071429 0.071429 0.071429 0.071429 0.071429 0.071429 0.000000 0.000000 0.000000 0.000000 0.000000 0.000000 0.000000
0.062500 0.062500 0.062500 0.062500 0.062500 0.062500 0.125000 0.062500 0.062500 0.062500 0.062500 0.062500 0.062500 0.062500 0.062500 0.000000 0.000000 0.000000 0.000000 0.000000 0.000000
0.062500 0.062500 0.062500 0.062500 0.062500 0.062500 0.062500 0.062500 0.062500 0.062500 0.062500 0.062500 0.062500 0.062500 0.062500 0.062500 0.000000 0.000000 0.000000 0.000000 0.000000
0.058824 0.058824 0.058824 0.058824 0.058824 0.058824 0.058824 0.058824 0.058824 0.058824 0.058824 0.058824 0.058824 0.058824 0.058824 0.058824 0.058824 0.000000 0.000000 0.000000 0.000000
0.055556 0.055556 0.055556 0.055556 0.055556 0.055556 0.055556 0.055556 0.055556 0.055556 0.055556 0.055556 0.055556 0.055556 0.055556 0.055556 0.055556 0.055556 0.000000 0.000000 0.000000
0.052632 0.052632 0.052632 0.052632 0.052632 0.052632 0.052632 0.052632 0.052632 0.052632 0.052632 0.052632 0.052632 0.052632 0.052632 0.052632 0.052632 0.052632 0.052632 0.000000 0.000000
0.050000 0.050000 0.050000 0.050000 0.050000 0.050000 0.050000 0.050000 0.050000 0.050000 0.050000 0.050000 0.050000 0.050000 0.050000 0.050000 0.050000 0.050000 0.050000 0.050000 0.000000
0.047619 0.047619 0.047619 0.047619 0.047619 0.047619 0.047619 0.047619 0.047619 0.047619 0.047619 0.047619 0.047619 0.047619 0.047619 0.047619 0.047619 0.047619 0.047619 0.047619 0.047619
# New slice
0.120000 0.120000 0.040000 0.040000 0.040000 0.040000 0.040000 0.040000 0.040000 0.040000 0.040000 0.040000 0.040000 0.040000 0.040000 0.040000 0.040000 0.040000 0.040000 0.040000 0.040000
0.000000 0.086957 0.130435 0.043478 0.043478 0.043478 0.043478 0.043478 0.043478 0.043478 0.043478 0.043478 0.043478 0.043478 0.043478 0.043478 0.043478 0.043478 0.043478 0.043478 0.043478
0.000000 0.000000 0.117647 0.264706 0.117647 0.058824 0.029412 0.029412 0.029412 0.029412 0.029412 0.029412 0.029412 0.029412 0.029412 0.029412 0.029412 0.029412 0.029412 0.029412 0.029412
0.000000 0.000000 0.050633 0.113924 0.316456 0.265823 0.075949 0.012658 0.012658 0.012658 0.012658 0.012658 0.012658 0.012658 0.012658 0.012658 0.012658 0.012658 0.012658 0.012658 0.012658
0.000000 0.000000 0.015873 0.142857 0.214286 0.317460 0.158730 0.047619 0.007937 0.007937 0.007937 0.007937 0.007937 0.007937 0.007937 0.007937 0.007937 0.007937 0.007937 0.007937 0.007937
0.000000 0.000000 0.007246 0.050725 0.108696 0.108696 0.304348 0.253623 0.065217 0.021739 0.007246 0.007246 0.007246 0.007246 0.007246 0.007246 0.007246 0.007246 0.007246 0.007246 0.007246
0.000000 0.000000 0.000000 0.026786 0.160714 0.098214 0.187500 0.276786 0.098214 0.053571 0.008929 0.008929 0.008929 0.008929 0.008929 0.008929 0.008929 0.008929 0.008929 0.008929 0.008929
0.000000 0.000000 0.000000 0.044872 0.057692 0.102564 0.121795 0.115385 0.262821 0.179487 0.051282 0.006410 0.006410 0.006410 0.006410 0.006410 0.006410 0.006410 0.006410 0.006410 0.006410
0.000000 0.000000 0.000000 0.019802 0.049505 0.118812 0.099010 0.079208 0.128713 0.148515 0.188119 0.079208 0.009901 0.009901 0.009901 0.009901 0.009901 0.009901 0.009901 0.009901 0.009901
0.000000 0.000000 0.000000 0.000000 0.000000 0.076923 0.000000 0.000000 0.000000 0.076923 0.076923 0.076923 0.076923 0.076923 0.076923 0.076923 0.076923 0.076923 0.076923 0.076923 0.076923
0.000000 0.000000 0.000000 0.000000 0.000000 0.081633 0.061224 0.081633 0.081633 0.020408 0.244898 0.183673 0.040816 0.061224 0.020408 0.020408 0.020408 0.020408 0.020408 0.020408 0.020408
0.000000 0.000000 0.000000 0.000000 0.000000 0.043478 0.043478 0.043478 0.086957 0.086957 0.043478 0.043478 0.173913 0.086957 0.086957 0.043478 0.043478 0.043478 0.043478 0.043478 0.043478
0.000000 0.000000 0.000000 0.000000 0.000000 0.000000 0.058824 0.000000 0.000000 0.058824 0.000000 0.000000 0.117647 0.235294 0.117647 0.117647 0.058824 0.058824 0.058824 0.058824 0.058824
0.000000 0.000000 0.000000 0.000000 0.000000 0.000000 0.000000 0.000000 0.090909 0.000000 0.000000 0.090909 0.000000 0.090909 0.181818 0.090909 0.090909 0.090909 0.090909 0.090909 0.090909
0.000000 0.000000 0.000000 0.000000 0.000000 0.000000 0.000000 0.125000 0.000000 0.000000 0.000000 0.000000 0.000000 0.000000 0.125000 0.125000 0.125000 0.125000 0.125000 0.125000 0.125000
0.000000 0.000000 0.000000 0.000000 0.000000 0.000000 0.000000 0.000000 0.142857 0.000000 0.000000 0.000000 0.000000 0.000000 0.000000 0.142857 0.142857 0.142857 0.142857 0.142857 0.142857
0.000000 0.000000 0.000000 0.000000 0.000000 0.000000 0.000000 0.000000 0.000000 0.000000 0.000000 0.000000 0.000000 0.000000 0.000000 0.000000 0.200000 0.200000 0.200000 0.200000 0.200000
0.000000 0.000000 0.000000 0.000000 0.000000 0.000000 0.000000 0.000000 0.000000 0.000000 0.000000 0.000000 0.000000 0.000000 0.000000 0.000000 0.000000 0.250000 0.250000 0.250000 0.250000
0.000000 0.000000 0.000000 0.000000 0.000000 0.000000 0.000000 0.000000 0.000000 0.000000 0.000000 0.000000 0.000000 0.000000 0.000000 0.000000 0.000000 0.000000 0.333333 0.333333 0.333333
0.000000 0.000000 0.000000 0.000000 0.000000 0.000000 0.000000 0.000000 0.000000 0.000000 0.000000 0.000000 0.000000 0.000000 0.000000 0.000000 0.000000 0.000000 0.000000 0.500000 0.500000
0.000000 0.000000 0.000000 0.000000 0.000000 0.000000 0.000000 0.000000 0.000000 0.000000 0.000000 0.000000 0.000000 0.000000 0.000000 0.000000 0.000000 0.000000 0.000000 0.000000 1.000000
# New slice
