# Array shape: (2, 21, 2)
 14699.087  20078.209
 17865.860  21805.647
 18635.358  25447.617
 23842.679  25778.966
 23783.815  30541.159
 27212.740  32486.082
 29218.931  33017.137
 30815.474  34561.836
 32756.227  35363.536
 33299.029  35690.773
 34537.638  34950.554
 34201.894  32458.737
 34826.940  31398.422
 17855.191  31384.967
 20088.208  31618.091
 26500.078  26262.454
 19244.930  25575.867
 19512.614  21176.398
 18225.991      0.000
     0.000      0.000
     0.000      0.000
# New slice
  8503.858  18508.269
 16661.586      0.000
 20072.985  24329.995
 19964.597  26648.038
 23517.543  27591.119
 24989.021  31263.206
 29180.049  33425.518
 31241.179  33276.102
 32873.395  35139.561
 35003.689  35030.775
 33645.677  33847.238
 32817.661  35191.580
 33600.870  30621.459
     0.000  33793.076
 32078.325  31778.004
 23913.936  30121.419
 27772.351      0.000
     0.000  14292.833
     0.000  12477.358
     0.000      0.000
     0.000      0.000
# New slice
