# Array shape: (2, 21, 2)
529593.135 646236.200
513405.079 841905.058
515795.437 882944.799
697438.463 921189.523
801292.631 971698.308
725020.189 1049986.865
907296.726 1051517.131
1006019.339 1085218.913
962748.280 1056535.368
1046797.494 1088235.647
1072653.911 1062713.481
1037040.052 974895.699
1021767.896 948237.766
556922.107 997699.532
658260.791 908547.150
     0.000 327254.659
530368.844 438382.826
     0.000      0.000
     0.000      0.000
     0.000      0.000
     0.000      0.000
# New slice
316484.033 614398.515
577386.594 243036.869
410302.269 739857.559
668471.654 896674.292
798192.215 927816.273
761877.793 1002099.995
973618.671 1053764.131
1004131.826 1048745.877
989097.110 1092167.939
1046625.290 1089438.520
973461.028 1045524.446
1101188.088 951477.511
813146.070 1059781.012
1042063.032 708833.012
866689.669 545320.818
455766.610 724152.162
445755.003 279815.035
     0.000      0.000
     0.000      0.000
     0.000      0.000
     0.000      0.000
# New slice
