# Array shape: (2, 21, 2)
 24575.208  39398.417
 27812.144      0.000
 30565.011  32367.905
 37827.336      0.000
     0.000  47354.973
 38342.752  50996.443
     0.000  49053.762
 47297.965  53351.103
 50948.793  55843.986
 49720.712  58521.241
 51804.799  62599.326
 52342.235  64442.858
 56452.222  66906.451
 56614.794  68725.185
 59523.479  56728.036
 63098.410  70808.551
 62306.916  72494.187
 68140.895  66547.386
 72317.453  79849.484
 69705.428  70643.713
 74812.318  49774.614
# New slice
 25075.272  35544.791
 30029.587      0.000
 28117.738  40152.513
 17175.939  47737.270
 33249.991      0.000
 35787.221  49005.532
 22159.621  50982.635
 42300.637  54367.627
 47575.312  47693.552
 48357.846  58655.766
 51304.210  69231.581
 47945.396  60406.816
 49797.557  62889.084
 49898.124  51062.565
 61752.277  73216.099
 57713.262  77391.864
 71233.423  62847.499
 64362.258  76832.459
 77364.894  71461.132
 79643.447  79456.952
 76288.296  48812.399
# New slice
