# Array shape: (2, 21, 2)
     0.000  19856.858
     0.000  24698.778
     0.000  31765.551
 21601.972  35773.704
 27995.159  38093.730
 33659.858  42596.629
 35573.373  48679.637
 34355.231  49118.749
 34605.698  53454.001
 39764.429  58908.720
 40721.360  53557.733
 45637.763  62278.505
 46899.226  59358.911
 47836.424  66502.410
 58061.587  50382.834
 57445.367      0.000
     0.000  61532.789
     0.000  52114.182
     0.000  43770.192
     0.000  49896.163
     0.000      0.000
# New slice
     0.000  12656.736
 16446.735   8430.263
     0.000  33479.418
 17047.470  31736.498
 25742.992  39170.708
 25063.305  42987.289
 35205.630  46237.002
 34059.641  41778.806
 33002.771  57736.270
 43420.311  60234.930
 45528.622  61236.446
 49134.167  37235.390
 45334.628  62264.576
 36946.380  57760.156
 33968.269  71121.392
 33124.483  57212.135
     0.000  76004.141
 58263.088      0.000
 63333.743      0.000
 41987.717      0.000
     0.000      0.000
# New slice
