# Array shape: (2, 21, 2)
     0.000  51253.197
 13301.346  50045.259
 45390.253  65726.475
 36268.135  76442.529
 54749.360  74106.766
 55473.653  86211.647
 60019.588  88771.238
 79615.098 103860.736
 82261.780 100155.604
 90869.788 115239.537
107722.370 121201.265
 93670.564 113943.590
106959.362 117040.243
 68201.938 123341.053
104598.897 105716.182
     0.000  86047.824
134205.018      0.000
     0.000 119185.916
     0.000      0.000
     0.000  76292.343
     0.000  83959.288
# New slice
     0.000  15114.412
 28701.189  54567.264
 36197.687  73243.368
 29505.309  62096.145
 52788.096  76521.774
 65481.331  84886.529
 69828.726  92884.231
 63769.687 107083.147
 75244.615  77257.112
 91383.015 108634.653
 78032.718 105251.989
101395.893  80324.526
108544.790 134404.289
 60132.896 126571.699
 79452.592 127023.393
     0.000 114339.543
     0.000  95042.244
     0.000 117949.530
     0.000  91688.342
     0.000      0.000
     0.000  69701.979
# New slice
