# Array shape: (2, 21, 2)
     0.000  29789.451
 12107.672  43623.204
 46879.214  52638.025
 48888.714  55494.444
 47377.597  61537.853
 57556.312  62500.314
 51488.370  65970.883
 60483.203  67965.586
 45953.433  70187.985
 61103.254  66843.155
 50942.275  72802.216
 60164.428  66784.037
 50079.727  69942.630
 42751.788  70013.703
 58972.022  64366.340
     0.000  65328.265
 38449.900  52879.692
     0.000      0.000
     0.000  23900.999
 23222.383      0.000
     0.000      0.000
# New slice
 21525.166  35929.728
 27096.555  48233.120
 47065.188  52516.207
 52027.385  55988.730
 50406.442  56037.527
 57307.582  63212.897
 55882.810  67233.016
 57957.055  69300.329
 65614.319  56732.756
 61489.696  71355.533
 65559.747  61451.625
 69951.529  66887.804
 71329.218  60270.790
 52152.389  73631.963
 75768.335  39113.346
 14298.360  59089.269
 60312.307  48400.462
     0.000  26597.429
     0.000   6189.407
     0.000      0.000
     0.000      0.000
# New slice
