# Array shape: (2, 21, 2)
 49659.365  74012.406
 16796.523 114421.667
 34759.825 124996.870
 85985.984 132601.942
 95997.991 150452.238
113922.961 140385.390
139548.559 150654.642
133527.054 171988.143
145321.072 161971.814
147891.832 192770.799
151661.956 173208.956
170368.403 195511.707
164309.175 206692.896
187749.176 196526.729
205480.123 220349.802
143972.838 230298.791
222753.848 189635.445
229423.800 222382.476
226345.458 211081.474
126039.379 243690.151
246833.156 259123.976
# New slice
 37504.173 109975.471
 85268.689      0.000
 36734.509 119302.133
111330.309  88678.451
111834.433 144317.368
127310.069  64547.239
 84107.163 162571.688
114001.852 152608.059
141431.894 167537.446
157080.978 181798.320
134828.905 165614.695
149993.644 186834.173
163616.829 196160.180
177812.555 180032.690
176995.111 186488.303
215503.943 200160.546
191300.867 244103.494
190897.822 199842.852
234811.019 197262.986
142440.949 268845.029
240130.144 188369.919
# New slice
