# Array shape: (2, 21, 2)
     0.000      0.000
     0.000 315275.227
     0.000 491241.795
302562.582 551066.702
272596.301 557396.337
477248.370 629578.132
568353.004 646846.532
593339.668 528568.779
620531.517 642849.759
643850.534 646623.844
685696.163 465607.745
684240.730 448131.538
651815.288 554781.294
335652.346 415693.294
     0.000      0.000
     0.000      0.000
     0.000      0.000
     0.000      0.000
     0.000      0.000
     0.000      0.000
     0.000      0.000
# New slice
     0.000      0.000
     0.000 406193.615
292944.184 450499.405
211761.931 496480.122
394443.340 600007.431
406061.320 656611.805
554512.940 608224.284
599696.632 670949.985
630201.726 676942.457
677968.456 404063.053
633044.785 653203.133
711368.840 452861.321
303884.695 600241.609
582499.266 345968.617
     0.000      0.000
     0.000      0.000
     0.000      0.000
     0.000      0.000
     0.000      0.000
     0.000      0.000
     0.000      0.000
# New slice
