# Array shape: (2, 21, 2)
 96494.624 214251.944
164909.324 252500.304
203509.584 264064.703
223755.616 308471.269
249499.291 298269.236
289186.282 336367.385
310952.626 349685.965
312241.146 370911.973
327794.959 383360.846
366523.136 387396.481
364666.345 373507.186
387173.065 360078.012
368689.606 266239.571
319979.456 374115.252
286322.693 361138.919
316368.464 238840.714
     0.000 321271.382
271516.033 181903.144
     0.000      0.000
     0.000      0.000
     0.000      0.000
# New slice
131904.084 208310.066
114660.302 219277.863
194795.142 279477.324
197062.099 312463.800
260422.876 315944.176
263099.910 328085.909
306559.034 344237.939
309161.561 377519.748
322757.656 374580.089
327272.371 374687.212
341088.812 381637.797
364520.504 369277.529
385834.185 369457.065
213094.911 375428.909
343290.412 162433.470
     0.000 298555.512
     0.000 311262.413
     0.000 164795.385
     0.000 185310.398
     0.000      0.000
     0.000      0.000
# New slice
