# Array shape: (2, 21, 2)
     0.000   2249.952
     0.000   8265.477
  4932.320   9421.522
  6849.051   9991.175
  7459.152  10695.141
  7286.844  10914.914
  8130.986  10919.531
  8332.644   9287.035
 11439.926   9973.275
 10028.623   9701.143
  4338.194   8816.885
  9801.656   4316.983
  9620.320   1606.344
     0.000   7671.944
     0.000   5972.873
     0.000   5248.350
  5265.418    -74.130
     0.000      0.000
     0.000      0.000
     0.000      0.000
     0.000      0.000
# New slice
     0.000   1564.220
     0.000   4316.420
  2874.386   7741.159
  4428.890   9880.817
  6971.364  11183.975
  7524.389  11502.778
 10808.666   9987.354
  8240.131  11253.867
  8036.655  10938.878
  7009.232  10983.089
  7870.184  10563.701
  3226.868   8832.153
     0.000   9890.400
  8064.227   2583.409
     0.000   6747.412
     0.000   2995.838
     0.000   4284.501
     0.000   2716.568
     0.000      0.000
     0.000      0.000
     0.000      0.000
# New slice
