# Array shape: (2, 21, 2)
 85498.314 145337.875
138293.725      0.000
 91831.285 227092.631
187080.081 234700.270
211785.604 256226.057
213580.793 270435.219
266922.112 269269.059
280734.989 269488.778
228283.198 290016.377
239796.775 300999.247
295998.002 217098.176
 82183.075 293638.992
     0.000 240318.905
159226.461 197091.047
     0.000      0.000
     0.000      0.000
     0.000      0.000
     0.000      0.000
     0.000      0.000
     0.000      0.000
     0.000      0.000
# New slice
132784.032 174759.820
147064.514 196846.105
141426.672 239955.231
165145.974 259200.889
204664.779 263797.738
233861.471 280306.169
277873.614 277163.907
273118.578 290706.004
239844.071 247730.037
266795.182 296239.329
246966.322 291235.351
268469.965 300544.163
296926.499 262114.560
 93631.263 301355.994
159994.821      0.000
     0.000 105176.440
     0.000      0.000
     0.000      0.000
     0.000      0.000
     0.000      0.000
     0.000      0.000
# New slice
