# Array shape: (2, 21, 2)
     0.000      0.000
     0.000      0.000
     0.000 101181.887
     0.000 173917.133
     0.000 193380.530
104221.575 198858.768
176933.893 208594.228
182686.835 217365.450
194391.919 241169.538
192806.879 253361.221
220878.935 214904.727
193473.935 273166.882
201742.795 284169.602
257353.071 254915.186
295755.916 241933.461
197215.500 302070.086
181063.372 308871.059
241127.300 305221.575
337835.825 133099.702
284414.493 226590.802
355813.956 186245.283
# New slice
     0.000      0.000
     0.000      0.000
     0.000      0.000
     0.000 173768.883
     0.000 202292.248
175944.739 207153.000
156258.504 216883.318
184996.176 229668.110
180206.892 263457.602
215214.112 185547.497
189989.408 237783.352
200307.242 186009.409
239687.666 277181.893
242068.091 301810.497
239943.453 265161.330
256518.374 276796.413
278504.502 270227.183
182883.579 301474.266
     0.000 341218.186
273323.782 107294.493
135317.126 266759.168
# New slice
