# Array shape: (2, 21, 2)
     0.000      0.000
     0.000      0.000
     0.000      0.000
     0.000      0.000
     0.000      0.000
     0.000      0.000
     0.000      0.000
     0.000 248646.636
253635.738 426674.965
446890.108 549192.044
548627.819 548032.121
563092.543 523683.209
552107.499 486244.369
     0.000 305670.277
154608.370      0.000
     0.000      0.000
     0.000      0.000
     0.000      0.000
     0.000      0.000
     0.000      0.000
     0.000      0.000
# New slice
     0.000      0.000
     0.000      0.000
     0.000      0.000
     0.000      0.000
     0.000      0.000
     0.000      0.000
     0.000      0.000
     0.000 303456.782
179308.877 499147.459
392615.946 525429.058
376938.336 530686.557
556257.038 546013.182
553337.691 438669.065
210946.628 302013.181
     0.000      0.000
     0.000      0.000
     0.000      0.000
     0.000      0.000
     0.000      0.000
     0.000      0.000
     0.000      0.000
# New slice
