# Array shape: (2, 2, 21, 21)
1.000000 0.000000 0.000000 0.000000 0.000000 0.000000 0.000000 0.000000 0.000000 0.000000 0.000000 0.000000 0.000000 0.000000 0.000000 0.000000 0.000000 0.000000 0.000000 0.000000 0.000000
0.500000 0.500000 0.000000 0.000000 0.000000 0.000000 0.000000 0.000000 0.000000 0.000000 0.000000 0.000000 0.000000 0.000000 0.000000 0.000000 0.000000 0.000000 0.000000 0.000000 0.000000
0.333333 0.333333 0.333333 0.000000 0.000000 0.000000 0.000000 0.000000 0.000000 0.000000 0.000000 0.000000 0.000000 0.000000 0.000000 0.000000 0.000000 0.000000 0.000000 0.000000 0.000000
0.083333 0.500000 0.333333 0.083333 0.000000 0.000000 0.000000 0.000000 0.000000 0.000000 0.000000 0.000000 0.000000 0.000000 0.000000 0.000000 0.000000 0.000000 0.000000 0.000000 0.000000
0.166667 0.166667 0.166667 0.333333 0.166667 0.000000 0.000000 0.000000 0.000000 0.000000 0.000000 0.000000 0.000000 0.000000 0.000000 0.000000 0.000000 0.000000 0.000000 0.000000 0.000000
0.083333 0.083333 0.166667 0.166667 0.250000 0.250000 0.000000 0.000000 0.000000 0.000000 0.000000 0.000000 0.000000 0.000000 0.000000 0.000000 0.000000 0.000000 0.000000 0.000000 0.000000
0.083333 0.083333 0.166667 0.166667 0.250000 0.166667 0.083333 0.000000 0.000000 0.000000 0.000000 0.000000 0.000000 0.000000 0.000000 0.000000 0.000000 0.000000 0.000000 0.000000 0.000000
0.083333 0.083333 0.083333 0.083333 0.250000 0.166667 0.166667 0.083333 0.000000 0.000000 0.000000 0.000000 0.000000 0.000000 0.000000 0.000000 0.000000 0.000000 0.000000 0.000000 0.000000
0.041667 0.041667 0.041667 0.041667 0.083333 0.125000 0.250000 0.291667 0.083333 0.000000 0.000000 0.000000 0.000000 0.000000 0.000000 0.000000 0.000000 0.000000 0.000000 0.000000 0.000000
0.014493 0.014493 0.014493 0.014493 0.014493 0.072464 0.217391 0.333333 0.246377 0.057971 0.000000 0.000000 0.000000 0.000000 0.000000 0.000000 0.000000 0.000000 0.000000 0.000000 0.000000
0.010417 0.010417 0.010417 0.010417 0.010417 0.052083 0.072917 0.260417 0.260417 0.260417 0.041667 0.000000 0.000000 0.000000 0.000000 0.000000 0.000000 0.000000 0.000000 0.000000 0.000000
0.017544 0.017544 0.017544 0.017544 0.017544 0.017544 0.052632 0.052632 0.192982 0.263158 0.263158 0.070175 0.000000 0.000000 0.000000 0.000000 0.000000 0.000000 0.000000 0.000000 0.000000
0.052632 0.052632 0.052632 0.052632 0.052632 0.052632 0.105263 0.052632 0.157895 0.052632 0.157895 0.105263 0.052632 0.000000 0.000000 0.000000 0.000000 0.000000 0.000000 0.000000 0.000000
0.019231 0.019231 0.019231 0.019231 0.019231 0.019231 0.019231 0.019231 0.057692 0.153846 0.173077 0.211538 0.192308 0.057692 0.000000 0.000000 0.000000 0.000000 0.000000 0.000000 0.000000
0.058824 0.058824 0.058824 0.058824 0.058824 0.058824 0.058824 0.058824 0.058824 0.058824 0.058824 0.117647 0.117647 0.058824 0.058824 0.000000 0.000000 0.000000 0.000000 0.000000 0.000000
0.058824 0.058824 0.058824 0.058824 0.058824 0.058824 0.058824 0.058824 0.058824 0.058824 0.058824 0.058824 0.058824 0.117647 0.058824 0.058824 0.000000 0.000000 0.000000 0.000000 0.000000
0.047619 0.047619 0.047619 0.047619 0.047619 0.047619 0.047619 0.047619 0.047619 0.047619 0.047619 0.047619 0.095238 0.095238 0.095238 0.095238 0.047619 0.000000 0.000000 0.000000 0.000000
0.055556 0.055556 0.055556 0.055556 0.055556 0.055556 0.055556 0.055556 0.055556 0.055556 0.055556 0.055556 0.055556 0.055556 0.055556 0.055556 0.055556 0.055556 0.000000 0.000000 0.000000
0.052632 0.052632 0.052632 0.052632 0.052632 0.052632 0.052632 0.052632 0.052632 0.052632 0.052632 0.052632 0.052632 0.052632 0.052632 0.052632 0.052632 0.052632 0.052632 0.000000 0.000000
0.050000 0.050000 0.050000 0.050000 0.050000 0.050000 0.050000 0.050000 0.050000 0.050000 0.050000 0.050000 0.050000 0.050000 0.050000 0.050000 0.050000 0.050000 0.050000 0.050000 0.000000
0.047619 0.047619 0.047619 0.047619 0.047619 0.047619 0.047619 0.047619 0.047619 0.047619 0.047619 0.047619 0.047619 0.047619 0.047619 0.047619 0.047619 0.047619 0.047619 0.047619 0.047619
# New slice
0.047619 0.047619 0.047619 0.047619 0.047619 0.047619 0.047619 0.047619 0.047619 0.047619 0.047619 0.047619 0.047619 0.047619 0.047619 0.047619 0.047619 0.047619 0.047619 0.047619 0.047619
0.000000 0.043478 0.173913 0.043478 0.043478 0.043478 0.043478 0.043478 0.043478 0.043478 0.043478 0.043478 0.043478 0.043478 0.043478 0.043478 0.043478 0.043478 0.043478 0.043478 0.043478
0.000000 0.000000 0.041667 0.166667 0.125000 0.041667 0.041667 0.041667 0.041667 0.041667 0.041667 0.041667 0.041667 0.041667 0.041667 0.041667 0.041667 0.041667 0.041667 0.041667 0.041667
0.000000 0.000000 0.000000 0.052632 0.052632 0.105263 0.052632 0.052632 0.052632 0.052632 0.052632 0.052632 0.052632 0.052632 0.052632 0.052632 0.052632 0.052632 0.052632 0.052632 0.052632
0.000000 0.000000 0.000000 0.051282 0.153846 0.282051 0.153846 0.025641 0.025641 0.025641 0.025641 0.025641 0.025641 0.025641 0.025641 0.025641 0.025641 0.025641 0.025641 0.025641 0.025641
0.000000 0.000000 0.000000 0.000000 0.044444 0.177778 0.333333 0.155556 0.022222 0.022222 0.022222 0.022222 0.022222 0.022222 0.022222 0.022222 0.022222 0.022222 0.022222 0.022222 0.022222
0.000000 0.000000 0.000000 0.000000 0.000000 0.036145 0.204819 0.313253 0.228916 0.084337 0.012048 0.012048 0.012048 0.012048 0.012048 0.012048 0.012048 0.012048 0.012048 0.012048 0.012048
0.000000 0.000000 0.000000 0.000000 0.000000 0.006329 0.044304 0.265823 0.335443 0.221519 0.056962 0.012658 0.006329 0.006329 0.006329 0.006329 0.006329 0.006329 0.006329 0.006329 0.006329
0.000000 0.000000 0.000000 0.000000 0.000000 0.005464 0.038251 0.103825 0.207650 0.371585 0.180328 0.027322 0.021858 0.005464 0.005464 0.005464 0.005464 0.005464 0.005464 0.005464 0.005464
0.000000 0.000000 0.000000 0.000000 0.000000 0.000000 0.011236 0.028090 0.084270 0.252809 0.348315 0.162921 0.050562 0.016854 0.011236 0.005618 0.005618 0.005618 0.005618 0.005618 0.005618
0.000000 0.000000 0.000000 0.000000 0.000000 0.000000 0.000000 0.021505 0.096774 0.096774 0.215054 0.247312 0.193548 0.053763 0.010753 0.010753 0.010753 0.010753 0.010753 0.010753 0.010753
0.000000 0.000000 0.000000 0.000000 0.000000 0.000000 0.000000 0.000000 0.038961 0.090909 0.142857 0.194805 0.233766 0.129870 0.090909 0.012987 0.012987 0.012987 0.012987 0.012987 0.012987
0.000000 0.000000 0.000000 0.000000 0.000000 0.000000 0.000000 0.000000 0.000000 0.109589 0.054795 0.191781 0.205479 0.178082 0.123288 0.068493 0.013699 0.013699 0.013699 0.013699 0.013699
0.000000 0.000000 0.000000 0.000000 0.000000 0.000000 0.000000 0.000000 0.100000 0.000000 0.000000 0.000000 0.100000 0.100000 0.100000 0.100000 0.100000 0.100000 0.100000 0.100000 0.100000
0.000000 0.000000 0.000000 0.000000 0.000000 0.000000 0.000000 0.000000 0.000000 0.026316 0.026316 0.052632 0.131579 0.131579 0.289474 0.131579 0.105263 0.026316 0.026316 0.026316 0.026316
0.000000 0.000000 0.000000 0.000000 0.000000 0.000000 0.000000 0.000000 0.000000 0.052632 0.052632 0.052632 0.000000 0.157895 0.105263 0.157895 0.105263 0.157895 0.052632 0.052632 0.052632
0.000000 0.000000 0.000000 0.000000 0.000000 0.000000 0.000000 0.000000 0.000000 0.000000 0.000000 0.000000 0.000000 0.000000 0.000000 0.000000 0.333333 0.166667 0.166667 0.166667 0.166667
0.000000 0.000000 0.000000 0.000000 0.000000 0.000000 0.000000 0.000000 0.000000 0.000000 0.000000 0.000000 0.000000 0.000000 0.166667 0.000000 0.166667 0.166667 0.166667 0.166667 0.166667
0.000000 0.000000 0.000000 0.000000 0.000000 0.000000 0.000000 0.000000 0.000000 0.000000 0.000000 0.000000 0.000000 0.000000 0.000000 0.000000 0.000000 0.000000 0.333333 0.333333 0.333333
0.000000 0.000000 0.000000 0.000000 0.000000 0.000000 0.000000 0.000000 0.000000 0.000000 0.000000 0.000000 0.000000 0.000000 0.000000 0.000000 0.000000 0.000000 0.000000 0.500000 0.500000
0.000000 0.000000 0.000000 0.000000 0.000000 0.000000 0.000000 0.000000 0.000000 0.000000 0.000000 0.000000 0.000000 0.000000 0.000000 0.000000 0.000000 0.000000 0.000000 0.000000 1.000000
# New slice
1.000000 0.000000 0.000000 0.000000 0.000000 0.000000 0.000000 0.000000 0.000000 0.000000 0.000000 0.000000 0.000000 0.000000 0.000000 0.000000 0.000000 0.000000 0.000000 0.000000 0.000000
0.500000 0.500000 0.000000 0.000000 0.000000 0.000000 0.000000 0.000000 0.000000 0.000000 0.000000 0.000000 0.000000 0.000000 0.000000 0.000000 0.000000 0.000000 0.000000 0.000000 0.000000
0.333333 0.333333 0.333333 0.000000 0.000000 0.000000 0.000000 0.000000 0.000000 0.000000 0.000000 0.000000 0.000000 0.000000 0.000000 0.000000 0.000000 0.000000 0.000000 0.000000 0.000000
0.250000 0.250000 0.250000 0.250000 0.000000 0.000000 0.000000 0.000000 0.000000 0.000000 0.000000 0.000000 0.000000 0.000000 0.000000 0.000000 0.000000 0.000000 0.000000 0.000000 0.000000
0.200000 0.200000 0.200000 0.200000 0.200000 0.000000 0.000000 0.000000 0.000000 0.000000 0.000000 0.000000 0.000000 0.000000 0.000000 0.000000 0.000000 0.000000 0.000000 0.000000 0.000000
0.166667 0.166667 0.166667 0.166667 0.166667 0.166667 0.000000 0.000000 0.000000 0.000000 0.000000 0.000000 0.000000 0.000000 0.000000 0.000000 0.000000 0.000000 0.000000 0.000000 0.000000
0.027778 0.027778 0.027778 0.083333 0.305556 0.361111 0.166667 0.000000 0.000000 0.000000 0.000000 0.000000 0.000000 0.000000 0.000000 0.000000 0.000000 0.000000 0.000000 0.000000 0.000000
0.062500 0.062500 0.062500 0.062500 0.187500 0.187500 0.250000 0.125000 0.000000 0.000000 0.000000 0.000000 0.000000 0.000000 0.000000 0.000000 0.000000 0.000000 0.000000 0.000000 0.000000
0.066667 0.066667 0.066667 0.066667 0.066667 0.200000 0.200000 0.200000 0.066667 0.000000 0.000000 0.000000 0.000000 0.000000 0.000000 0.000000 0.000000 0.000000 0.000000 0.000000 0.000000
0.031250 0.031250 0.031250 0.031250 0.031250 0.093750 0.250000 0.281250 0.156250 0.062500 0.000000 0.000000 0.000000 0.000000 0.000000 0.000000 0.000000 0.000000 0.000000 0.000000 0.000000
0.025000 0.025000 0.025000 0.025000 0.025000 0.050000 0.075000 0.325000 0.200000 0.175000 0.050000 0.000000 0.000000 0.000000 0.000000 0.000000 0.000000 0.000000 0.000000 0.000000 0.000000
0.066667 0.066667 0.066667 0.066667 0.066667 0.066667 0.066667 0.066667 0.133333 0.200000 0.066667 0.066667 0.000000 0.000000 0.000000 0.000000 0.000000 0.000000 0.000000 0.000000 0.000000
0.062500 0.062500 0.062500 0.062500 0.062500 0.062500 0.062500 0.125000 0.062500 0.125000 0.125000 0.062500 0.062500 0.000000 0.000000 0.000000 0.000000 0.000000 0.000000 0.000000 0.000000
0.062500 0.062500 0.062500 0.062500 0.062500 0.062500 0.062500 0.062500 0.062500 0.062500 0.062500 0.062500 0.187500 0.062500 0.000000 0.000000 0.000000 0.000000 0.000000 0.000000 0.000000
0.062500 0.062500 0.062500 0.062500 0.062500 0.062500 0.062500 0.062500 0.062500 0.125000 0.062500 0.062500 0.062500 0.062500 0.062500 0.000000 0.000000 0.000000 0.000000 0.000000 0.000000
0.058824 0.058824 0.058824 0.058824 0.058824 0.058824 0.058824 0.058824 0.058824 0.058824 0.058824 0.058824 0.058824 0.058824 0.117647 0.058824 0.000000 0.000000 0.000000 0.000000 0.000000
0.058824 0.058824 0.058824 0.058824 0.058824 0.058824 0.058824 0.058824 0.058824 0.058824 0.058824 0.058824 0.058824 0.058824 0.058824 0.058824 0.058824 0.000000 0.000000 0.000000 0.000000
0.055556 0.055556 0.055556 0.055556 0.055556 0.055556 0.055556 0.055556 0.055556 0.055556 0.055556 0.055556 0.055556 0.055556 0.055556 0.055556 0.055556 0.055556 0.000000 0.000000 0.000000
0.050000 0.050000 0.050000 0.050000 0.050000 0.050000 0.050000 0.050000 0.050000 0.050000 0.050000 0.050000 0.050000 0.050000 0.050000 0.100000 0.050000 0.050000 0.050000 0.000000 0.000000
0.050000 0.050000 0.050000 0.050000 0.050000 0.050000 0.050000 0.050000 0.050000 0.050000 0.050000 0.050000 0.050000 0.050000 0.050000 0.050000 0.050000 0.050000 0.050000 0.050000 0.000000
0.047619 0.047619 0.047619 0.047619 0.047619 0.047619 0.047619 0.047619 0.047619 0.047619 0.047619 0.047619 0.047619 0.047619 0.047619 0.047619 0.047619 0.047619 0.047619 0.047619 0.047619
# New slice
0.047619 0.047619 0.047619 0.047619 0.047619 0.047619 0.047619 0.047619 0.047619 0.047619 0.047619 0.047619 0.047619 0.047619 0.047619 0.047619 0.047619 0.047619 0.047619 0.047619 0.047619
0.000000 0.045455 0.045455 0.090909 0.090909 0.045455 0.045455 0.045455 0.045455 0.045455 0.045455 0.045455 0.045455 0.045455 0.045455 0.045455 0.045455 0.045455 0.045455 0.045455 0.045455
0.000000 0.000000 0.086957 0.130435 0.086957 0.043478 0.043478 0.043478 0.043478 0.043478 0.043478 0.043478 0.043478 0.043478 0.043478 0.043478 0.043478 0.043478 0.043478 0.043478 0.043478
0.000000 0.000000 0.000000 0.115385 0.230769 0.038462 0.076923 0.038462 0.038462 0.038462 0.038462 0.038462 0.038462 0.038462 0.038462 0.038462 0.038462 0.038462 0.038462 0.038462 0.038462
0.000000 0.000000 0.000000 0.028571 0.171429 0.171429 0.200000 0.028571 0.057143 0.028571 0.028571 0.028571 0.028571 0.028571 0.028571 0.028571 0.028571 0.028571 0.028571 0.028571 0.028571
0.000000 0.000000 0.000000 0.018519 0.018519 0.166667 0.314815 0.185185 0.074074 0.018519 0.018519 0.018519 0.018519 0.018519 0.018519 0.018519 0.018519 0.018519 0.018519 0.018519 0.018519
0.000000 0.000000 0.000000 0.000000 0.000000 0.000000 0.166667 0.270833 0.270833 0.062500 0.020833 0.020833 0.020833 0.020833 0.020833 0.020833 0.020833 0.020833 0.020833 0.020833 0.020833
0.000000 0.000000 0.000000 0.000000 0.000000 0.010000 0.020000 0.260000 0.350000 0.200000 0.050000 0.020000 0.010000 0.010000 0.010000 0.010000 0.010000 0.010000 0.010000 0.010000 0.010000
0.000000 0.000000 0.000000 0.000000 0.000000 0.023438 0.015625 0.093750 0.195312 0.328125 0.234375 0.039062 0.007812 0.007812 0.007812 0.007812 0.007812 0.007812 0.007812 0.007812 0.007812
0.000000 0.000000 0.000000 0.000000 0.000000 0.000000 0.014388 0.043165 0.100719 0.280576 0.330935 0.122302 0.050360 0.007194 0.007194 0.007194 0.007194 0.007194 0.007194 0.007194 0.007194
0.000000 0.000000 0.000000 0.000000 0.000000 0.000000 0.000000 0.016529 0.099174 0.165289 0.247934 0.272727 0.115702 0.024793 0.008264 0.008264 0.008264 0.008264 0.008264 0.008264 0.008264
0.000000 0.000000 0.000000 0.000000 0.000000 0.000000 0.000000 0.012346 0.037037 0.123457 0.197531 0.246914 0.185185 0.086420 0.037037 0.012346 0.012346 0.012346 0.012346 0.012346 0.012346
0.000000 0.000000 0.000000 0.000000 0.000000 0.000000 0.000000 0.000000 0.000000 0.084507 0.154930 0.112676 0.211268 0.211268 0.112676 0.042254 0.014085 0.014085 0.014085 0.014085 0.014085
0.000000 0.000000 0.000000 0.000000 0.000000 0.000000 0.000000 0.000000 0.000000 0.025641 0.153846 0.051282 0.102564 0.179487 0.179487 0.179487 0.025641 0.025641 0.025641 0.025641 0.025641
0.000000 0.000000 0.000000 0.000000 0.000000 0.000000 0.000000 0.000000 0.000000 0.000000 0.000000 0.111111 0.074074 0.185185 0.222222 0.185185 0.074074 0.037037 0.037037 0.037037 0.037037
0.000000 0.000000 0.000000 0.000000 0.000000 0.000000 0.000000 0.000000 0.058824 0.000000 0.000000 0.000000 0.176471 0.058824 0.117647 0.117647 0.176471 0.117647 0.058824 0.058824 0.058824
0.000000 0.000000 0.000000 0.000000 0.000000 0.000000 0.000000 0.000000 0.000000 0.000000 0.000000 0.000000 0.100000 0.000000 0.200000 0.000000 0.200000 0.200000 0.100000 0.100000 0.100000
0.000000 0.000000 0.000000 0.000000 0.000000 0.000000 0.000000 0.000000 0.000000 0.000000 0.000000 0.000000 0.000000 0.000000 0.000000 0.142857 0.000000 0.285714 0.285714 0.142857 0.142857
0.000000 0.000000 0.000000 0.000000 0.000000 0.000000 0.000000 0.000000 0.000000 0.000000 0.000000 0.000000 0.000000 0.000000 0.000000 0.000000 0.000000 0.000000 0.333333 0.333333 0.333333
0.000000 0.000000 0.000000 0.000000 0.000000 0.000000 0.000000 0.000000 0.000000 0.000000 0.000000 0.000000 0.000000 0.000000 0.000000 0.000000 0.000000 0.000000 0.000000 0.500000 0.500000
0.000000 0.000000 0.000000 0.000000 0.000000 0.000000 0.000000 0.000000 0.000000 0.000000 0.000000 0.000000 0.000000 0.000000 0.000000 0.000000 0.000000 0.000000 0.000000 0.000000 1.000000
# New slice
