# Array shape: (2, 2, 21, 21)
1.000000 0.000000 0.000000 0.000000 0.000000 0.000000 0.000000 0.000000 0.000000 0.000000 0.000000 0.000000 0.000000 0.000000 0.000000 0.000000 0.000000 0.000000 0.000000 0.000000 0.000000
0.500000 0.500000 0.000000 0.000000 0.000000 0.000000 0.000000 0.000000 0.000000 0.000000 0.000000 0.000000 0.000000 0.000000 0.000000 0.000000 0.000000 0.000000 0.000000 0.000000 0.000000
0.333333 0.333333 0.333333 0.000000 0.000000 0.000000 0.000000 0.000000 0.000000 0.000000 0.000000 0.000000 0.000000 0.000000 0.000000 0.000000 0.000000 0.000000 0.000000 0.000000 0.000000
0.250000 0.250000 0.250000 0.250000 0.000000 0.000000 0.000000 0.000000 0.000000 0.000000 0.000000 0.000000 0.000000 0.000000 0.000000 0.000000 0.000000 0.000000 0.000000 0.000000 0.000000
0.200000 0.200000 0.200000 0.200000 0.200000 0.000000 0.000000 0.000000 0.000000 0.000000 0.000000 0.000000 0.000000 0.000000 0.000000 0.000000 0.000000 0.000000 0.000000 0.000000 0.000000
0.166667 0.166667 0.166667 0.166667 0.166667 0.166667 0.000000 0.000000 0.000000 0.000000 0.000000 0.000000 0.000000 0.000000 0.000000 0.000000 0.000000 0.000000 0.000000 0.000000 0.000000
0.100000 0.100000 0.100000 0.200000 0.100000 0.200000 0.200000 0.000000 0.000000 0.000000 0.000000 0.000000 0.000000 0.000000 0.000000 0.000000 0.000000 0.000000 0.000000 0.000000 0.000000
0.100000 0.100000 0.100000 0.100000 0.200000 0.100000 0.200000 0.100000 0.000000 0.000000 0.000000 0.000000 0.000000 0.000000 0.000000 0.000000 0.000000 0.000000 0.000000 0.000000 0.000000
0.111111 0.111111 0.111111 0.111111 0.111111 0.111111 0.111111 0.111111 0.111111 0.000000 0.000000 0.000000 0.000000 0.000000 0.000000 0.000000 0.000000 0.000000 0.000000 0.000000 0.000000
0.066667 0.066667 0.066667 0.066667 0.066667 0.066667 0.066667 0.133333 0.266667 0.133333 0.000000 0.000000 0.000000 0.000000 0.000000 0.000000 0.000000 0.000000 0.000000 0.000000 0.000000
0.062500 0.062500 0.062500 0.062500 0.062500 0.062500 0.062500 0.125000 0.062500 0.187500 0.187500 0.000000 0.000000 0.000000 0.000000 0.000000 0.000000 0.000000 0.000000 0.000000 0.000000
0.047619 0.047619 0.047619 0.047619 0.047619 0.047619 0.047619 0.047619 0.047619 0.238095 0.238095 0.095238 0.000000 0.000000 0.000000 0.000000 0.000000 0.000000 0.000000 0.000000 0.000000
0.041667 0.041667 0.041667 0.041667 0.041667 0.041667 0.041667 0.041667 0.041667 0.125000 0.083333 0.166667 0.250000 0.000000 0.000000 0.000000 0.000000 0.000000 0.000000 0.000000 0.000000
0.025000 0.025000 0.025000 0.025000 0.025000 0.025000 0.025000 0.025000 0.025000 0.025000 0.150000 0.150000 0.275000 0.175000 0.000000 0.000000 0.000000 0.000000 0.000000 0.000000 0.000000
0.022222 0.022222 0.022222 0.022222 0.022222 0.022222 0.022222 0.022222 0.022222 0.022222 0.022222 0.066667 0.222222 0.333333 0.133333 0.000000 0.000000 0.000000 0.000000 0.000000 0.000000
0.020833 0.020833 0.020833 0.020833 0.020833 0.020833 0.020833 0.020833 0.020833 0.020833 0.020833 0.041667 0.041667 0.208333 0.291667 0.187500 0.000000 0.000000 0.000000 0.000000 0.000000
0.014493 0.014493 0.014493 0.014493 0.014493 0.014493 0.014493 0.014493 0.028986 0.014493 0.014493 0.014493 0.028986 0.057971 0.188406 0.362319 0.173913 0.000000 0.000000 0.000000 0.000000
0.012346 0.012346 0.012346 0.012346 0.012346 0.012346 0.012346 0.012346 0.012346 0.012346 0.012346 0.012346 0.012346 0.061728 0.012346 0.185185 0.320988 0.259259 0.000000 0.000000 0.000000
0.015385 0.015385 0.015385 0.015385 0.015385 0.015385 0.015385 0.015385 0.015385 0.015385 0.015385 0.015385 0.015385 0.015385 0.015385 0.061538 0.230769 0.323077 0.153846 0.000000 0.000000
0.027027 0.027027 0.027027 0.027027 0.027027 0.027027 0.027027 0.027027 0.027027 0.027027 0.027027 0.027027 0.027027 0.027027 0.027027 0.081081 0.081081 0.108108 0.270270 0.054054 0.000000
0.019608 0.019608 0.019608 0.019608 0.019608 0.019608 0.019608 0.019608 0.039216 0.019608 0.019608 0.019608 0.019608 0.019608 0.019608 0.019608 0.019608 0.117647 0.098039 0.235294 0.196078
# New slice
0.047619 0.047619 0.047619 0.047619 0.047619 0.047619 0.047619 0.047619 0.047619 0.047619 0.047619 0.047619 0.047619 0.047619 0.047619 0.047619 0.047619 0.047619 0.047619 0.047619 0.047619
0.000000 0.050000 0.050000 0.050000 0.050000 0.050000 0.050000 0.050000 0.050000 0.050000 0.050000 0.050000 0.050000 0.050000 0.050000 0.050000 0.050000 0.050000 0.050000 0.050000 0.050000
0.000000 0.000000 0.052632 0.052632 0.052632 0.052632 0.052632 0.052632 0.052632 0.052632 0.052632 0.052632 0.052632 0.052632 0.052632 0.052632 0.052632 0.052632 0.052632 0.052632 0.052632
0.000000 0.000000 0.000000 0.052632 0.105263 0.052632 0.052632 0.052632 0.052632 0.052632 0.052632 0.052632 0.052632 0.052632 0.052632 0.052632 0.052632 0.052632 0.052632 0.052632 0.052632
0.000000 0.000000 0.000000 0.000000 0.055556 0.111111 0.055556 0.055556 0.055556 0.055556 0.055556 0.055556 0.055556 0.055556 0.055556 0.055556 0.055556 0.055556 0.055556 0.055556 0.055556
0.000000 0.000000 0.000000 0.000000 0.000000 0.100000 0.200000 0.050000 0.050000 0.050000 0.050000 0.050000 0.050000 0.050000 0.050000 0.050000 0.050000 0.050000 0.050000 0.050000 0.050000
0.000000 0.000000 0.000000 0.000000 0.000000 0.000000 0.058824 0.058824 0.176471 0.058824 0.058824 0.058824 0.058824 0.058824 0.058824 0.058824 0.058824 0.058824 0.058824 0.058824 0.058824
0.000000 0.000000 0.000000 0.000000 0.000000 0.000000 0.000000 0.095238 0.095238 0.190476 0.095238 0.095238 0.047619 0.047619 0.047619 0.047619 0.047619 0.047619 0.047619 0.047619 0.047619
0.000000 0.000000 0.000000 0.000000 0.000000 0.000000 0.000000 0.000000 0.137931 0.379310 0.137931 0.034483 0.034483 0.034483 0.034483 0.034483 0.034483 0.034483 0.034483 0.034483 0.034483
0.000000 0.000000 0.000000 0.000000 0.000000 0.000000 0.000000 0.000000 0.000000 0.281250 0.312500 0.125000 0.031250 0.031250 0.031250 0.031250 0.031250 0.031250 0.031250 0.031250 0.031250
0.000000 0.000000 0.000000 0.000000 0.000000 0.000000 0.000000 0.000000 0.000000 0.029412 0.264706 0.323529 0.147059 0.029412 0.029412 0.029412 0.029412 0.029412 0.029412 0.029412 0.029412
0.000000 0.000000 0.000000 0.000000 0.000000 0.000000 0.000000 0.000000 0.021277 0.000000 0.000000 0.191489 0.425532 0.148936 0.063830 0.042553 0.021277 0.021277 0.021277 0.021277 0.021277
0.000000 0.000000 0.000000 0.000000 0.000000 0.000000 0.000000 0.000000 0.000000 0.000000 0.000000 0.000000 0.150943 0.471698 0.226415 0.056604 0.018868 0.018868 0.018868 0.018868 0.018868
0.000000 0.000000 0.000000 0.000000 0.000000 0.000000 0.000000 0.000000 0.000000 0.000000 0.000000 0.000000 0.000000 0.260000 0.340000 0.220000 0.080000 0.040000 0.020000 0.020000 0.020000
0.000000 0.000000 0.000000 0.000000 0.000000 0.000000 0.000000 0.000000 0.016667 0.016667 0.000000 0.000000 0.000000 0.000000 0.233333 0.350000 0.266667 0.066667 0.016667 0.016667 0.016667
0.000000 0.000000 0.000000 0.000000 0.000000 0.000000 0.000000 0.000000 0.025641 0.000000 0.000000 0.000000 0.000000 0.000000 0.000000 0.243590 0.500000 0.166667 0.038462 0.012821 0.012821
0.000000 0.000000 0.000000 0.000000 0.000000 0.000000 0.000000 0.000000 0.009709 0.000000 0.000000 0.000000 0.000000 0.000000 0.009709 0.009709 0.271845 0.398058 0.213592 0.077670 0.009709
0.000000 0.000000 0.000000 0.000000 0.000000 0.000000 0.000000 0.000000 0.012048 0.000000 0.000000 0.000000 0.000000 0.000000 0.000000 0.000000 0.024096 0.253012 0.493976 0.132530 0.084337
0.000000 0.000000 0.000000 0.000000 0.000000 0.000000 0.000000 0.000000 0.000000 0.000000 0.000000 0.000000 0.000000 0.000000 0.000000 0.000000 0.056604 0.018868 0.358491 0.339623 0.226415
0.000000 0.000000 0.000000 0.000000 0.000000 0.000000 0.000000 0.000000 0.000000 0.024390 0.000000 0.000000 0.000000 0.000000 0.000000 0.000000 0.024390 0.219512 0.073171 0.317073 0.341463
0.000000 0.000000 0.000000 0.000000 0.000000 0.000000 0.000000 0.000000 0.000000 0.000000 0.000000 0.000000 0.000000 0.000000 0.000000 0.000000 0.037037 0.074074 0.185185 0.222222 0.481481
# New slice
1.000000 0.000000 0.000000 0.000000 0.000000 0.000000 0.000000 0.000000 0.000000 0.000000 0.000000 0.000000 0.000000 0.000000 0.000000 0.000000 0.000000 0.000000 0.000000 0.000000 0.000000
0.500000 0.500000 0.000000 0.000000 0.000000 0.000000 0.000000 0.000000 0.000000 0.000000 0.000000 0.000000 0.000000 0.000000 0.000000 0.000000 0.000000 0.000000 0.000000 0.000000 0.000000
0.333333 0.333333 0.333333 0.000000 0.000000 0.000000 0.000000 0.000000 0.000000 0.000000 0.000000 0.000000 0.000000 0.000000 0.000000 0.000000 0.000000 0.000000 0.000000 0.000000 0.000000
0.250000 0.250000 0.250000 0.250000 0.000000 0.000000 0.000000 0.000000 0.000000 0.000000 0.000000 0.000000 0.000000 0.000000 0.000000 0.000000 0.000000 0.000000 0.000000 0.000000 0.000000
0.166667 0.166667 0.166667 0.333333 0.166667 0.000000 0.000000 0.000000 0.000000 0.000000 0.000000 0.000000 0.000000 0.000000 0.000000 0.000000 0.000000 0.000000 0.000000 0.000000 0.000000
0.111111 0.111111 0.222222 0.111111 0.111111 0.333333 0.000000 0.000000 0.000000 0.000000 0.000000 0.000000 0.000000 0.000000 0.000000 0.000000 0.000000 0.000000 0.000000 0.000000 0.000000
0.100000 0.100000 0.100000 0.100000 0.100000 0.300000 0.200000 0.000000 0.000000 0.000000 0.000000 0.000000 0.000000 0.000000 0.000000 0.000000 0.000000 0.000000 0.000000 0.000000 0.000000
0.100000 0.100000 0.100000 0.100000 0.100000 0.300000 0.100000 0.100000 0.000000 0.000000 0.000000 0.000000 0.000000 0.000000 0.000000 0.000000 0.000000 0.000000 0.000000 0.000000 0.000000
0.066667 0.066667 0.066667 0.066667 0.066667 0.066667 0.133333 0.333333 0.133333 0.000000 0.000000 0.000000 0.000000 0.000000 0.000000 0.000000 0.000000 0.000000 0.000000 0.000000 0.000000
0.047619 0.047619 0.047619 0.047619 0.047619 0.095238 0.095238 0.238095 0.190476 0.142857 0.000000 0.000000 0.000000 0.000000 0.000000 0.000000 0.000000 0.000000 0.000000 0.000000 0.000000
0.062500 0.062500 0.062500 0.062500 0.062500 0.062500 0.062500 0.062500 0.187500 0.187500 0.125000 0.000000 0.000000 0.000000 0.000000 0.000000 0.000000 0.000000 0.000000 0.000000 0.000000
0.047619 0.047619 0.047619 0.047619 0.047619 0.047619 0.047619 0.047619 0.095238 0.142857 0.190476 0.190476 0.000000 0.000000 0.000000 0.000000 0.000000 0.000000 0.000000 0.000000 0.000000
0.033333 0.033333 0.033333 0.033333 0.033333 0.033333 0.033333 0.033333 0.100000 0.033333 0.166667 0.300000 0.133333 0.000000 0.000000 0.000000 0.000000 0.000000 0.000000 0.000000 0.000000
0.022727 0.022727 0.022727 0.022727 0.022727 0.022727 0.022727 0.022727 0.045455 0.022727 0.068182 0.159091 0.272727 0.250000 0.000000 0.000000 0.000000 0.000000 0.000000 0.000000 0.000000
0.026316 0.026316 0.026316 0.026316 0.026316 0.026316 0.026316 0.026316 0.026316 0.026316 0.052632 0.078947 0.131579 0.263158 0.210526 0.000000 0.000000 0.000000 0.000000 0.000000 0.000000
0.018182 0.018182 0.018182 0.018182 0.018182 0.018182 0.018182 0.018182 0.018182 0.018182 0.018182 0.036364 0.109091 0.163636 0.327273 0.163636 0.000000 0.000000 0.000000 0.000000 0.000000
0.011905 0.011905 0.011905 0.011905 0.011905 0.011905 0.011905 0.011905 0.023810 0.023810 0.011905 0.011905 0.035714 0.059524 0.166667 0.321429 0.250000 0.000000 0.000000 0.000000 0.000000
0.011905 0.011905 0.011905 0.011905 0.011905 0.011905 0.011905 0.011905 0.023810 0.023810 0.011905 0.011905 0.011905 0.023810 0.071429 0.154762 0.428571 0.142857 0.000000 0.000000 0.000000
0.011111 0.011111 0.011111 0.011111 0.011111 0.011111 0.011111 0.011111 0.011111 0.011111 0.011111 0.011111 0.011111 0.011111 0.033333 0.066667 0.233333 0.388889 0.122222 0.000000 0.000000
0.015625 0.015625 0.015625 0.015625 0.015625 0.015625 0.015625 0.015625 0.015625 0.015625 0.015625 0.015625 0.015625 0.015625 0.031250 0.031250 0.078125 0.156250 0.375000 0.109375 0.000000
0.033333 0.033333 0.033333 0.033333 0.033333 0.033333 0.033333 0.033333 0.033333 0.033333 0.033333 0.033333 0.033333 0.033333 0.033333 0.066667 0.066667 0.066667 0.100000 0.066667 0.133333
# New slice
0.047619 0.047619 0.047619 0.047619 0.047619 0.047619 0.047619 0.047619 0.047619 0.047619 0.047619 0.047619 0.047619 0.047619 0.047619 0.047619 0.047619 0.047619 0.047619 0.047619 0.047619
0.000000 0.050000 0.050000 0.050000 0.050000 0.050000 0.050000 0.050000 0.050000 0.050000 0.050000 0.050000 0.050000 0.050000 0.050000 0.050000 0.050000 0.050000 0.050000 0.050000 0.050000
0.000000 0.000000 0.050000 0.050000 0.050000 0.100000 0.050000 0.050000 0.050000 0.050000 0.050000 0.050000 0.050000 0.050000 0.050000 0.050000 0.050000 0.050000 0.050000 0.050000 0.050000
0.000000 0.000000 0.000000 0.100000 0.050000 0.100000 0.050000 0.050000 0.050000 0.050000 0.050000 0.050000 0.050000 0.050000 0.050000 0.050000 0.050000 0.050000 0.050000 0.050000 0.050000
0.000000 0.000000 0.000000 0.000000 0.058824 0.058824 0.058824 0.058824 0.058824 0.058824 0.058824 0.058824 0.058824 0.058824 0.058824 0.058824 0.058824 0.058824 0.058824 0.058824 0.058824
0.000000 0.000000 0.000000 0.000000 0.000000 0.090909 0.227273 0.090909 0.045455 0.045455 0.045455 0.045455 0.045455 0.045455 0.045455 0.045455 0.045455 0.045455 0.045455 0.045455 0.045455
0.000000 0.000000 0.000000 0.000000 0.000000 0.000000 0.181818 0.181818 0.090909 0.045455 0.045455 0.045455 0.045455 0.045455 0.045455 0.045455 0.045455 0.045455 0.045455 0.045455 0.045455
0.000000 0.000000 0.000000 0.000000 0.000000 0.000000 0.000000 0.227273 0.136364 0.090909 0.090909 0.045455 0.045455 0.045455 0.045455 0.045455 0.045455 0.045455 0.045455 0.045455 0.045455
0.000000 0.000000 0.000000 0.000000 0.000000 0.000000 0.000000 0.000000 0.210526 0.315789 0.210526 0.026316 0.026316 0.026316 0.026316 0.026316 0.026316 0.026316 0.026316 0.026316 0.026316
0.000000 0.000000 0.000000 0.000000 0.000000 0.000000 0.000000 0.000000 0.025641 0.179487 0.461538 0.102564 0.025641 0.025641 0.025641 0.025641 0.025641 0.025641 0.025641 0.025641 0.025641
0.000000 0.000000 0.000000 0.000000 0.000000 0.000000 0.000000 0.000000 0.000000 0.000000 0.080000 0.480000 0.240000 0.060000 0.020000 0.020000 0.020000 0.020000 0.020000 0.020000 0.020000
0.000000 0.000000 0.000000 0.000000 0.000000 0.000000 0.000000 0.000000 0.000000 0.000000 0.000000 0.227273 0.295455 0.227273 0.113636 0.022727 0.022727 0.022727 0.022727 0.022727 0.022727
0.000000 0.000000 0.000000 0.000000 0.000000 0.000000 0.000000 0.000000 0.000000 0.040000 0.000000 0.000000 0.200000 0.360000 0.200000 0.080000 0.040000 0.020000 0.020000 0.020000 0.020000
0.000000 0.000000 0.000000 0.000000 0.000000 0.000000 0.000000 0.000000 0.000000 0.000000 0.000000 0.000000 0.000000 0.241935 0.387097 0.225806 0.080645 0.016129 0.016129 0.016129 0.016129
0.000000 0.000000 0.000000 0.000000 0.000000 0.000000 0.000000 0.000000 0.000000 0.000000 0.000000 0.000000 0.000000 0.000000 0.289474 0.381579 0.171053 0.105263 0.026316 0.013158 0.013158
0.000000 0.000000 0.000000 0.000000 0.000000 0.000000 0.000000 0.000000 0.024096 0.000000 0.000000 0.000000 0.000000 0.000000 0.000000 0.240964 0.445783 0.216867 0.048193 0.012048 0.012048
0.000000 0.000000 0.000000 0.000000 0.000000 0.000000 0.000000 0.000000 0.011494 0.011494 0.000000 0.000000 0.000000 0.000000 0.000000 0.000000 0.160920 0.459770 0.218391 0.103448 0.034483
0.000000 0.000000 0.000000 0.000000 0.000000 0.000000 0.000000 0.000000 0.023529 0.000000 0.000000 0.000000 0.000000 0.000000 0.000000 0.000000 0.035294 0.364706 0.341176 0.176471 0.058824
0.000000 0.000000 0.000000 0.000000 0.000000 0.000000 0.000000 0.000000 0.020000 0.020000 0.000000 0.000000 0.000000 0.000000 0.000000 0.020000 0.080000 0.060000 0.180000 0.440000 0.180000
0.000000 0.000000 0.000000 0.000000 0.000000 0.000000 0.000000 0.000000 0.047619 0.000000 0.000000 0.000000 0.000000 0.000000 0.000000 0.000000 0.000000 0.095238 0.238095 0.190476 0.428571
0.000000 0.000000 0.000000 0.000000 0.000000 0.000000 0.000000 0.000000 0.000000 0.000000 0.000000 0.000000 0.000000 0.000000 0.000000 0.000000 0.137931 0.000000 0.172414 0.068966 0.620690
# New slice
