# Array shape: (2, 21, 2)
     0.000 148009.247
 94498.559 178029.151
     0.000      0.000
100986.802 224797.939
157963.898 255442.433
208428.199 261706.668
244841.458 267987.896
247295.705 270818.293
256034.200 269518.393
266801.863 275778.564
269784.475 239150.203
273590.502 269359.822
278280.290 221366.998
274857.171 182180.146
208458.067 261805.214
292443.170 252874.291
     0.000 263439.083
     0.000 272906.335
152316.967 271913.199
268011.810 105874.450
270521.760 210237.696
# New slice
     0.000      0.000
     0.000 104354.996
     0.000      0.000
     0.000 236169.821
     0.000 246786.759
202580.888 257427.751
243071.106 267494.353
247043.264 263666.809
247741.145 271184.678
262245.369 249838.797
273156.765 249753.411
247918.916 285636.925
272558.502 250206.217
266210.138 286259.184
191163.355 293312.584
259807.475 135092.653
114764.872 286082.924
205732.288 293381.694
253663.891 159214.646
268338.102 125207.369
     0.000 271303.408
# New slice
