# Array shape: (2, 21, 2)
     0.000      0.000
     0.000 226926.501
186615.683 342316.098
283785.058 395816.895
301890.398 408808.060
381818.595 471436.587
424745.430 468390.951
415820.430 499177.569
430361.559 499119.229
412734.994 463176.870
501217.933 508396.421
460942.592 448142.601
497075.925 493008.573
433758.644 268731.011
422647.831 505142.625
497716.057 157507.535
481693.895 275434.905
     0.000 245963.792
     0.000      0.000
     0.000      0.000
     0.000      0.000
# New slice
     0.000 137717.870
     0.000 278119.162
     0.000 356925.608
319007.251 420023.996
342762.348 450574.282
383112.077 479544.956
386238.236 479857.142
417652.003 501480.028
436604.039 510512.108
480350.386 476062.202
480495.774 522279.845
451397.988 315455.714
503265.981 490565.015
526871.407 392474.687
406015.094 491392.876
496187.730 280086.294
     0.000 484029.882
     0.000  80900.990
     0.000      0.000
     0.000      0.000
     0.000      0.000
# New slice
