# Array shape: (2, 21, 2)
     0.000      0.000
     0.000 287564.310
     0.000 329060.559
     0.000 398049.063
195653.968 515553.730
368756.534 555251.827
470607.881 569230.413
394828.203 532228.567
478888.297 560855.053
431350.486 511677.446
431370.405 550740.106
456513.158 497353.164
348233.291 499150.808
559657.298 162092.246
     0.000 463070.880
505113.643      0.000
204822.266 351130.235
     0.000 217857.189
     0.000  98056.503
     0.000      0.000
     0.000 164722.662
# New slice
     0.000      0.000
     0.000 284541.650
     0.000 379211.111
349922.453 262657.666
     0.000 497907.436
270463.027 517154.561
375657.646 543595.620
472103.140 547327.103
547577.662 379005.513
541138.656 435483.879
428523.408 528267.295
297486.349 466050.386
241531.268 460882.022
275410.856 456545.704
     0.000 418467.500
205275.523 368834.460
     0.000 364467.184
     0.000 350775.427
     0.000 301921.408
     0.000      0.000
     0.000      0.000
# New slice
