# Array shape: (2, 21, 2)
173041.975 200422.875
147415.962 216135.315
185330.327 247087.905
166211.113 241866.952
222575.706 259348.780
213517.421 267042.574
255717.886 264346.242
254186.763 270952.937
272952.579 267259.846
278551.531 260722.953
276174.873 268853.865
286559.715 269382.732
258851.673 267970.880
236974.732 274401.736
232438.397 266999.113
228480.373 265604.664
270842.813 189344.764
257633.074 183970.610
188446.799 131624.667
     0.000 200030.244
200376.629 184921.902
# New slice
167145.522  54218.498
 45779.156 184592.958
180181.613 125912.822
120540.160 239520.406
186083.901 268379.811
215340.340 263767.083
263324.032 241739.935
241890.283 281213.618
271361.091 278116.926
211678.338 289815.797
246328.382 279599.938
281375.363 213514.305
282977.630 199987.682
201935.727 261955.974
187819.351 255017.128
261354.260 111723.776
206723.456 273565.571
210182.109      0.000
     0.000 188867.400
     0.000      0.000
     0.000 207455.707
# New slice
