# Array shape: (2, 21, 2)
     0.000      0.000
 18781.188  36153.711
     0.000  45950.841
 31966.674  69494.947
 43595.559  54760.642
 58465.266  61774.551
 62625.505  67529.307
 64173.544  49990.030
 57632.794  73546.025
 78674.512  49354.311
 74086.895  75477.942
 76991.677  41705.425
     0.000      0.000
     0.000      0.000
     0.000      0.000
     0.000      0.000
     0.000      0.000
     0.000      0.000
     0.000      0.000
     0.000      0.000
     0.000      0.000
# New slice
     0.000  23689.838
     0.000  29284.053
 21324.267  47184.155
 32627.667  49032.574
 32772.202  64239.844
 50070.591  65119.095
 62514.684  77396.666
 64466.045  54600.822
 63765.111  78951.960
 72177.796  79595.438
 66258.102  67381.655
 80252.576  57288.696
     0.000  24888.255
     0.000      0.000
     0.000      0.000
     0.000      0.000
     0.000      0.000
     0.000      0.000
     0.000      0.000
     0.000      0.000
     0.000      0.000
# New slice
