# Array shape: (2, 21, 2)
  2075.598   2558.058
  2351.350   1968.724
  1426.228   3072.658
  2959.940   3041.528
  2966.206   3557.151
  3320.068   2851.017
  3393.401   3856.715
  4258.168   4216.424
  4270.430   5311.566
  4536.025   5599.854
  5428.540   4383.852
  3504.106   5191.064
  5872.869   7138.459
  5470.904   6897.577
  6127.132   7450.747
  4656.199   7222.420
  4257.376   7417.856
  3907.277   7577.843
     0.000   7410.803
     0.000   7086.796
     0.000   4848.964
# New slice
  2059.188   1933.896
  1602.507   2791.581
  2368.581   3121.468
  2738.624   3312.376
  2976.106   3937.793
  3299.258   4146.273
  3844.988   4725.018
  2934.429   4859.063
  3100.707   5078.580
  4970.453   5680.815
  5137.265   6304.334
  5314.205   5149.281
  6375.444   6892.021
  6198.372   6703.745
  5779.418   4124.941
  6717.010   7600.530
  7134.728   7240.265
  5938.003   5292.270
  5972.743   5575.478
  6615.106   4730.287
     0.000   4114.608
# New slice
