# Array shape: (2, 21, 2)
     0.000      0.000
     0.000      0.000
     0.000      0.000
     0.000      0.000
     0.000      0.000
     0.000    235.653
     0.000    649.206
     0.000    675.648
   874.690   1209.703
  1128.361   1169.531
  1060.797   1116.542
  1190.664   1153.133
     0.000      0.000
     0.000      0.000
     0.000      0.000
   192.666      0.000
     0.000      0.000
     0.000      0.000
     0.000      0.000
     0.000      0.000
     0.000      0.000
# New slice
     0.000      0.000
     0.000      0.000
     0.000      0.000
     0.000      0.000
     0.000      0.000
     0.000      0.000
     0.000      0.000
     0.000    823.736
   676.192   1118.590
   830.512   1135.235
  1087.549   1163.477
  1175.345   1018.108
  1060.312    750.114
     0.000   1004.455
     0.000    662.812
     0.000      0.000
     0.000      0.000
     0.000      0.000
     0.000      0.000
     0.000      0.000
     0.000      0.000
# New slice
