# Array shape: (2, 21, 2)
     0.000 157203.083
     0.000      0.000
     0.000 182240.172
     0.000 333704.986
225061.799 506286.565
198282.130 527638.948
411808.023 603328.053
506095.537 605737.798
587116.058 579164.793
638318.981 624291.140
663323.603 489360.314
521148.085 382026.262
     0.000      0.000
     0.000      0.000
     0.000      0.000
     0.000      0.000
     0.000      0.000
     0.000      0.000
     0.000      0.000
     0.000      0.000
     0.000      0.000
# New slice
     0.000 117607.929
 93979.963 108344.360
     0.000 177067.633
134029.621 284510.209
167554.763 289788.170
226574.618 494231.031
326067.024 586723.492
359113.484 603508.370
527528.214 660506.253
586954.159 463480.062
674284.007 619044.412
     0.000 550589.847
     0.000      0.000
     0.000      0.000
     0.000      0.000
     0.000      0.000
     0.000      0.000
     0.000      0.000
     0.000      0.000
     0.000      0.000
     0.000      0.000
# New slice
