# Array shape: (2, 21, 2)
     0.000 279873.731
287249.721      0.000
     0.000 443096.460
323391.052 526034.119
338792.413 509561.100
495323.428 243352.340
219631.362 732129.432
477371.973 772215.540
647260.996 803299.444
546217.870 801732.428
473074.703 796613.161
678513.997 770448.118
494227.966 724951.059
380771.975 679458.239
     0.000 729848.418
286144.141 643890.888
     0.000 488899.240
     0.000 176006.448
     0.000      0.000
     0.000      0.000
     0.000      0.000
# New slice
     0.000 295386.237
     0.000 177619.832
153333.023 487821.785
     0.000 483234.697
390349.767 612667.667
307167.927 578582.817
517827.960 707824.840
365729.483 814746.407
520242.688 798174.781
600901.571 787405.581
813166.135 668706.880
751807.158 778689.327
787948.273 484154.813
375749.025 706557.321
779038.673 327356.902
     0.000 522977.005
244722.913 509399.618
     0.000 186991.559
     0.000 143127.550
     0.000      0.000
     0.000 122511.130
# New slice
