# Array shape: (2, 21, 2)
 16466.013  22299.700
 21589.193  13469.621
 20733.582  35528.634
 45274.222  64164.192
 81795.658  98799.789
104971.008 115262.496
116637.551 120410.642
114955.477 120950.768
115101.117 112341.104
111575.585  92819.894
     0.000      0.000
     0.000      0.000
     0.000      0.000
     0.000      0.000
     0.000      0.000
     0.000      0.000
     0.000      0.000
     0.000      0.000
     0.000      0.000
     0.000      0.000
     0.000      0.000
# New slice
 14850.645  17838.427
 17568.491  23812.411
 22368.343  33522.260
 60529.206  89813.531
 95147.694 110000.418
107860.389 117426.105
115722.162 118236.810
117556.120 117151.679
118502.362 112306.288
115416.185  45363.025
     0.000      0.000
     0.000      0.000
     0.000      0.000
     0.000      0.000
     0.000      0.000
     0.000      0.000
     0.000      0.000
     0.000      0.000
     0.000      0.000
     0.000      0.000
     0.000      0.000
# New slice
