# Array shape: (2, 21, 2)
  7771.509  10429.825
  7693.983  11624.867
  8265.185  11742.788
  9798.653  13871.667
 11562.177  15806.287
 12972.739  15662.586
 14074.440  17364.053
 13902.786  18857.824
 15762.850  18068.600
 16262.160  18773.508
 17908.106  19917.573
 18287.681  19021.493
 18977.364  19569.221
 16806.952  17132.412
 17772.008  17173.273
 18927.632      0.000
 19462.674  11521.351
  9105.840  17047.398
  8722.312  18894.688
     0.000  15165.277
 19961.229   8188.272
# New slice
  5771.973   9790.393
  8760.447  10546.516
  5417.525  13473.465
 11943.055  13579.831
 12480.732  14644.465
  1281.295  16089.607
 14303.269  16453.644
 15575.877  16415.216
 16783.154  18010.416
 17251.191  19263.087
 17906.889  18326.770
 13836.530  18598.590
 16765.088  20120.706
 18853.090  19753.599
 19422.922  17623.039
 14592.315  16946.374
  9223.485  20013.740
     0.000  20266.222
     0.000      0.000
 11113.190  21431.738
 17003.109   8640.510
# New slice
