# Array shape: (2, 21, 2)
   236.901    162.015
   177.273    354.901
   319.101    431.061
   362.201    485.815
   408.903    541.154
   483.875    630.683
   541.319    597.496
   606.963    543.887
   667.169    505.082
   699.829    752.481
   553.533    786.644
   698.958    434.371
   284.254    727.592
   736.465    779.939
   734.547    -90.434
     0.000    579.296
     0.000    679.108
   577.775      0.000
     0.000      0.000
     0.000      0.000
 -1488.429      0.000
# New slice
   169.099    320.979
   198.745    313.416
   338.009    413.433
   378.891    454.825
   392.355    481.469
   431.069    569.425
   590.054    666.863
   562.999    694.970
   556.020    733.924
   576.056    712.223
   601.808    730.965
   668.949    804.832
   165.021    776.012
   231.608    818.565
   740.270    332.995
     0.000    596.688
     0.000    586.535
     0.000    815.527
     0.000      0.000
     0.000      0.000
     0.000      0.000
# New slice
