# Array shape: (2, 21, 2)
     0.000      0.000
     0.000      0.000
     0.000      0.000
     0.000      0.000
     0.000      0.000
     0.000  57093.982
 21830.981  58510.213
 55301.478  65168.046
 55607.265  66816.439
 57521.584  67469.677
 63421.804  66040.897
 56800.514  66001.350
 63432.113  62297.962
 66970.068  59770.177
 48913.046  62807.734
 20550.132  60054.505
 30571.471  47022.754
 61360.968      0.000
     0.000  34317.178
     0.000  26146.504
     0.000      0.000
# New slice
     0.000      0.000
     0.000      0.000
     0.000      0.000
     0.000      0.000
     0.000  37615.996
     0.000  53549.204
     0.000  64121.784
 44913.359  63030.058
 54829.665  66828.508
 56053.761  67083.177
 62716.576  64191.555
 59749.198  66531.978
 63718.752  64309.617
 47264.522  58994.415
 65203.848  42146.017
 43860.674  52464.661
     0.000  48334.086
     0.000  58314.532
 45136.458   8398.813
     0.000      0.000
     0.000   8675.105
# New slice
