# Array shape: (2, 21, 2)
218964.917 297971.828
238937.579 278879.260
255063.402 307617.922
256699.196 329351.799
329916.315 255255.389
295798.998 352879.610
328366.273 357566.378
348540.966 321135.097
343489.478 378820.513
362632.413 322784.814
249338.536 308787.729
171964.560 217030.586
142904.465      0.000
     0.000 312513.764
     0.000      0.000
     0.000      0.000
     0.000      0.000
     0.000      0.000
     0.000      0.000
     0.000      0.000
     0.000      0.000
# New slice
227890.434 256803.786
238253.002 329116.532
272006.221 326793.217
278552.040 338368.363
302117.049 354761.445
286060.419 373788.862
289683.532 320053.997
307706.601 358456.967
357643.665 374868.907
168074.924 343485.152
352244.936 336618.339
 10082.181 337820.677
     0.000  43688.306
     0.000 266878.108
     0.000 136747.709
     0.000      0.000
     0.000      0.000
     0.000      0.000
     0.000      0.000
     0.000      0.000
     0.000      0.000
# New slice
