# Array shape: (2, 21, 2)
     0.000      0.000
     0.000      0.000
     0.000 744537.262
     0.000 1513212.541
     0.000 1929422.029
     0.000 2078202.583
     0.000 2209634.753
1704652.729 2161296.573
2041159.681 2341938.209
1956153.473 2140592.589
2060030.979 2294329.975
2334948.341 2002239.424
2263513.108 1803145.901
1800265.680 2094825.503
1461878.122 1831937.566
1178506.409 1881773.591
     0.000 1445572.764
1343298.293      0.000
     0.000      0.000
     0.000      0.000
     0.000      0.000
# New slice
     0.000      0.000
     0.000      0.000
     0.000 1240744.803
     0.000 1756276.694
1571755.716 685007.556
1623117.919      0.000
1332454.205 2281505.661
1430934.303 2289578.720
1409722.946 2247228.631
2167915.362 2283065.010
2131667.627 2234065.676
1932382.015 2206088.096
1713299.041 2160333.939
2261439.130 1931622.530
     0.000 2021600.294
1042125.892 1726662.169
     0.000 1814058.697
     0.000 1057027.867
     0.000 894867.132
     0.000      0.000
     0.000      0.000
# New slice
