# Array shape: (2, 21, 2)
   729.720  -3746.419
     0.000   2400.843
   302.756   2908.731
     0.000    554.074
   642.193   2346.638
  2208.864   1861.100
  1557.840   2401.226
  2071.089   2590.110
  2195.017   1570.304
  1037.103   2044.171
  2227.082      0.000
     0.000   1841.714
   714.571   1323.604
  1217.583    814.330
  1008.530   -322.224
     0.000    655.604
     0.000      0.000
     0.000    684.956
     0.000      0.000
     0.000      0.000
     0.000   2040.618
# New slice
   762.007  -1144.517
     0.000   3260.611
     0.000  -5135.128
   598.724   3554.077
  1654.749   2444.555
  2001.031   2591.877
  2220.734   2625.418
  2465.691   2077.292
  2435.379   1832.191
  2480.474   1233.200
   524.842   2057.257
  1914.741    -80.224
     0.000   1557.387
  1520.807   -393.275
     0.000   1051.011
     0.000      0.000
     0.000    988.579
     0.000      0.000
     0.000      0.000
     0.000      0.000
     0.000  -1664.623
# New slice
