# Array shape: (2, 21, 2)
     0.000 1269784.791
     0.000 1458397.255
1343820.107 1618231.425
     0.000 1874110.786
1726446.131 3440152.305
2044730.050 2466910.694
2827263.175 2752410.684
2880123.560 4094335.778
3521992.428 4050023.520
3537377.100 3809279.304
4128128.426 3992862.073
3962439.795 3863476.658
     0.000      0.000
     0.000      0.000
     0.000      0.000
     0.000      0.000
     0.000      0.000
     0.000      0.000
     0.000      0.000
     0.000      0.000
     0.000      0.000
# New slice
     0.000      0.000
     0.000 1368197.977
     0.000      0.000
     0.000 1934098.105
2004208.537 1918116.300
1395570.374 2826511.843
1913814.283 3565622.940
2865451.984 3981435.484
3756386.422 4068755.818
3819811.482 4020383.826
3899888.703 3985141.650
4121742.021 3918219.617
     0.000      0.000
     0.000      0.000
     0.000      0.000
     0.000      0.000
     0.000      0.000
     0.000      0.000
     0.000      0.000
     0.000      0.000
     0.000      0.000
# New slice
