# Array shape: (2, 2, 21, 21)
1.000000 0.000000 0.000000 0.000000 0.000000 0.000000 0.000000 0.000000 0.000000 0.000000 0.000000 0.000000 0.000000 0.000000 0.000000 0.000000 0.000000 0.000000 0.000000 0.000000 0.000000
0.500000 0.500000 0.000000 0.000000 0.000000 0.000000 0.000000 0.000000 0.000000 0.000000 0.000000 0.000000 0.000000 0.000000 0.000000 0.000000 0.000000 0.000000 0.000000 0.000000 0.000000
0.333333 0.333333 0.333333 0.000000 0.000000 0.000000 0.000000 0.000000 0.000000 0.000000 0.000000 0.000000 0.000000 0.000000 0.000000 0.000000 0.000000 0.000000 0.000000 0.000000 0.000000
0.250000 0.250000 0.250000 0.250000 0.000000 0.000000 0.000000 0.000000 0.000000 0.000000 0.000000 0.000000 0.000000 0.000000 0.000000 0.000000 0.000000 0.000000 0.000000 0.000000 0.000000
0.142857 0.142857 0.285714 0.285714 0.142857 0.000000 0.000000 0.000000 0.000000 0.000000 0.000000 0.000000 0.000000 0.000000 0.000000 0.000000 0.000000 0.000000 0.000000 0.000000 0.000000
0.111111 0.111111 0.111111 0.111111 0.444444 0.111111 0.000000 0.000000 0.000000 0.000000 0.000000 0.000000 0.000000 0.000000 0.000000 0.000000 0.000000 0.000000 0.000000 0.000000 0.000000
0.125000 0.125000 0.125000 0.125000 0.125000 0.250000 0.125000 0.000000 0.000000 0.000000 0.000000 0.000000 0.000000 0.000000 0.000000 0.000000 0.000000 0.000000 0.000000 0.000000 0.000000
0.090909 0.090909 0.090909 0.090909 0.181818 0.272727 0.090909 0.090909 0.000000 0.000000 0.000000 0.000000 0.000000 0.000000 0.000000 0.000000 0.000000 0.000000 0.000000 0.000000 0.000000
0.050000 0.050000 0.050000 0.050000 0.150000 0.100000 0.200000 0.250000 0.100000 0.000000 0.000000 0.000000 0.000000 0.000000 0.000000 0.000000 0.000000 0.000000 0.000000 0.000000 0.000000
0.045455 0.045455 0.045455 0.045455 0.045455 0.090909 0.090909 0.181818 0.318182 0.090909 0.000000 0.000000 0.000000 0.000000 0.000000 0.000000 0.000000 0.000000 0.000000 0.000000 0.000000
0.041667 0.041667 0.041667 0.041667 0.041667 0.041667 0.083333 0.166667 0.291667 0.125000 0.083333 0.000000 0.000000 0.000000 0.000000 0.000000 0.000000 0.000000 0.000000 0.000000 0.000000
0.038462 0.038462 0.038462 0.038462 0.038462 0.076923 0.038462 0.038462 0.192308 0.346154 0.038462 0.076923 0.000000 0.000000 0.000000 0.000000 0.000000 0.000000 0.000000 0.000000 0.000000
0.035714 0.035714 0.035714 0.035714 0.035714 0.035714 0.035714 0.035714 0.142857 0.142857 0.107143 0.250000 0.071429 0.000000 0.000000 0.000000 0.000000 0.000000 0.000000 0.000000 0.000000
0.041667 0.041667 0.041667 0.041667 0.041667 0.041667 0.041667 0.041667 0.041667 0.208333 0.083333 0.208333 0.083333 0.041667 0.000000 0.000000 0.000000 0.000000 0.000000 0.000000 0.000000
0.027778 0.027778 0.027778 0.027778 0.027778 0.027778 0.027778 0.027778 0.083333 0.055556 0.111111 0.138889 0.166667 0.166667 0.055556 0.000000 0.000000 0.000000 0.000000 0.000000 0.000000
0.027778 0.027778 0.027778 0.027778 0.027778 0.027778 0.027778 0.027778 0.027778 0.055556 0.027778 0.111111 0.166667 0.194444 0.138889 0.055556 0.000000 0.000000 0.000000 0.000000 0.000000
0.025641 0.025641 0.025641 0.025641 0.025641 0.025641 0.025641 0.025641 0.025641 0.025641 0.025641 0.025641 0.051282 0.153846 0.153846 0.256410 0.076923 0.000000 0.000000 0.000000 0.000000
0.024390 0.024390 0.024390 0.024390 0.024390 0.024390 0.024390 0.024390 0.024390 0.024390 0.024390 0.048780 0.097561 0.146341 0.146341 0.146341 0.121951 0.024390 0.000000 0.000000 0.000000
0.045455 0.045455 0.045455 0.045455 0.045455 0.045455 0.045455 0.045455 0.045455 0.045455 0.045455 0.045455 0.045455 0.045455 0.045455 0.045455 0.045455 0.136364 0.090909 0.000000 0.000000
0.037037 0.037037 0.037037 0.037037 0.037037 0.037037 0.037037 0.037037 0.037037 0.037037 0.037037 0.037037 0.037037 0.074074 0.037037 0.037037 0.037037 0.148148 0.148148 0.037037 0.000000
0.022727 0.022727 0.022727 0.022727 0.022727 0.022727 0.022727 0.022727 0.045455 0.022727 0.022727 0.022727 0.022727 0.068182 0.022727 0.022727 0.045455 0.090909 0.113636 0.090909 0.227273
# New slice
0.047619 0.047619 0.047619 0.047619 0.047619 0.047619 0.047619 0.047619 0.047619 0.047619 0.047619 0.047619 0.047619 0.047619 0.047619 0.047619 0.047619 0.047619 0.047619 0.047619 0.047619
0.000000 0.047619 0.047619 0.095238 0.047619 0.047619 0.047619 0.047619 0.047619 0.047619 0.047619 0.047619 0.047619 0.047619 0.047619 0.047619 0.047619 0.047619 0.047619 0.047619 0.047619
0.000000 0.000000 0.050000 0.050000 0.100000 0.050000 0.050000 0.050000 0.050000 0.050000 0.050000 0.050000 0.050000 0.050000 0.050000 0.050000 0.050000 0.050000 0.050000 0.050000 0.050000
0.000000 0.000000 0.000000 0.050000 0.100000 0.100000 0.050000 0.050000 0.050000 0.050000 0.050000 0.050000 0.050000 0.050000 0.050000 0.050000 0.050000 0.050000 0.050000 0.050000 0.050000
0.000000 0.000000 0.000000 0.000000 0.166667 0.125000 0.125000 0.041667 0.041667 0.041667 0.041667 0.041667 0.041667 0.041667 0.041667 0.041667 0.041667 0.041667 0.041667 0.041667 0.041667
0.000000 0.000000 0.000000 0.000000 0.000000 0.071429 0.071429 0.285714 0.142857 0.035714 0.035714 0.035714 0.035714 0.035714 0.035714 0.035714 0.035714 0.035714 0.035714 0.035714 0.035714
0.000000 0.000000 0.000000 0.000000 0.000000 0.074074 0.111111 0.185185 0.111111 0.111111 0.037037 0.037037 0.037037 0.037037 0.037037 0.037037 0.037037 0.037037 0.037037 0.037037 0.037037
0.000000 0.000000 0.000000 0.000000 0.000000 0.000000 0.022222 0.088889 0.288889 0.288889 0.066667 0.022222 0.044444 0.022222 0.022222 0.022222 0.022222 0.022222 0.022222 0.022222 0.022222
0.000000 0.000000 0.000000 0.000000 0.000000 0.000000 0.000000 0.028571 0.285714 0.257143 0.185714 0.114286 0.014286 0.014286 0.014286 0.014286 0.014286 0.014286 0.014286 0.014286 0.014286
0.000000 0.000000 0.000000 0.000000 0.000000 0.000000 0.000000 0.016949 0.033898 0.203390 0.338983 0.220339 0.050847 0.016949 0.016949 0.016949 0.016949 0.016949 0.016949 0.016949 0.016949
0.000000 0.000000 0.000000 0.000000 0.000000 0.000000 0.000000 0.000000 0.000000 0.022989 0.241379 0.367816 0.206897 0.045977 0.045977 0.011494 0.011494 0.011494 0.011494 0.011494 0.011494
0.000000 0.000000 0.000000 0.000000 0.000000 0.000000 0.000000 0.000000 0.000000 0.020202 0.050505 0.191919 0.272727 0.252525 0.131313 0.020202 0.020202 0.010101 0.010101 0.010101 0.010101
0.000000 0.000000 0.000000 0.000000 0.000000 0.000000 0.000000 0.010638 0.000000 0.010638 0.010638 0.085106 0.159574 0.340426 0.223404 0.074468 0.042553 0.010638 0.010638 0.010638 0.010638
0.000000 0.000000 0.000000 0.000000 0.000000 0.000000 0.000000 0.011236 0.000000 0.000000 0.022472 0.044944 0.078652 0.168539 0.258427 0.280899 0.067416 0.033708 0.011236 0.011236 0.011236
0.000000 0.000000 0.000000 0.000000 0.000000 0.000000 0.000000 0.000000 0.000000 0.000000 0.000000 0.030303 0.030303 0.111111 0.111111 0.353535 0.222222 0.101010 0.010101 0.020202 0.010101
0.000000 0.000000 0.000000 0.000000 0.000000 0.000000 0.000000 0.000000 0.000000 0.000000 0.000000 0.000000 0.029412 0.014706 0.161765 0.102941 0.323529 0.279412 0.029412 0.044118 0.014706
0.000000 0.000000 0.000000 0.000000 0.000000 0.000000 0.000000 0.000000 0.020833 0.000000 0.000000 0.000000 0.020833 0.041667 0.062500 0.104167 0.187500 0.187500 0.208333 0.083333 0.083333
0.000000 0.000000 0.000000 0.000000 0.000000 0.000000 0.000000 0.000000 0.000000 0.000000 0.000000 0.000000 0.000000 0.033333 0.066667 0.100000 0.100000 0.033333 0.233333 0.366667 0.066667
0.000000 0.000000 0.000000 0.000000 0.000000 0.000000 0.000000 0.000000 0.000000 0.000000 0.000000 0.000000 0.000000 0.000000 0.028571 0.028571 0.028571 0.114286 0.171429 0.314286 0.314286
0.000000 0.000000 0.000000 0.000000 0.000000 0.000000 0.000000 0.000000 0.000000 0.000000 0.000000 0.000000 0.000000 0.000000 0.022727 0.022727 0.045455 0.022727 0.068182 0.272727 0.545455
0.000000 0.000000 0.000000 0.000000 0.000000 0.000000 0.000000 0.000000 0.000000 0.000000 0.000000 0.000000 0.007752 0.000000 0.000000 0.000000 0.000000 0.007752 0.015504 0.023256 0.945736
# New slice
1.000000 0.000000 0.000000 0.000000 0.000000 0.000000 0.000000 0.000000 0.000000 0.000000 0.000000 0.000000 0.000000 0.000000 0.000000 0.000000 0.000000 0.000000 0.000000 0.000000 0.000000
0.500000 0.500000 0.000000 0.000000 0.000000 0.000000 0.000000 0.000000 0.000000 0.000000 0.000000 0.000000 0.000000 0.000000 0.000000 0.000000 0.000000 0.000000 0.000000 0.000000 0.000000
0.250000 0.500000 0.250000 0.000000 0.000000 0.000000 0.000000 0.000000 0.000000 0.000000 0.000000 0.000000 0.000000 0.000000 0.000000 0.000000 0.000000 0.000000 0.000000 0.000000 0.000000
0.250000 0.250000 0.250000 0.250000 0.000000 0.000000 0.000000 0.000000 0.000000 0.000000 0.000000 0.000000 0.000000 0.000000 0.000000 0.000000 0.000000 0.000000 0.000000 0.000000 0.000000
0.166667 0.166667 0.333333 0.166667 0.166667 0.000000 0.000000 0.000000 0.000000 0.000000 0.000000 0.000000 0.000000 0.000000 0.000000 0.000000 0.000000 0.000000 0.000000 0.000000 0.000000
0.125000 0.125000 0.125000 0.250000 0.250000 0.125000 0.000000 0.000000 0.000000 0.000000 0.000000 0.000000 0.000000 0.000000 0.000000 0.000000 0.000000 0.000000 0.000000 0.000000 0.000000
0.111111 0.111111 0.111111 0.111111 0.222222 0.222222 0.111111 0.000000 0.000000 0.000000 0.000000 0.000000 0.000000 0.000000 0.000000 0.000000 0.000000 0.000000 0.000000 0.000000 0.000000
0.100000 0.100000 0.100000 0.100000 0.200000 0.100000 0.100000 0.200000 0.000000 0.000000 0.000000 0.000000 0.000000 0.000000 0.000000 0.000000 0.000000 0.000000 0.000000 0.000000 0.000000
0.083333 0.083333 0.083333 0.083333 0.083333 0.166667 0.250000 0.083333 0.083333 0.000000 0.000000 0.000000 0.000000 0.000000 0.000000 0.000000 0.000000 0.000000 0.000000 0.000000 0.000000
0.045455 0.045455 0.045455 0.045455 0.045455 0.090909 0.227273 0.227273 0.181818 0.045455 0.000000 0.000000 0.000000 0.000000 0.000000 0.000000 0.000000 0.000000 0.000000 0.000000 0.000000
0.037037 0.037037 0.037037 0.037037 0.037037 0.037037 0.074074 0.185185 0.333333 0.111111 0.074074 0.000000 0.000000 0.000000 0.000000 0.000000 0.000000 0.000000 0.000000 0.000000 0.000000
0.027027 0.027027 0.027027 0.027027 0.027027 0.054054 0.054054 0.054054 0.216216 0.189189 0.243243 0.054054 0.000000 0.000000 0.000000 0.000000 0.000000 0.000000 0.000000 0.000000 0.000000
0.031250 0.031250 0.031250 0.031250 0.031250 0.062500 0.031250 0.031250 0.093750 0.062500 0.250000 0.281250 0.031250 0.000000 0.000000 0.000000 0.000000 0.000000 0.000000 0.000000 0.000000
0.030303 0.030303 0.030303 0.030303 0.030303 0.030303 0.030303 0.060606 0.060606 0.030303 0.181818 0.242424 0.181818 0.030303 0.000000 0.000000 0.000000 0.000000 0.000000 0.000000 0.000000
0.033333 0.033333 0.033333 0.033333 0.033333 0.033333 0.033333 0.033333 0.033333 0.033333 0.133333 0.100000 0.166667 0.200000 0.066667 0.000000 0.000000 0.000000 0.000000 0.000000 0.000000
0.015625 0.015625 0.015625 0.015625 0.015625 0.015625 0.015625 0.015625 0.031250 0.046875 0.109375 0.078125 0.140625 0.171875 0.265625 0.031250 0.000000 0.000000 0.000000 0.000000 0.000000
0.033333 0.033333 0.033333 0.033333 0.033333 0.033333 0.033333 0.033333 0.033333 0.033333 0.033333 0.100000 0.133333 0.133333 0.133333 0.100000 0.033333 0.000000 0.000000 0.000000 0.000000
0.037037 0.037037 0.037037 0.037037 0.037037 0.037037 0.037037 0.037037 0.037037 0.037037 0.037037 0.037037 0.148148 0.037037 0.185185 0.074074 0.074074 0.037037 0.000000 0.000000 0.000000
0.043478 0.043478 0.043478 0.043478 0.043478 0.043478 0.043478 0.043478 0.043478 0.043478 0.043478 0.086957 0.043478 0.043478 0.043478 0.086957 0.043478 0.130435 0.043478 0.000000 0.000000
0.035714 0.035714 0.035714 0.035714 0.035714 0.035714 0.035714 0.035714 0.035714 0.035714 0.035714 0.035714 0.035714 0.035714 0.071429 0.107143 0.071429 0.178571 0.035714 0.035714 0.000000
0.015385 0.015385 0.015385 0.015385 0.015385 0.015385 0.015385 0.015385 0.015385 0.015385 0.015385 0.015385 0.015385 0.015385 0.030769 0.015385 0.076923 0.061538 0.076923 0.261538 0.261538
# New slice
0.047619 0.047619 0.047619 0.047619 0.047619 0.047619 0.047619 0.047619 0.047619 0.047619 0.047619 0.047619 0.047619 0.047619 0.047619 0.047619 0.047619 0.047619 0.047619 0.047619 0.047619
0.000000 0.050000 0.050000 0.050000 0.050000 0.050000 0.050000 0.050000 0.050000 0.050000 0.050000 0.050000 0.050000 0.050000 0.050000 0.050000 0.050000 0.050000 0.050000 0.050000 0.050000
0.000000 0.000000 0.100000 0.050000 0.050000 0.050000 0.050000 0.050000 0.050000 0.050000 0.050000 0.050000 0.050000 0.050000 0.050000 0.050000 0.050000 0.050000 0.050000 0.050000 0.050000
0.000000 0.000000 0.000000 0.100000 0.050000 0.050000 0.100000 0.050000 0.050000 0.050000 0.050000 0.050000 0.050000 0.050000 0.050000 0.050000 0.050000 0.050000 0.050000 0.050000 0.050000
0.000000 0.000000 0.000000 0.000000 0.130435 0.173913 0.043478 0.086957 0.043478 0.043478 0.043478 0.043478 0.043478 0.043478 0.043478 0.043478 0.043478 0.043478 0.043478 0.043478 0.043478
0.000000 0.000000 0.000000 0.000000 0.000000 0.052632 0.210526 0.052632 0.052632 0.052632 0.052632 0.052632 0.052632 0.052632 0.052632 0.052632 0.052632 0.052632 0.052632 0.052632 0.052632
0.000000 0.000000 0.000000 0.000000 0.000000 0.000000 0.040000 0.200000 0.240000 0.080000 0.040000 0.040000 0.040000 0.040000 0.040000 0.040000 0.040000 0.040000 0.040000 0.040000 0.040000
0.000000 0.000000 0.000000 0.000000 0.000000 0.000000 0.035714 0.178571 0.250000 0.142857 0.035714 0.035714 0.035714 0.035714 0.035714 0.035714 0.035714 0.035714 0.035714 0.035714 0.035714
0.000000 0.000000 0.000000 0.000000 0.000000 0.000000 0.000000 0.000000 0.235294 0.196078 0.196078 0.156863 0.058824 0.019608 0.019608 0.019608 0.019608 0.019608 0.019608 0.019608 0.019608
0.000000 0.000000 0.000000 0.000000 0.000000 0.000000 0.000000 0.000000 0.043478 0.217391 0.369565 0.108696 0.021739 0.065217 0.043478 0.021739 0.021739 0.021739 0.021739 0.021739 0.021739
0.000000 0.000000 0.000000 0.000000 0.000000 0.000000 0.000000 0.000000 0.020408 0.040816 0.285714 0.244898 0.163265 0.081633 0.040816 0.020408 0.020408 0.020408 0.020408 0.020408 0.020408
0.000000 0.000000 0.000000 0.000000 0.000000 0.000000 0.000000 0.000000 0.000000 0.017544 0.052632 0.210526 0.368421 0.157895 0.087719 0.017544 0.017544 0.017544 0.017544 0.017544 0.017544
0.000000 0.000000 0.000000 0.000000 0.000000 0.000000 0.014706 0.000000 0.000000 0.014706 0.029412 0.088235 0.235294 0.308824 0.176471 0.044118 0.029412 0.014706 0.014706 0.014706 0.014706
0.000000 0.000000 0.000000 0.000000 0.000000 0.000000 0.000000 0.013889 0.000000 0.000000 0.013889 0.069444 0.180556 0.097222 0.361111 0.138889 0.055556 0.027778 0.013889 0.013889 0.013889
0.000000 0.000000 0.000000 0.000000 0.000000 0.000000 0.000000 0.000000 0.000000 0.000000 0.014706 0.029412 0.102941 0.088235 0.191176 0.279412 0.176471 0.073529 0.014706 0.014706 0.014706
0.000000 0.000000 0.000000 0.000000 0.000000 0.000000 0.000000 0.000000 0.000000 0.000000 0.000000 0.000000 0.000000 0.000000 0.160000 0.120000 0.360000 0.200000 0.080000 0.040000 0.040000
0.000000 0.000000 0.000000 0.000000 0.000000 0.000000 0.000000 0.000000 0.000000 0.000000 0.000000 0.000000 0.022727 0.000000 0.045455 0.159091 0.204545 0.318182 0.113636 0.113636 0.022727
0.000000 0.000000 0.000000 0.000000 0.000000 0.000000 0.000000 0.000000 0.000000 0.000000 0.000000 0.025641 0.000000 0.000000 0.051282 0.076923 0.051282 0.102564 0.333333 0.205128 0.153846
0.000000 0.000000 0.000000 0.000000 0.000000 0.000000 0.000000 0.000000 0.000000 0.000000 0.000000 0.000000 0.000000 0.029412 0.029412 0.117647 0.058824 0.117647 0.235294 0.264706 0.147059
0.000000 0.000000 0.000000 0.000000 0.000000 0.000000 0.000000 0.000000 0.000000 0.029412 0.000000 0.000000 0.000000 0.000000 0.000000 0.029412 0.088235 0.058824 0.117647 0.117647 0.558824
0.000000 0.000000 0.000000 0.000000 0.000000 0.000000 0.000000 0.000000 0.000000 0.000000 0.000000 0.000000 0.000000 0.000000 0.000000 0.000000 0.010638 0.021277 0.042553 0.085106 0.840426
# New slice
