# Array shape: (2, 21, 2)
     0.000 1186969.359
     0.000 1722314.182
     0.000 1725233.627
1720151.750 1756016.758
1660919.195 1780352.034
1804248.756 1558933.248
1787531.355 1571749.590
1100272.038 1791976.408
     0.000 1533601.249
     0.000 1619370.349
     0.000      0.000
     0.000      0.000
     0.000      0.000
     0.000      0.000
     0.000      0.000
     0.000      0.000
     0.000      0.000
     0.000      0.000
     0.000      0.000
     0.000      0.000
     0.000      0.000
# New slice
     0.000 1370811.108
1079858.607 1687493.794
1294664.693 1737282.791
1247399.658 1747851.845
1672890.859 1787609.837
1751998.226 1677979.874
1797146.582 1655263.229
     0.000 1589333.170
     0.000 1305193.978
     0.000 1246371.965
     0.000 819578.730
     0.000 1185675.777
     0.000      0.000
     0.000      0.000
     0.000      0.000
     0.000      0.000
     0.000      0.000
     0.000      0.000
     0.000      0.000
     0.000      0.000
     0.000      0.000
# New slice
