# Array shape: (2, 21, 2)
     0.000 420536.097
346123.705 488898.090
367396.284 557386.120
554306.164 584521.664
511701.872 539142.443
567467.704 635238.110
577623.164 561926.261
579435.213 632068.353
579404.512 608132.498
     0.000 483769.762
     0.000      0.000
     0.000      0.000
     0.000      0.000
     0.000      0.000
     0.000      0.000
     0.000      0.000
     0.000      0.000
     0.000      0.000
     0.000      0.000
     0.000      0.000
     0.000      0.000
# New slice
     0.000 451967.503
308863.301 471156.217
355765.614 583331.395
496913.454 582426.604
564151.540 571061.749
582048.105 640918.733
608028.395 577378.395
545470.435 612309.714
610468.512 343377.839
     0.000      0.000
     0.000      0.000
     0.000      0.000
     0.000      0.000
     0.000      0.000
     0.000      0.000
     0.000      0.000
     0.000      0.000
     0.000      0.000
     0.000      0.000
     0.000      0.000
     0.000      0.000
# New slice
