# Array shape: (2, 21, 2)
     0.000      0.000
123171.374 116379.559
     0.000 276208.633
 99078.645 301789.488
237328.241 355324.072
284691.447 397687.021
283273.931 490485.719
393420.887 481976.795
426413.136 511170.611
426597.737 534832.947
447290.208 528333.545
493952.750 551537.652
525636.619 568090.149
474054.708 587586.665
519065.071 520838.434
560667.397 529965.994
521104.298 571260.731
528768.523 510731.966
497027.401 419083.088
507454.372  96784.245
     0.000 251658.139
# New slice
     0.000 182698.377
     0.000 206277.142
142196.514 187363.591
     0.000 327852.987
161088.976 373555.691
245364.810 379960.636
201831.462 454868.104
390251.467 460367.629
401906.867 491155.151
426834.385 532761.440
404341.430 535698.665
414826.849 560524.964
488620.808 560197.641
535587.108 576749.350
567206.037 510955.637
552697.802 540167.219
408123.450 538911.385
390919.548 550357.822
547892.786      0.000
448108.987 291411.911
205772.674 262994.005
# New slice
