# Array shape: (2, 21, 2)
     0.000    831.210
     0.000    763.471
   623.188   1354.082
  1088.095   1368.910
   639.817   1437.515
  1294.289   1602.476
  1428.032   1630.910
  1547.497   1752.464
  1647.672   1968.629
  1591.456   2023.502
  1659.624   2122.481
  1643.476   2308.821
  1840.341   2175.385
  2180.501   2435.140
  2107.206   2308.634
  2113.350   2146.898
  2415.167   2566.757
  2318.195   2492.801
  2382.244   1977.320
  2011.785   2422.534
  2481.718   1463.459
# New slice
     0.000    655.017
     0.000      0.000
   581.810   1324.007
     0.000   1366.536
   944.569   1459.924
  1080.911   1550.538
  1319.276   1628.827
  1422.341   1793.463
  1461.908   1868.236
  1482.716   1966.567
  1638.584   2080.733
  1724.460   1955.243
  1688.367   2220.595
  2040.400   2126.948
  1963.233   2203.676
  2192.901   2477.565
  2372.201   2263.475
  2224.168   2271.119
  2306.764    868.929
  2167.923   2405.449
  2351.933   1987.246
# New slice
