# Array shape: (2, 21, 2)
     0.000  48120.491
 30290.860  58028.664
     0.000  73171.253
     0.000  74435.209
 61262.887  55847.538
 63699.719  74614.872
 70656.871  81679.651
 77260.874  93291.175
 80110.343  83547.720
 81979.019  71309.090
 84251.610 103683.178
 84043.086  99422.912
 92929.538 104001.920
 91147.680 106975.191
 95839.291 113955.590
102589.642 111611.089
113713.591 114215.482
115903.890 126392.529
109857.812 136543.525
124226.399 116096.926
129268.353 141714.304
# New slice
     0.000  29889.211
     0.000  56943.310
 34381.938  62916.581
 35988.827  70062.578
 57713.225  74457.290
 67685.551  82682.876
 70643.779  61692.919
 68144.158  84574.642
 40848.887  85254.638
 82570.515  92106.375
 75817.312  86479.358
 87282.300 103129.380
 88867.030 115396.050
100452.804 110686.413
107186.568 100212.825
106515.807 117800.661
108749.324 110087.834
101296.769 122120.848
102010.521 121798.522
124590.573 117262.240
127769.501 129384.971
# New slice
