# Array shape: (2, 21, 2)
     0.000 190860.903
103430.995 160444.280
     0.000 225284.318
185151.404 228938.093
152302.535 283380.478
191863.682 291706.140
260705.196 289773.181
274436.254 321226.930
252336.711 279614.552
191544.044 371940.978
182449.684 238167.481
338117.706 259445.909
352977.445 340429.180
     0.000 252349.731
     0.000 321147.620
     0.000 335001.938
     0.000 392529.142
     0.000 184705.743
     0.000      0.000
     0.000      0.000
     0.000      0.000
# New slice
     0.000      0.000
     0.000 165947.338
 89555.413 202224.767
162739.044 249011.363
185322.725 284446.517
199930.627 298892.317
227109.552 298307.706
275022.025 335866.280
272516.208 282667.168
207192.654 349616.873
244640.575 352547.593
267766.907 271739.497
254633.752 411982.571
     0.000 373315.797
     0.000 288220.055
     0.000 394149.340
     0.000 317981.364
     0.000 324453.278
     0.000      0.000
     0.000      0.000
     0.000      0.000
# New slice
