# Array shape: (2, 21, 2)
     0.000 101071.161
     0.000 110014.266
136013.310 182161.900
     0.000 231236.333
111059.196 247131.215
229912.429 193392.299
220937.913 258349.191
219127.899 286401.243
243413.013 309065.588
259256.798 303629.782
271964.280 321220.014
281087.889 290272.371
284519.613 340497.701
302067.191 346012.564
316318.223 320100.057
347077.798 331164.686
340163.952 364635.897
340715.187 417902.293
372507.985 365304.357
342271.046 418378.908
454736.889 433815.378
# New slice
 94699.170 106182.598
     0.000 163482.055
     0.000 211073.623
147000.716 132270.180
 97729.010 245415.107
118184.618 213152.652
223827.373 265314.498
236343.152 278077.499
258626.493 270458.147
272346.101 301629.335
277342.117 289951.012
263237.342 292204.253
284890.939 292983.364
287622.225 307697.049
303068.721 233884.463
298526.735 370762.484
317834.744 393059.436
348071.967 402132.966
350552.829 470756.126
331823.080 414184.503
370659.761 505377.602
# New slice
