# Array shape: (2, 2, 21, 21)
1.000000 0.000000 0.000000 0.000000 0.000000 0.000000 0.000000 0.000000 0.000000 0.000000 0.000000 0.000000 0.000000 0.000000 0.000000 0.000000 0.000000 0.000000 0.000000 0.000000 0.000000
0.818182 0.181818 0.000000 0.000000 0.000000 0.000000 0.000000 0.000000 0.000000 0.000000 0.000000 0.000000 0.000000 0.000000 0.000000 0.000000 0.000000 0.000000 0.000000 0.000000 0.000000
0.300000 0.300000 0.400000 0.000000 0.000000 0.000000 0.000000 0.000000 0.000000 0.000000 0.000000 0.000000 0.000000 0.000000 0.000000 0.000000 0.000000 0.000000 0.000000 0.000000 0.000000
0.250000 0.250000 0.250000 0.250000 0.000000 0.000000 0.000000 0.000000 0.000000 0.000000 0.000000 0.000000 0.000000 0.000000 0.000000 0.000000 0.000000 0.000000 0.000000 0.000000 0.000000
0.166667 0.166667 0.166667 0.333333 0.166667 0.000000 0.000000 0.000000 0.000000 0.000000 0.000000 0.000000 0.000000 0.000000 0.000000 0.000000 0.000000 0.000000 0.000000 0.000000 0.000000
0.125000 0.125000 0.125000 0.125000 0.375000 0.125000 0.000000 0.000000 0.000000 0.000000 0.000000 0.000000 0.000000 0.000000 0.000000 0.000000 0.000000 0.000000 0.000000 0.000000 0.000000
0.100000 0.100000 0.100000 0.100000 0.100000 0.400000 0.100000 0.000000 0.000000 0.000000 0.000000 0.000000 0.000000 0.000000 0.000000 0.000000 0.000000 0.000000 0.000000 0.000000 0.000000
0.100000 0.100000 0.100000 0.100000 0.100000 0.100000 0.200000 0.200000 0.000000 0.000000 0.000000 0.000000 0.000000 0.000000 0.000000 0.000000 0.000000 0.000000 0.000000 0.000000 0.000000
0.023810 0.023810 0.023810 0.047619 0.071429 0.095238 0.309524 0.333333 0.071429 0.000000 0.000000 0.000000 0.000000 0.000000 0.000000 0.000000 0.000000 0.000000 0.000000 0.000000 0.000000
0.062500 0.062500 0.062500 0.062500 0.062500 0.062500 0.062500 0.187500 0.250000 0.125000 0.000000 0.000000 0.000000 0.000000 0.000000 0.000000 0.000000 0.000000 0.000000 0.000000 0.000000
0.028571 0.028571 0.028571 0.028571 0.028571 0.028571 0.057143 0.200000 0.257143 0.200000 0.114286 0.000000 0.000000 0.000000 0.000000 0.000000 0.000000 0.000000 0.000000 0.000000 0.000000
0.017857 0.017857 0.017857 0.017857 0.017857 0.017857 0.053571 0.035714 0.089286 0.321429 0.267857 0.125000 0.000000 0.000000 0.000000 0.000000 0.000000 0.000000 0.000000 0.000000 0.000000
0.032258 0.032258 0.032258 0.032258 0.032258 0.032258 0.032258 0.032258 0.064516 0.129032 0.193548 0.290323 0.064516 0.000000 0.000000 0.000000 0.000000 0.000000 0.000000 0.000000 0.000000
0.055556 0.055556 0.055556 0.055556 0.055556 0.055556 0.055556 0.055556 0.055556 0.055556 0.055556 0.055556 0.277778 0.055556 0.000000 0.000000 0.000000 0.000000 0.000000 0.000000 0.000000
0.052632 0.052632 0.052632 0.052632 0.052632 0.052632 0.052632 0.052632 0.052632 0.052632 0.052632 0.105263 0.105263 0.157895 0.052632 0.000000 0.000000 0.000000 0.000000 0.000000 0.000000
0.047619 0.047619 0.047619 0.047619 0.047619 0.047619 0.047619 0.047619 0.047619 0.047619 0.047619 0.047619 0.047619 0.190476 0.095238 0.095238 0.000000 0.000000 0.000000 0.000000 0.000000
0.020833 0.020833 0.020833 0.020833 0.020833 0.020833 0.020833 0.020833 0.020833 0.020833 0.020833 0.041667 0.062500 0.020833 0.354167 0.208333 0.083333 0.000000 0.000000 0.000000 0.000000
0.028571 0.028571 0.028571 0.028571 0.028571 0.028571 0.028571 0.028571 0.057143 0.028571 0.028571 0.057143 0.028571 0.057143 0.057143 0.171429 0.257143 0.028571 0.000000 0.000000 0.000000
0.047619 0.047619 0.047619 0.047619 0.047619 0.047619 0.047619 0.047619 0.095238 0.047619 0.047619 0.047619 0.047619 0.047619 0.047619 0.047619 0.047619 0.095238 0.047619 0.000000 0.000000
0.045455 0.045455 0.045455 0.045455 0.045455 0.045455 0.045455 0.045455 0.045455 0.045455 0.045455 0.045455 0.045455 0.045455 0.045455 0.090909 0.045455 0.045455 0.090909 0.045455 0.000000
0.027778 0.027778 0.027778 0.027778 0.027778 0.027778 0.027778 0.027778 0.027778 0.027778 0.027778 0.027778 0.027778 0.027778 0.027778 0.027778 0.055556 0.055556 0.055556 0.138889 0.250000
# New slice
0.170732 0.317073 0.048780 0.048780 0.024390 0.024390 0.024390 0.024390 0.024390 0.024390 0.024390 0.024390 0.024390 0.024390 0.024390 0.024390 0.024390 0.024390 0.024390 0.024390 0.024390
0.000000 0.047619 0.095238 0.047619 0.047619 0.047619 0.047619 0.047619 0.047619 0.047619 0.047619 0.047619 0.047619 0.047619 0.047619 0.047619 0.047619 0.047619 0.047619 0.047619 0.047619
0.000000 0.000000 0.047619 0.142857 0.047619 0.047619 0.047619 0.047619 0.047619 0.047619 0.047619 0.047619 0.047619 0.047619 0.047619 0.047619 0.047619 0.047619 0.047619 0.047619 0.047619
0.000000 0.000000 0.000000 0.130435 0.130435 0.086957 0.043478 0.043478 0.043478 0.043478 0.043478 0.043478 0.043478 0.043478 0.043478 0.043478 0.043478 0.043478 0.043478 0.043478 0.043478
0.000000 0.000000 0.000000 0.000000 0.160000 0.120000 0.080000 0.080000 0.080000 0.040000 0.040000 0.040000 0.040000 0.040000 0.040000 0.040000 0.040000 0.040000 0.040000 0.040000 0.040000
0.000000 0.000000 0.000000 0.000000 0.000000 0.038462 0.115385 0.269231 0.115385 0.038462 0.038462 0.038462 0.038462 0.038462 0.038462 0.038462 0.038462 0.038462 0.038462 0.038462 0.038462
0.000000 0.000000 0.000000 0.000000 0.000000 0.000000 0.062500 0.281250 0.250000 0.062500 0.031250 0.031250 0.031250 0.031250 0.031250 0.031250 0.031250 0.031250 0.031250 0.031250 0.031250
0.000000 0.000000 0.000000 0.000000 0.000000 0.000000 0.018182 0.145455 0.363636 0.163636 0.127273 0.018182 0.018182 0.018182 0.018182 0.018182 0.018182 0.018182 0.018182 0.018182 0.018182
0.000000 0.000000 0.000000 0.000000 0.055556 0.000000 0.027778 0.055556 0.083333 0.194444 0.277778 0.055556 0.027778 0.027778 0.027778 0.027778 0.027778 0.027778 0.027778 0.027778 0.027778
0.000000 0.000000 0.000000 0.000000 0.000000 0.000000 0.016129 0.000000 0.000000 0.129032 0.403226 0.193548 0.112903 0.032258 0.016129 0.016129 0.016129 0.016129 0.016129 0.016129 0.016129
0.000000 0.000000 0.000000 0.000000 0.000000 0.000000 0.000000 0.000000 0.037975 0.037975 0.177215 0.329114 0.240506 0.063291 0.037975 0.012658 0.012658 0.012658 0.012658 0.012658 0.012658
0.000000 0.000000 0.000000 0.000000 0.000000 0.000000 0.063830 0.021277 0.000000 0.042553 0.000000 0.148936 0.361702 0.127660 0.106383 0.021277 0.021277 0.021277 0.021277 0.021277 0.021277
0.000000 0.000000 0.000000 0.000000 0.000000 0.000000 0.000000 0.000000 0.000000 0.000000 0.032258 0.032258 0.209677 0.290323 0.274194 0.064516 0.032258 0.016129 0.016129 0.016129 0.016129
0.000000 0.000000 0.000000 0.000000 0.000000 0.000000 0.000000 0.015385 0.000000 0.000000 0.046154 0.015385 0.076923 0.153846 0.292308 0.246154 0.076923 0.030769 0.015385 0.015385 0.015385
0.000000 0.000000 0.000000 0.000000 0.000000 0.000000 0.000000 0.000000 0.018182 0.000000 0.000000 0.036364 0.018182 0.018182 0.254545 0.272727 0.236364 0.054545 0.054545 0.018182 0.018182
0.000000 0.000000 0.000000 0.000000 0.000000 0.000000 0.000000 0.000000 0.000000 0.000000 0.000000 0.027778 0.000000 0.027778 0.083333 0.111111 0.444444 0.138889 0.111111 0.027778 0.027778
0.000000 0.000000 0.000000 0.000000 0.000000 0.000000 0.000000 0.000000 0.100000 0.000000 0.000000 0.000000 0.000000 0.100000 0.000000 0.100000 0.200000 0.200000 0.100000 0.100000 0.100000
0.000000 0.000000 0.000000 0.000000 0.000000 0.000000 0.000000 0.000000 0.000000 0.000000 0.000000 0.000000 0.000000 0.000000 0.000000 0.000000 0.000000 0.250000 0.250000 0.250000 0.250000
0.000000 0.000000 0.000000 0.000000 0.000000 0.000000 0.000000 0.000000 0.000000 0.000000 0.000000 0.000000 0.000000 0.000000 0.000000 0.000000 0.000000 0.050000 0.100000 0.450000 0.400000
0.000000 0.000000 0.000000 0.000000 0.000000 0.000000 0.000000 0.000000 0.000000 0.000000 0.000000 0.000000 0.000000 0.000000 0.058824 0.000000 0.058824 0.000000 0.000000 0.235294 0.647059
0.000000 0.000000 0.000000 0.000000 0.000000 0.000000 0.000000 0.000000 0.000000 0.000000 0.000000 0.000000 0.000000 0.000000 0.000000 0.000000 0.000000 0.000000 0.033898 0.067797 0.898305
# New slice
1.000000 0.000000 0.000000 0.000000 0.000000 0.000000 0.000000 0.000000 0.000000 0.000000 0.000000 0.000000 0.000000 0.000000 0.000000 0.000000 0.000000 0.000000 0.000000 0.000000 0.000000
0.636364 0.363636 0.000000 0.000000 0.000000 0.000000 0.000000 0.000000 0.000000 0.000000 0.000000 0.000000 0.000000 0.000000 0.000000 0.000000 0.000000 0.000000 0.000000 0.000000 0.000000
0.333333 0.444444 0.222222 0.000000 0.000000 0.000000 0.000000 0.000000 0.000000 0.000000 0.000000 0.000000 0.000000 0.000000 0.000000 0.000000 0.000000 0.000000 0.000000 0.000000 0.000000
0.200000 0.400000 0.200000 0.200000 0.000000 0.000000 0.000000 0.000000 0.000000 0.000000 0.000000 0.000000 0.000000 0.000000 0.000000 0.000000 0.000000 0.000000 0.000000 0.000000 0.000000
0.041667 0.041667 0.416667 0.333333 0.166667 0.000000 0.000000 0.000000 0.000000 0.000000 0.000000 0.000000 0.000000 0.000000 0.000000 0.000000 0.000000 0.000000 0.000000 0.000000 0.000000
0.125000 0.250000 0.125000 0.125000 0.250000 0.125000 0.000000 0.000000 0.000000 0.000000 0.000000 0.000000 0.000000 0.000000 0.000000 0.000000 0.000000 0.000000 0.000000 0.000000 0.000000
0.083333 0.083333 0.083333 0.083333 0.166667 0.416667 0.083333 0.000000 0.000000 0.000000 0.000000 0.000000 0.000000 0.000000 0.000000 0.000000 0.000000 0.000000 0.000000 0.000000 0.000000
0.083333 0.083333 0.166667 0.083333 0.083333 0.250000 0.166667 0.083333 0.000000 0.000000 0.000000 0.000000 0.000000 0.000000 0.000000 0.000000 0.000000 0.000000 0.000000 0.000000 0.000000
0.055556 0.055556 0.055556 0.055556 0.111111 0.166667 0.055556 0.277778 0.166667 0.000000 0.000000 0.000000 0.000000 0.000000 0.000000 0.000000 0.000000 0.000000 0.000000 0.000000 0.000000
0.050000 0.050000 0.050000 0.050000 0.100000 0.100000 0.150000 0.150000 0.250000 0.050000 0.000000 0.000000 0.000000 0.000000 0.000000 0.000000 0.000000 0.000000 0.000000 0.000000 0.000000
0.034483 0.034483 0.034483 0.034483 0.034483 0.068966 0.068966 0.172414 0.172414 0.206897 0.137931 0.000000 0.000000 0.000000 0.000000 0.000000 0.000000 0.000000 0.000000 0.000000 0.000000
0.032258 0.032258 0.032258 0.032258 0.032258 0.032258 0.032258 0.032258 0.225806 0.193548 0.290323 0.032258 0.000000 0.000000 0.000000 0.000000 0.000000 0.000000 0.000000 0.000000 0.000000
0.012821 0.012821 0.012821 0.012821 0.025641 0.012821 0.012821 0.051282 0.025641 0.102564 0.307692 0.333333 0.076923 0.000000 0.000000 0.000000 0.000000 0.000000 0.000000 0.000000 0.000000
0.018868 0.018868 0.018868 0.018868 0.018868 0.056604 0.056604 0.037736 0.056604 0.018868 0.113208 0.207547 0.320755 0.037736 0.000000 0.000000 0.000000 0.000000 0.000000 0.000000 0.000000
0.018182 0.018182 0.018182 0.018182 0.018182 0.036364 0.018182 0.018182 0.018182 0.018182 0.090909 0.109091 0.290909 0.290909 0.018182 0.000000 0.000000 0.000000 0.000000 0.000000 0.000000
0.013333 0.013333 0.013333 0.013333 0.013333 0.013333 0.026667 0.013333 0.013333 0.040000 0.040000 0.093333 0.120000 0.306667 0.213333 0.053333 0.000000 0.000000 0.000000 0.000000 0.000000
0.045455 0.045455 0.045455 0.045455 0.045455 0.045455 0.045455 0.045455 0.045455 0.045455 0.045455 0.045455 0.090909 0.045455 0.136364 0.136364 0.045455 0.000000 0.000000 0.000000 0.000000
0.047619 0.047619 0.047619 0.047619 0.047619 0.047619 0.047619 0.047619 0.047619 0.047619 0.047619 0.047619 0.047619 0.095238 0.047619 0.095238 0.095238 0.047619 0.000000 0.000000 0.000000
0.045455 0.045455 0.045455 0.045455 0.045455 0.045455 0.045455 0.045455 0.045455 0.045455 0.045455 0.045455 0.045455 0.045455 0.045455 0.090909 0.090909 0.090909 0.045455 0.000000 0.000000
0.025000 0.025000 0.025000 0.025000 0.025000 0.025000 0.025000 0.025000 0.025000 0.025000 0.025000 0.050000 0.025000 0.025000 0.050000 0.075000 0.125000 0.150000 0.150000 0.075000 0.000000
0.025000 0.025000 0.025000 0.025000 0.025000 0.025000 0.025000 0.025000 0.025000 0.025000 0.025000 0.025000 0.025000 0.025000 0.050000 0.025000 0.025000 0.025000 0.125000 0.075000 0.325000
# New slice
0.111111 0.185185 0.037037 0.037037 0.037037 0.037037 0.037037 0.037037 0.037037 0.037037 0.037037 0.037037 0.037037 0.037037 0.037037 0.037037 0.037037 0.037037 0.037037 0.037037 0.037037
0.000000 0.100000 0.166667 0.100000 0.100000 0.033333 0.033333 0.033333 0.033333 0.033333 0.033333 0.033333 0.033333 0.033333 0.033333 0.033333 0.033333 0.033333 0.033333 0.033333 0.033333
0.000000 0.000000 0.172414 0.172414 0.103448 0.034483 0.034483 0.034483 0.034483 0.034483 0.034483 0.034483 0.034483 0.034483 0.034483 0.034483 0.034483 0.034483 0.034483 0.034483 0.034483
0.000000 0.000000 0.029412 0.088235 0.323529 0.117647 0.029412 0.029412 0.029412 0.029412 0.029412 0.029412 0.029412 0.029412 0.029412 0.029412 0.029412 0.029412 0.029412 0.029412 0.029412
0.000000 0.000000 0.000000 0.000000 0.080000 0.160000 0.160000 0.080000 0.040000 0.040000 0.040000 0.040000 0.040000 0.040000 0.040000 0.040000 0.040000 0.040000 0.040000 0.040000 0.040000
0.000000 0.000000 0.000000 0.000000 0.000000 0.060606 0.272727 0.212121 0.060606 0.060606 0.030303 0.030303 0.030303 0.030303 0.030303 0.030303 0.030303 0.030303 0.030303 0.030303 0.030303
0.000000 0.000000 0.000000 0.000000 0.000000 0.025641 0.102564 0.282051 0.205128 0.076923 0.051282 0.025641 0.025641 0.025641 0.025641 0.025641 0.025641 0.025641 0.025641 0.025641 0.025641
0.000000 0.000000 0.000000 0.000000 0.000000 0.000000 0.000000 0.114754 0.426230 0.229508 0.065574 0.016393 0.016393 0.016393 0.016393 0.016393 0.016393 0.016393 0.016393 0.016393 0.016393
0.000000 0.000000 0.000000 0.000000 0.000000 0.000000 0.000000 0.053333 0.106667 0.373333 0.253333 0.080000 0.026667 0.013333 0.013333 0.013333 0.013333 0.013333 0.013333 0.013333 0.013333
0.000000 0.000000 0.000000 0.000000 0.024691 0.012346 0.000000 0.024691 0.049383 0.098765 0.382716 0.234568 0.074074 0.012346 0.012346 0.012346 0.012346 0.012346 0.012346 0.012346 0.012346
0.000000 0.000000 0.000000 0.000000 0.000000 0.000000 0.000000 0.000000 0.057692 0.067308 0.163462 0.375000 0.211538 0.048077 0.019231 0.009615 0.009615 0.009615 0.009615 0.009615 0.009615
0.000000 0.000000 0.000000 0.000000 0.000000 0.000000 0.017391 0.000000 0.008696 0.034783 0.043478 0.208696 0.373913 0.173913 0.086957 0.008696 0.008696 0.008696 0.008696 0.008696 0.008696
0.000000 0.000000 0.000000 0.000000 0.000000 0.000000 0.000000 0.014286 0.000000 0.014286 0.057143 0.042857 0.142857 0.442857 0.200000 0.014286 0.014286 0.014286 0.014286 0.014286 0.014286
0.000000 0.000000 0.000000 0.000000 0.000000 0.000000 0.000000 0.000000 0.000000 0.000000 0.036364 0.036364 0.072727 0.127273 0.272727 0.290909 0.090909 0.018182 0.018182 0.018182 0.018182
0.000000 0.000000 0.000000 0.000000 0.000000 0.000000 0.000000 0.016949 0.016949 0.000000 0.000000 0.016949 0.016949 0.016949 0.152542 0.440678 0.220339 0.050847 0.016949 0.016949 0.016949
0.000000 0.000000 0.000000 0.000000 0.000000 0.000000 0.000000 0.000000 0.000000 0.000000 0.000000 0.000000 0.000000 0.045455 0.090909 0.136364 0.272727 0.227273 0.136364 0.045455 0.045455
0.000000 0.000000 0.000000 0.000000 0.000000 0.000000 0.000000 0.000000 0.000000 0.000000 0.000000 0.020833 0.020833 0.020833 0.020833 0.125000 0.187500 0.291667 0.145833 0.145833 0.020833
0.000000 0.000000 0.000000 0.000000 0.000000 0.000000 0.000000 0.000000 0.000000 0.000000 0.000000 0.000000 0.000000 0.038462 0.000000 0.038462 0.115385 0.076923 0.423077 0.269231 0.038462
0.000000 0.000000 0.000000 0.000000 0.000000 0.000000 0.000000 0.000000 0.000000 0.000000 0.045455 0.000000 0.000000 0.000000 0.045455 0.000000 0.000000 0.090909 0.136364 0.500000 0.181818
0.000000 0.000000 0.000000 0.000000 0.000000 0.000000 0.000000 0.000000 0.000000 0.000000 0.000000 0.071429 0.000000 0.000000 0.071429 0.000000 0.000000 0.071429 0.000000 0.142857 0.642857
0.000000 0.000000 0.000000 0.000000 0.000000 0.000000 0.000000 0.000000 0.000000 0.000000 0.000000 0.000000 0.011494 0.000000 0.000000 0.000000 0.000000 0.022989 0.022989 0.034483 0.908046
# New slice
