# Array shape: (2, 2, 21, 21)
1.000000 0.000000 0.000000 0.000000 0.000000 0.000000 0.000000 0.000000 0.000000 0.000000 0.000000 0.000000 0.000000 0.000000 0.000000 0.000000 0.000000 0.000000 0.000000 0.000000 0.000000
0.666667 0.333333 0.000000 0.000000 0.000000 0.000000 0.000000 0.000000 0.000000 0.000000 0.000000 0.000000 0.000000 0.000000 0.000000 0.000000 0.000000 0.000000 0.000000 0.000000 0.000000
0.666667 0.166667 0.166667 0.000000 0.000000 0.000000 0.000000 0.000000 0.000000 0.000000 0.000000 0.000000 0.000000 0.000000 0.000000 0.000000 0.000000 0.000000 0.000000 0.000000 0.000000
0.200000 0.200000 0.400000 0.200000 0.000000 0.000000 0.000000 0.000000 0.000000 0.000000 0.000000 0.000000 0.000000 0.000000 0.000000 0.000000 0.000000 0.000000 0.000000 0.000000 0.000000
0.200000 0.200000 0.200000 0.200000 0.200000 0.000000 0.000000 0.000000 0.000000 0.000000 0.000000 0.000000 0.000000 0.000000 0.000000 0.000000 0.000000 0.000000 0.000000 0.000000 0.000000
0.111111 0.111111 0.111111 0.111111 0.333333 0.222222 0.000000 0.000000 0.000000 0.000000 0.000000 0.000000 0.000000 0.000000 0.000000 0.000000 0.000000 0.000000 0.000000 0.000000 0.000000
0.062500 0.062500 0.062500 0.125000 0.125000 0.437500 0.125000 0.000000 0.000000 0.000000 0.000000 0.000000 0.000000 0.000000 0.000000 0.000000 0.000000 0.000000 0.000000 0.000000 0.000000
0.066667 0.066667 0.066667 0.066667 0.200000 0.266667 0.200000 0.066667 0.000000 0.000000 0.000000 0.000000 0.000000 0.000000 0.000000 0.000000 0.000000 0.000000 0.000000 0.000000 0.000000
0.040000 0.040000 0.040000 0.040000 0.040000 0.120000 0.280000 0.360000 0.040000 0.000000 0.000000 0.000000 0.000000 0.000000 0.000000 0.000000 0.000000 0.000000 0.000000 0.000000 0.000000
0.027778 0.027778 0.027778 0.055556 0.027778 0.055556 0.138889 0.166667 0.416667 0.055556 0.000000 0.000000 0.000000 0.000000 0.000000 0.000000 0.000000 0.000000 0.000000 0.000000 0.000000
0.021277 0.021277 0.021277 0.021277 0.042553 0.021277 0.106383 0.106383 0.234043 0.319149 0.085106 0.000000 0.000000 0.000000 0.000000 0.000000 0.000000 0.000000 0.000000 0.000000 0.000000
0.020408 0.020408 0.020408 0.020408 0.040816 0.020408 0.040816 0.040816 0.122449 0.285714 0.326531 0.040816 0.000000 0.000000 0.000000 0.000000 0.000000 0.000000 0.000000 0.000000 0.000000
0.014085 0.014085 0.014085 0.014085 0.014085 0.014085 0.014085 0.014085 0.056338 0.140845 0.366197 0.281690 0.042254 0.000000 0.000000 0.000000 0.000000 0.000000 0.000000 0.000000 0.000000
0.030303 0.030303 0.030303 0.030303 0.030303 0.030303 0.060606 0.030303 0.030303 0.121212 0.121212 0.212121 0.151515 0.090909 0.000000 0.000000 0.000000 0.000000 0.000000 0.000000 0.000000
0.066667 0.066667 0.066667 0.066667 0.066667 0.066667 0.066667 0.066667 0.066667 0.066667 0.066667 0.066667 0.066667 0.066667 0.066667 0.000000 0.000000 0.000000 0.000000 0.000000 0.000000
0.031250 0.031250 0.031250 0.031250 0.031250 0.031250 0.031250 0.031250 0.031250 0.062500 0.125000 0.031250 0.093750 0.093750 0.250000 0.062500 0.000000 0.000000 0.000000 0.000000 0.000000
0.058824 0.058824 0.058824 0.058824 0.058824 0.058824 0.058824 0.058824 0.058824 0.058824 0.058824 0.058824 0.058824 0.058824 0.058824 0.058824 0.058824 0.000000 0.000000 0.000000 0.000000
0.047619 0.047619 0.047619 0.047619 0.047619 0.047619 0.047619 0.047619 0.047619 0.095238 0.047619 0.047619 0.047619 0.047619 0.095238 0.095238 0.047619 0.047619 0.000000 0.000000 0.000000
0.052632 0.052632 0.052632 0.052632 0.052632 0.052632 0.052632 0.052632 0.052632 0.052632 0.052632 0.052632 0.052632 0.052632 0.052632 0.052632 0.052632 0.052632 0.052632 0.000000 0.000000
0.050000 0.050000 0.050000 0.050000 0.050000 0.050000 0.050000 0.050000 0.050000 0.050000 0.050000 0.050000 0.050000 0.050000 0.050000 0.050000 0.050000 0.050000 0.050000 0.050000 0.000000
0.047619 0.047619 0.047619 0.047619 0.047619 0.047619 0.047619 0.047619 0.047619 0.047619 0.047619 0.047619 0.047619 0.047619 0.047619 0.047619 0.047619 0.047619 0.047619 0.047619 0.047619
# New slice
0.083333 0.125000 0.041667 0.041667 0.041667 0.041667 0.041667 0.041667 0.041667 0.041667 0.041667 0.041667 0.041667 0.041667 0.041667 0.041667 0.041667 0.041667 0.041667 0.041667 0.041667
0.000000 0.086957 0.043478 0.130435 0.043478 0.043478 0.043478 0.043478 0.043478 0.043478 0.043478 0.043478 0.043478 0.043478 0.043478 0.043478 0.043478 0.043478 0.043478 0.043478 0.043478
0.000000 0.000000 0.052632 0.052632 0.052632 0.052632 0.052632 0.052632 0.052632 0.052632 0.052632 0.052632 0.052632 0.052632 0.052632 0.052632 0.052632 0.052632 0.052632 0.052632 0.052632
0.000000 0.000000 0.000000 0.148148 0.111111 0.148148 0.037037 0.074074 0.037037 0.037037 0.037037 0.037037 0.037037 0.037037 0.037037 0.037037 0.037037 0.037037 0.037037 0.037037 0.037037
0.000000 0.000000 0.000000 0.000000 0.103448 0.344828 0.068966 0.034483 0.034483 0.034483 0.034483 0.034483 0.034483 0.034483 0.034483 0.034483 0.034483 0.034483 0.034483 0.034483 0.034483
0.000000 0.000000 0.000000 0.000000 0.027027 0.108108 0.243243 0.243243 0.054054 0.027027 0.027027 0.027027 0.027027 0.027027 0.027027 0.027027 0.027027 0.027027 0.027027 0.027027 0.027027
0.000000 0.000000 0.000000 0.040816 0.000000 0.000000 0.183673 0.244898 0.183673 0.081633 0.061224 0.020408 0.020408 0.020408 0.020408 0.020408 0.020408 0.020408 0.020408 0.020408 0.020408
0.000000 0.000000 0.000000 0.000000 0.013889 0.000000 0.000000 0.097222 0.388889 0.277778 0.069444 0.027778 0.013889 0.013889 0.013889 0.013889 0.013889 0.013889 0.013889 0.013889 0.013889
0.000000 0.000000 0.000000 0.000000 0.010000 0.010000 0.000000 0.010000 0.210000 0.390000 0.190000 0.080000 0.020000 0.010000 0.010000 0.010000 0.010000 0.010000 0.010000 0.010000 0.010000
0.000000 0.000000 0.000000 0.000000 0.000000 0.008850 0.008850 0.035398 0.053097 0.203540 0.380531 0.194690 0.035398 0.017699 0.008850 0.008850 0.008850 0.008850 0.008850 0.008850 0.008850
0.000000 0.000000 0.000000 0.000000 0.000000 0.008264 0.000000 0.008264 0.041322 0.049587 0.157025 0.330579 0.272727 0.057851 0.024793 0.008264 0.008264 0.008264 0.008264 0.008264 0.008264
0.000000 0.000000 0.000000 0.000000 0.000000 0.000000 0.013699 0.000000 0.013699 0.000000 0.068493 0.136986 0.301370 0.287671 0.068493 0.041096 0.013699 0.013699 0.013699 0.013699 0.013699
0.000000 0.000000 0.000000 0.000000 0.000000 0.000000 0.045455 0.000000 0.045455 0.000000 0.000000 0.090909 0.181818 0.227273 0.136364 0.045455 0.045455 0.045455 0.045455 0.045455 0.045455
0.000000 0.000000 0.000000 0.000000 0.000000 0.000000 0.000000 0.000000 0.000000 0.000000 0.000000 0.000000 0.086957 0.260870 0.347826 0.086957 0.043478 0.043478 0.043478 0.043478 0.043478
0.000000 0.000000 0.000000 0.000000 0.000000 0.000000 0.000000 0.000000 0.000000 0.000000 0.000000 0.093750 0.031250 0.062500 0.218750 0.312500 0.093750 0.093750 0.031250 0.031250 0.031250
0.000000 0.000000 0.000000 0.000000 0.000000 0.000000 0.000000 0.000000 0.000000 0.000000 0.000000 0.000000 0.000000 0.000000 0.000000 0.166667 0.166667 0.166667 0.166667 0.166667 0.166667
0.000000 0.000000 0.000000 0.000000 0.000000 0.000000 0.000000 0.000000 0.000000 0.000000 0.000000 0.000000 0.000000 0.000000 0.000000 0.000000 0.100000 0.500000 0.200000 0.100000 0.100000
0.000000 0.000000 0.000000 0.000000 0.000000 0.000000 0.000000 0.000000 0.000000 0.000000 0.000000 0.000000 0.000000 0.000000 0.000000 0.000000 0.000000 0.250000 0.250000 0.250000 0.250000
0.000000 0.000000 0.000000 0.000000 0.000000 0.000000 0.000000 0.000000 0.000000 0.000000 0.000000 0.000000 0.000000 0.000000 0.000000 0.000000 0.000000 0.166667 0.166667 0.500000 0.166667
0.000000 0.000000 0.000000 0.000000 0.000000 0.000000 0.000000 0.000000 0.000000 0.000000 0.000000 0.000000 0.000000 0.000000 0.000000 0.000000 0.000000 0.000000 0.000000 0.333333 0.666667
0.000000 0.000000 0.000000 0.000000 0.000000 0.000000 0.000000 0.000000 0.000000 0.000000 0.000000 0.000000 0.000000 0.000000 0.000000 0.000000 0.000000 0.000000 0.000000 0.000000 1.000000
# New slice
1.000000 0.000000 0.000000 0.000000 0.000000 0.000000 0.000000 0.000000 0.000000 0.000000 0.000000 0.000000 0.000000 0.000000 0.000000 0.000000 0.000000 0.000000 0.000000 0.000000 0.000000
0.800000 0.200000 0.000000 0.000000 0.000000 0.000000 0.000000 0.000000 0.000000 0.000000 0.000000 0.000000 0.000000 0.000000 0.000000 0.000000 0.000000 0.000000 0.000000 0.000000 0.000000
0.250000 0.500000 0.250000 0.000000 0.000000 0.000000 0.000000 0.000000 0.000000 0.000000 0.000000 0.000000 0.000000 0.000000 0.000000 0.000000 0.000000 0.000000 0.000000 0.000000 0.000000
0.066667 0.200000 0.666667 0.066667 0.000000 0.000000 0.000000 0.000000 0.000000 0.000000 0.000000 0.000000 0.000000 0.000000 0.000000 0.000000 0.000000 0.000000 0.000000 0.000000 0.000000
0.083333 0.083333 0.250000 0.500000 0.083333 0.000000 0.000000 0.000000 0.000000 0.000000 0.000000 0.000000 0.000000 0.000000 0.000000 0.000000 0.000000 0.000000 0.000000 0.000000 0.000000
0.090909 0.181818 0.090909 0.272727 0.272727 0.090909 0.000000 0.000000 0.000000 0.000000 0.000000 0.000000 0.000000 0.000000 0.000000 0.000000 0.000000 0.000000 0.000000 0.000000 0.000000
0.076923 0.076923 0.153846 0.076923 0.230769 0.230769 0.153846 0.000000 0.000000 0.000000 0.000000 0.000000 0.000000 0.000000 0.000000 0.000000 0.000000 0.000000 0.000000 0.000000 0.000000
0.062500 0.062500 0.062500 0.062500 0.250000 0.062500 0.375000 0.062500 0.000000 0.000000 0.000000 0.000000 0.000000 0.000000 0.000000 0.000000 0.000000 0.000000 0.000000 0.000000 0.000000
0.031250 0.031250 0.031250 0.031250 0.062500 0.062500 0.156250 0.406250 0.187500 0.000000 0.000000 0.000000 0.000000 0.000000 0.000000 0.000000 0.000000 0.000000 0.000000 0.000000 0.000000
0.025000 0.025000 0.025000 0.025000 0.050000 0.050000 0.075000 0.350000 0.300000 0.075000 0.000000 0.000000 0.000000 0.000000 0.000000 0.000000 0.000000 0.000000 0.000000 0.000000 0.000000
0.011765 0.011765 0.011765 0.011765 0.023529 0.023529 0.058824 0.117647 0.258824 0.400000 0.070588 0.000000 0.000000 0.000000 0.000000 0.000000 0.000000 0.000000 0.000000 0.000000 0.000000
0.018519 0.018519 0.018519 0.018519 0.037037 0.037037 0.018519 0.092593 0.092593 0.203704 0.425926 0.018519 0.000000 0.000000 0.000000 0.000000 0.000000 0.000000 0.000000 0.000000 0.000000
0.007812 0.007812 0.007812 0.007812 0.007812 0.015625 0.015625 0.023438 0.117188 0.125000 0.328125 0.257812 0.078125 0.000000 0.000000 0.000000 0.000000 0.000000 0.000000 0.000000 0.000000
0.014085 0.014085 0.014085 0.014085 0.014085 0.028169 0.014085 0.014085 0.056338 0.070423 0.126761 0.183099 0.352113 0.084507 0.000000 0.000000 0.000000 0.000000 0.000000 0.000000 0.000000
0.023810 0.023810 0.023810 0.023810 0.023810 0.071429 0.023810 0.023810 0.023810 0.047619 0.047619 0.119048 0.309524 0.190476 0.023810 0.000000 0.000000 0.000000 0.000000 0.000000 0.000000
0.032258 0.032258 0.032258 0.032258 0.032258 0.032258 0.032258 0.032258 0.032258 0.032258 0.032258 0.032258 0.032258 0.258065 0.290323 0.032258 0.000000 0.000000 0.000000 0.000000 0.000000
0.058824 0.058824 0.058824 0.058824 0.058824 0.058824 0.058824 0.058824 0.058824 0.058824 0.058824 0.058824 0.058824 0.058824 0.058824 0.058824 0.058824 0.000000 0.000000 0.000000 0.000000
0.052632 0.052632 0.052632 0.052632 0.052632 0.052632 0.052632 0.052632 0.052632 0.052632 0.052632 0.052632 0.052632 0.052632 0.052632 0.105263 0.052632 0.052632 0.000000 0.000000 0.000000
0.047619 0.047619 0.047619 0.047619 0.047619 0.047619 0.047619 0.047619 0.047619 0.047619 0.047619 0.047619 0.047619 0.047619 0.047619 0.095238 0.047619 0.095238 0.047619 0.000000 0.000000
0.047619 0.047619 0.047619 0.047619 0.047619 0.047619 0.047619 0.047619 0.047619 0.047619 0.047619 0.047619 0.047619 0.047619 0.047619 0.047619 0.047619 0.047619 0.095238 0.047619 0.000000
0.047619 0.047619 0.047619 0.047619 0.047619 0.047619 0.047619 0.047619 0.047619 0.047619 0.047619 0.047619 0.047619 0.047619 0.047619 0.047619 0.047619 0.047619 0.047619 0.047619 0.047619
# New slice
0.107143 0.142857 0.071429 0.035714 0.071429 0.035714 0.035714 0.035714 0.035714 0.035714 0.035714 0.035714 0.035714 0.035714 0.035714 0.035714 0.035714 0.035714 0.035714 0.035714 0.035714
0.000000 0.083333 0.083333 0.125000 0.041667 0.041667 0.041667 0.041667 0.041667 0.041667 0.041667 0.041667 0.041667 0.041667 0.041667 0.041667 0.041667 0.041667 0.041667 0.041667 0.041667
0.000000 0.000000 0.064516 0.225806 0.064516 0.129032 0.064516 0.032258 0.032258 0.032258 0.032258 0.032258 0.032258 0.032258 0.032258 0.032258 0.032258 0.032258 0.032258 0.032258 0.032258
0.000000 0.000000 0.000000 0.047619 0.095238 0.095238 0.047619 0.095238 0.047619 0.047619 0.047619 0.047619 0.047619 0.047619 0.047619 0.047619 0.047619 0.047619 0.047619 0.047619 0.047619
0.000000 0.000000 0.000000 0.000000 0.103448 0.275862 0.103448 0.068966 0.034483 0.034483 0.034483 0.034483 0.034483 0.034483 0.034483 0.034483 0.034483 0.034483 0.034483 0.034483 0.034483
0.000000 0.000000 0.000000 0.000000 0.037037 0.129630 0.370370 0.166667 0.074074 0.018519 0.018519 0.018519 0.018519 0.018519 0.018519 0.018519 0.018519 0.018519 0.018519 0.018519 0.018519
0.000000 0.000000 0.000000 0.000000 0.000000 0.033898 0.135593 0.338983 0.237288 0.067797 0.016949 0.016949 0.016949 0.016949 0.016949 0.016949 0.016949 0.016949 0.016949 0.016949 0.016949
0.000000 0.000000 0.000000 0.000000 0.000000 0.000000 0.023810 0.095238 0.404762 0.202381 0.142857 0.023810 0.011905 0.011905 0.011905 0.011905 0.011905 0.011905 0.011905 0.011905 0.011905
0.000000 0.000000 0.000000 0.000000 0.000000 0.008065 0.008065 0.080645 0.161290 0.354839 0.266129 0.048387 0.008065 0.008065 0.008065 0.008065 0.008065 0.008065 0.008065 0.008065 0.008065
0.000000 0.000000 0.000000 0.000000 0.000000 0.013889 0.013889 0.020833 0.041667 0.138889 0.451389 0.173611 0.083333 0.013889 0.006944 0.006944 0.006944 0.006944 0.006944 0.006944 0.006944
0.000000 0.000000 0.000000 0.000000 0.000000 0.020833 0.000000 0.006944 0.027778 0.076389 0.180556 0.340278 0.215278 0.076389 0.013889 0.006944 0.006944 0.006944 0.006944 0.006944 0.006944
0.000000 0.000000 0.000000 0.000000 0.000000 0.007874 0.015748 0.000000 0.000000 0.007874 0.023622 0.181102 0.385827 0.220472 0.086614 0.031496 0.007874 0.007874 0.007874 0.007874 0.007874
0.000000 0.000000 0.000000 0.000000 0.000000 0.000000 0.023810 0.047619 0.000000 0.000000 0.047619 0.071429 0.238095 0.238095 0.142857 0.071429 0.023810 0.023810 0.023810 0.023810 0.023810
0.000000 0.000000 0.000000 0.000000 0.000000 0.000000 0.000000 0.037037 0.000000 0.037037 0.037037 0.000000 0.111111 0.111111 0.296296 0.111111 0.111111 0.037037 0.037037 0.037037 0.037037
0.000000 0.000000 0.000000 0.000000 0.000000 0.000000 0.000000 0.000000 0.000000 0.000000 0.000000 0.000000 0.000000 0.000000 0.058824 0.411765 0.294118 0.058824 0.058824 0.058824 0.058824
0.000000 0.000000 0.000000 0.000000 0.000000 0.000000 0.000000 0.000000 0.000000 0.000000 0.000000 0.000000 0.000000 0.000000 0.125000 0.250000 0.125000 0.125000 0.125000 0.125000 0.125000
0.000000 0.000000 0.000000 0.000000 0.000000 0.000000 0.000000 0.000000 0.000000 0.000000 0.000000 0.000000 0.111111 0.000000 0.000000 0.111111 0.111111 0.111111 0.222222 0.222222 0.111111
0.000000 0.000000 0.000000 0.000000 0.000000 0.000000 0.000000 0.000000 0.000000 0.000000 0.000000 0.000000 0.000000 0.000000 0.000000 0.090909 0.090909 0.181818 0.363636 0.181818 0.090909
0.000000 0.000000 0.000000 0.000000 0.000000 0.000000 0.000000 0.000000 0.000000 0.000000 0.000000 0.000000 0.000000 0.000000 0.000000 0.000000 0.000000 0.000000 0.250000 0.500000 0.250000
0.000000 0.000000 0.000000 0.000000 0.000000 0.000000 0.000000 0.000000 0.000000 0.000000 0.000000 0.000000 0.000000 0.000000 0.000000 0.000000 0.000000 0.250000 0.000000 0.500000 0.250000
0.000000 0.000000 0.000000 0.000000 0.000000 0.000000 0.000000 0.000000 0.000000 0.000000 0.000000 0.000000 0.166667 0.000000 0.000000 0.166667 0.000000 0.000000 0.000000 0.000000 0.666667
# New slice
