# Array shape: (2, 2, 21, 21)
1.000000 0.000000 0.000000 0.000000 0.000000 0.000000 0.000000 0.000000 0.000000 0.000000 0.000000 0.000000 0.000000 0.000000 0.000000 0.000000 0.000000 0.000000 0.000000 0.000000 0.000000
0.500000 0.500000 0.000000 0.000000 0.000000 0.000000 0.000000 0.000000 0.000000 0.000000 0.000000 0.000000 0.000000 0.000000 0.000000 0.000000 0.000000 0.000000 0.000000 0.000000 0.000000
0.157895 0.526316 0.315789 0.000000 0.000000 0.000000 0.000000 0.000000 0.000000 0.000000 0.000000 0.000000 0.000000 0.000000 0.000000 0.000000 0.000000 0.000000 0.000000 0.000000 0.000000
0.055556 0.166667 0.666667 0.111111 0.000000 0.000000 0.000000 0.000000 0.000000 0.000000 0.000000 0.000000 0.000000 0.000000 0.000000 0.000000 0.000000 0.000000 0.000000 0.000000 0.000000
0.047619 0.047619 0.190476 0.428571 0.285714 0.000000 0.000000 0.000000 0.000000 0.000000 0.000000 0.000000 0.000000 0.000000 0.000000 0.000000 0.000000 0.000000 0.000000 0.000000 0.000000
0.034483 0.068966 0.068966 0.068966 0.551724 0.206897 0.000000 0.000000 0.000000 0.000000 0.000000 0.000000 0.000000 0.000000 0.000000 0.000000 0.000000 0.000000 0.000000 0.000000 0.000000
0.027778 0.027778 0.055556 0.055556 0.138889 0.527778 0.166667 0.000000 0.000000 0.000000 0.000000 0.000000 0.000000 0.000000 0.000000 0.000000 0.000000 0.000000 0.000000 0.000000 0.000000
0.021739 0.021739 0.043478 0.021739 0.152174 0.130435 0.456522 0.152174 0.000000 0.000000 0.000000 0.000000 0.000000 0.000000 0.000000 0.000000 0.000000 0.000000 0.000000 0.000000 0.000000
0.026316 0.026316 0.026316 0.052632 0.026316 0.157895 0.105263 0.500000 0.078947 0.000000 0.000000 0.000000 0.000000 0.000000 0.000000 0.000000 0.000000 0.000000 0.000000 0.000000 0.000000
0.024390 0.024390 0.024390 0.048780 0.048780 0.024390 0.048780 0.073171 0.487805 0.195122 0.000000 0.000000 0.000000 0.000000 0.000000 0.000000 0.000000 0.000000 0.000000 0.000000 0.000000
0.025641 0.025641 0.025641 0.025641 0.102564 0.051282 0.025641 0.025641 0.153846 0.435897 0.102564 0.000000 0.000000 0.000000 0.000000 0.000000 0.000000 0.000000 0.000000 0.000000 0.000000
0.045455 0.045455 0.045455 0.045455 0.045455 0.045455 0.045455 0.045455 0.090909 0.136364 0.363636 0.045455 0.000000 0.000000 0.000000 0.000000 0.000000 0.000000 0.000000 0.000000 0.000000
0.062500 0.062500 0.062500 0.062500 0.062500 0.062500 0.062500 0.062500 0.062500 0.062500 0.125000 0.125000 0.125000 0.000000 0.000000 0.000000 0.000000 0.000000 0.000000 0.000000 0.000000
0.043478 0.043478 0.043478 0.043478 0.043478 0.043478 0.043478 0.043478 0.043478 0.043478 0.043478 0.217391 0.173913 0.130435 0.000000 0.000000 0.000000 0.000000 0.000000 0.000000 0.000000
0.050000 0.050000 0.050000 0.050000 0.050000 0.050000 0.050000 0.050000 0.100000 0.050000 0.050000 0.050000 0.050000 0.150000 0.150000 0.000000 0.000000 0.000000 0.000000 0.000000 0.000000
0.055556 0.055556 0.055556 0.055556 0.055556 0.055556 0.055556 0.055556 0.055556 0.111111 0.055556 0.055556 0.055556 0.111111 0.055556 0.055556 0.000000 0.000000 0.000000 0.000000 0.000000
0.058824 0.058824 0.058824 0.058824 0.058824 0.058824 0.058824 0.058824 0.058824 0.058824 0.058824 0.058824 0.058824 0.058824 0.058824 0.058824 0.058824 0.000000 0.000000 0.000000 0.000000
0.055556 0.055556 0.055556 0.055556 0.055556 0.055556 0.055556 0.055556 0.055556 0.055556 0.055556 0.055556 0.055556 0.055556 0.055556 0.055556 0.055556 0.055556 0.000000 0.000000 0.000000
0.052632 0.052632 0.052632 0.052632 0.052632 0.052632 0.052632 0.052632 0.052632 0.052632 0.052632 0.052632 0.052632 0.052632 0.052632 0.052632 0.052632 0.052632 0.052632 0.000000 0.000000
0.050000 0.050000 0.050000 0.050000 0.050000 0.050000 0.050000 0.050000 0.050000 0.050000 0.050000 0.050000 0.050000 0.050000 0.050000 0.050000 0.050000 0.050000 0.050000 0.050000 0.000000
0.045455 0.045455 0.045455 0.045455 0.045455 0.045455 0.045455 0.045455 0.045455 0.045455 0.045455 0.045455 0.045455 0.045455 0.045455 0.045455 0.045455 0.045455 0.045455 0.045455 0.090909
# New slice
0.225806 0.161290 0.032258 0.032258 0.032258 0.032258 0.032258 0.032258 0.032258 0.032258 0.032258 0.032258 0.032258 0.032258 0.032258 0.032258 0.032258 0.032258 0.032258 0.032258 0.032258
0.029412 0.117647 0.205882 0.147059 0.029412 0.029412 0.029412 0.029412 0.029412 0.029412 0.029412 0.029412 0.029412 0.029412 0.029412 0.029412 0.029412 0.029412 0.029412 0.029412 0.029412
0.027778 0.055556 0.166667 0.250000 0.055556 0.027778 0.027778 0.027778 0.027778 0.027778 0.027778 0.027778 0.027778 0.027778 0.027778 0.027778 0.027778 0.027778 0.027778 0.027778 0.027778
0.000000 0.020833 0.062500 0.104167 0.437500 0.062500 0.020833 0.020833 0.020833 0.020833 0.020833 0.020833 0.020833 0.020833 0.020833 0.020833 0.020833 0.020833 0.020833 0.020833 0.020833
0.000000 0.000000 0.012987 0.012987 0.077922 0.636364 0.077922 0.012987 0.012987 0.012987 0.012987 0.012987 0.012987 0.012987 0.012987 0.012987 0.012987 0.012987 0.012987 0.012987 0.012987
0.000000 0.000000 0.010870 0.032609 0.021739 0.173913 0.467391 0.152174 0.010870 0.010870 0.010870 0.010870 0.010870 0.010870 0.010870 0.010870 0.010870 0.010870 0.010870 0.010870 0.010870
0.000000 0.000000 0.000000 0.009804 0.009804 0.009804 0.205882 0.509804 0.117647 0.029412 0.009804 0.009804 0.009804 0.009804 0.009804 0.009804 0.009804 0.009804 0.009804 0.009804 0.009804
0.000000 0.000000 0.000000 0.020619 0.041237 0.030928 0.061856 0.164948 0.453608 0.113402 0.010309 0.010309 0.010309 0.010309 0.010309 0.010309 0.010309 0.010309 0.010309 0.010309 0.010309
0.000000 0.000000 0.000000 0.025641 0.000000 0.038462 0.012821 0.012821 0.205128 0.448718 0.128205 0.012821 0.012821 0.012821 0.012821 0.012821 0.012821 0.012821 0.012821 0.012821 0.012821
0.000000 0.000000 0.000000 0.014706 0.029412 0.014706 0.029412 0.014706 0.044118 0.205882 0.411765 0.102941 0.014706 0.014706 0.014706 0.014706 0.014706 0.014706 0.014706 0.014706 0.014706
0.000000 0.000000 0.000000 0.000000 0.000000 0.076923 0.000000 0.025641 0.025641 0.025641 0.128205 0.410256 0.102564 0.025641 0.025641 0.025641 0.025641 0.025641 0.025641 0.025641 0.025641
0.000000 0.000000 0.000000 0.029412 0.029412 0.000000 0.029412 0.000000 0.088235 0.000000 0.058824 0.147059 0.323529 0.058824 0.058824 0.029412 0.029412 0.029412 0.029412 0.029412 0.029412
0.000000 0.000000 0.000000 0.000000 0.000000 0.000000 0.000000 0.000000 0.000000 0.040000 0.000000 0.000000 0.240000 0.360000 0.120000 0.040000 0.040000 0.040000 0.040000 0.040000 0.040000
0.000000 0.000000 0.000000 0.100000 0.000000 0.000000 0.000000 0.000000 0.000000 0.000000 0.000000 0.000000 0.000000 0.100000 0.200000 0.100000 0.100000 0.100000 0.100000 0.100000 0.100000
0.000000 0.000000 0.000000 0.000000 0.000000 0.000000 0.000000 0.000000 0.000000 0.000000 0.000000 0.083333 0.000000 0.000000 0.083333 0.333333 0.166667 0.083333 0.083333 0.083333 0.083333
0.000000 0.000000 0.000000 0.000000 0.000000 0.000000 0.000000 0.000000 0.000000 0.000000 0.000000 0.000000 0.000000 0.000000 0.000000 0.250000 0.250000 0.125000 0.125000 0.125000 0.125000
0.000000 0.000000 0.000000 0.000000 0.000000 0.000000 0.000000 0.000000 0.000000 0.166667 0.000000 0.000000 0.000000 0.000000 0.000000 0.000000 0.166667 0.166667 0.166667 0.166667 0.166667
0.000000 0.000000 0.000000 0.000000 0.000000 0.000000 0.000000 0.000000 0.000000 0.000000 0.000000 0.000000 0.000000 0.000000 0.000000 0.000000 0.000000 0.250000 0.250000 0.250000 0.250000
0.000000 0.000000 0.000000 0.000000 0.000000 0.000000 0.000000 0.000000 0.000000 0.000000 0.000000 0.000000 0.000000 0.000000 0.000000 0.000000 0.000000 0.000000 0.333333 0.333333 0.333333
0.000000 0.000000 0.000000 0.000000 0.000000 0.000000 0.000000 0.000000 0.000000 0.000000 0.000000 0.000000 0.000000 0.000000 0.000000 0.000000 0.000000 0.000000 0.000000 0.500000 0.500000
0.000000 0.000000 0.000000 0.000000 0.000000 0.000000 0.000000 0.000000 0.000000 0.000000 0.000000 0.000000 0.000000 0.000000 0.000000 0.000000 0.000000 0.000000 0.000000 0.000000 1.000000
# New slice
1.000000 0.000000 0.000000 0.000000 0.000000 0.000000 0.000000 0.000000 0.000000 0.000000 0.000000 0.000000 0.000000 0.000000 0.000000 0.000000 0.000000 0.000000 0.000000 0.000000 0.000000
0.750000 0.250000 0.000000 0.000000 0.000000 0.000000 0.000000 0.000000 0.000000 0.000000 0.000000 0.000000 0.000000 0.000000 0.000000 0.000000 0.000000 0.000000 0.000000 0.000000 0.000000
0.187500 0.562500 0.250000 0.000000 0.000000 0.000000 0.000000 0.000000 0.000000 0.000000 0.000000 0.000000 0.000000 0.000000 0.000000 0.000000 0.000000 0.000000 0.000000 0.000000 0.000000
0.080000 0.160000 0.520000 0.240000 0.000000 0.000000 0.000000 0.000000 0.000000 0.000000 0.000000 0.000000 0.000000 0.000000 0.000000 0.000000 0.000000 0.000000 0.000000 0.000000 0.000000
0.037037 0.074074 0.259259 0.407407 0.222222 0.000000 0.000000 0.000000 0.000000 0.000000 0.000000 0.000000 0.000000 0.000000 0.000000 0.000000 0.000000 0.000000 0.000000 0.000000 0.000000
0.017544 0.017544 0.052632 0.298246 0.491228 0.122807 0.000000 0.000000 0.000000 0.000000 0.000000 0.000000 0.000000 0.000000 0.000000 0.000000 0.000000 0.000000 0.000000 0.000000 0.000000
0.020408 0.020408 0.040816 0.040816 0.183673 0.489796 0.204082 0.000000 0.000000 0.000000 0.000000 0.000000 0.000000 0.000000 0.000000 0.000000 0.000000 0.000000 0.000000 0.000000 0.000000
0.021739 0.021739 0.065217 0.043478 0.043478 0.195652 0.456522 0.152174 0.000000 0.000000 0.000000 0.000000 0.000000 0.000000 0.000000 0.000000 0.000000 0.000000 0.000000 0.000000 0.000000
0.021277 0.021277 0.063830 0.042553 0.042553 0.127660 0.063830 0.510638 0.106383 0.000000 0.000000 0.000000 0.000000 0.000000 0.000000 0.000000 0.000000 0.000000 0.000000 0.000000 0.000000
0.030303 0.030303 0.030303 0.030303 0.060606 0.121212 0.121212 0.090909 0.424242 0.060606 0.000000 0.000000 0.000000 0.000000 0.000000 0.000000 0.000000 0.000000 0.000000 0.000000 0.000000
0.025000 0.025000 0.025000 0.025000 0.075000 0.050000 0.100000 0.050000 0.150000 0.400000 0.075000 0.000000 0.000000 0.000000 0.000000 0.000000 0.000000 0.000000 0.000000 0.000000 0.000000
0.043478 0.043478 0.043478 0.043478 0.043478 0.043478 0.043478 0.086957 0.043478 0.130435 0.304348 0.130435 0.000000 0.000000 0.000000 0.000000 0.000000 0.000000 0.000000 0.000000 0.000000
0.066667 0.066667 0.066667 0.066667 0.066667 0.066667 0.066667 0.066667 0.066667 0.066667 0.066667 0.133333 0.133333 0.000000 0.000000 0.000000 0.000000 0.000000 0.000000 0.000000 0.000000
0.040000 0.040000 0.040000 0.040000 0.040000 0.120000 0.040000 0.040000 0.040000 0.040000 0.040000 0.120000 0.240000 0.120000 0.000000 0.000000 0.000000 0.000000 0.000000 0.000000 0.000000
0.066667 0.066667 0.066667 0.066667 0.066667 0.066667 0.066667 0.066667 0.066667 0.066667 0.066667 0.066667 0.066667 0.066667 0.066667 0.000000 0.000000 0.000000 0.000000 0.000000 0.000000
0.062500 0.062500 0.062500 0.062500 0.062500 0.062500 0.062500 0.062500 0.062500 0.062500 0.062500 0.062500 0.062500 0.062500 0.062500 0.062500 0.000000 0.000000 0.000000 0.000000 0.000000
0.058824 0.058824 0.058824 0.058824 0.058824 0.058824 0.058824 0.058824 0.058824 0.058824 0.058824 0.058824 0.058824 0.058824 0.058824 0.058824 0.058824 0.000000 0.000000 0.000000 0.000000
0.055556 0.055556 0.055556 0.055556 0.055556 0.055556 0.055556 0.055556 0.055556 0.055556 0.055556 0.055556 0.055556 0.055556 0.055556 0.055556 0.055556 0.055556 0.000000 0.000000 0.000000
0.052632 0.052632 0.052632 0.052632 0.052632 0.052632 0.052632 0.052632 0.052632 0.052632 0.052632 0.052632 0.052632 0.052632 0.052632 0.052632 0.052632 0.052632 0.052632 0.000000 0.000000
0.050000 0.050000 0.050000 0.050000 0.050000 0.050000 0.050000 0.050000 0.050000 0.050000 0.050000 0.050000 0.050000 0.050000 0.050000 0.050000 0.050000 0.050000 0.050000 0.050000 0.000000
0.040000 0.040000 0.040000 0.040000 0.040000 0.040000 0.040000 0.040000 0.040000 0.040000 0.080000 0.040000 0.040000 0.040000 0.040000 0.040000 0.040000 0.040000 0.040000 0.120000 0.080000
# New slice
0.235294 0.205882 0.029412 0.029412 0.029412 0.029412 0.029412 0.029412 0.029412 0.029412 0.029412 0.029412 0.029412 0.029412 0.029412 0.029412 0.029412 0.029412 0.029412 0.029412 0.029412
0.000000 0.163636 0.418182 0.109091 0.018182 0.018182 0.018182 0.018182 0.018182 0.018182 0.018182 0.018182 0.018182 0.018182 0.018182 0.018182 0.018182 0.018182 0.018182 0.018182 0.018182
0.012821 0.025641 0.166667 0.435897 0.153846 0.012821 0.012821 0.012821 0.012821 0.012821 0.012821 0.012821 0.012821 0.012821 0.012821 0.012821 0.012821 0.012821 0.012821 0.012821 0.012821
0.000000 0.000000 0.021505 0.182796 0.408602 0.225806 0.010753 0.010753 0.010753 0.010753 0.010753 0.010753 0.010753 0.010753 0.010753 0.010753 0.010753 0.010753 0.010753 0.010753 0.010753
0.000000 0.007937 0.000000 0.000000 0.230159 0.476190 0.166667 0.015873 0.007937 0.007937 0.007937 0.007937 0.007937 0.007937 0.007937 0.007937 0.007937 0.007937 0.007937 0.007937 0.007937
0.000000 0.000000 0.013605 0.020408 0.034014 0.149660 0.585034 0.102041 0.013605 0.006803 0.006803 0.006803 0.006803 0.006803 0.006803 0.006803 0.006803 0.006803 0.006803 0.006803 0.006803
0.000000 0.000000 0.006711 0.020134 0.026846 0.053691 0.167785 0.550336 0.093960 0.006711 0.006711 0.006711 0.006711 0.006711 0.006711 0.006711 0.006711 0.006711 0.006711 0.006711 0.006711
0.000000 0.000000 0.000000 0.015748 0.000000 0.031496 0.031496 0.228346 0.488189 0.110236 0.015748 0.007874 0.007874 0.007874 0.007874 0.007874 0.007874 0.007874 0.007874 0.007874 0.007874
0.000000 0.000000 0.000000 0.030000 0.030000 0.060000 0.080000 0.000000 0.130000 0.520000 0.050000 0.010000 0.010000 0.010000 0.010000 0.010000 0.010000 0.010000 0.010000 0.010000 0.010000
0.000000 0.000000 0.000000 0.000000 0.021505 0.032258 0.053763 0.043011 0.032258 0.215054 0.376344 0.129032 0.010753 0.010753 0.010753 0.010753 0.010753 0.010753 0.010753 0.010753 0.010753
0.000000 0.000000 0.000000 0.000000 0.058824 0.029412 0.029412 0.058824 0.058824 0.029412 0.147059 0.323529 0.029412 0.029412 0.029412 0.029412 0.029412 0.029412 0.029412 0.029412 0.029412
0.000000 0.000000 0.000000 0.000000 0.000000 0.000000 0.037037 0.037037 0.000000 0.037037 0.037037 0.185185 0.222222 0.148148 0.074074 0.037037 0.037037 0.037037 0.037037 0.037037 0.037037
0.000000 0.000000 0.000000 0.000000 0.000000 0.043478 0.043478 0.000000 0.000000 0.000000 0.043478 0.043478 0.130435 0.391304 0.043478 0.043478 0.043478 0.043478 0.043478 0.043478 0.043478
0.000000 0.000000 0.000000 0.000000 0.000000 0.000000 0.000000 0.000000 0.066667 0.000000 0.000000 0.000000 0.000000 0.133333 0.400000 0.066667 0.066667 0.066667 0.066667 0.066667 0.066667
0.000000 0.000000 0.000000 0.000000 0.000000 0.000000 0.000000 0.000000 0.000000 0.000000 0.111111 0.000000 0.000000 0.000000 0.111111 0.222222 0.111111 0.111111 0.111111 0.111111 0.111111
0.000000 0.000000 0.000000 0.000000 0.000000 0.000000 0.000000 0.142857 0.000000 0.000000 0.000000 0.000000 0.000000 0.000000 0.000000 0.142857 0.142857 0.142857 0.142857 0.142857 0.142857
0.000000 0.000000 0.000000 0.000000 0.000000 0.000000 0.000000 0.000000 0.000000 0.000000 0.000000 0.000000 0.000000 0.000000 0.000000 0.000000 0.166667 0.333333 0.166667 0.166667 0.166667
0.000000 0.000000 0.000000 0.000000 0.000000 0.000000 0.000000 0.000000 0.000000 0.000000 0.000000 0.000000 0.000000 0.000000 0.000000 0.000000 0.000000 0.200000 0.400000 0.200000 0.200000
0.000000 0.000000 0.000000 0.000000 0.000000 0.000000 0.000000 0.000000 0.000000 0.000000 0.000000 0.000000 0.000000 0.000000 0.000000 0.000000 0.000000 0.000000 0.250000 0.500000 0.250000
0.000000 0.000000 0.000000 0.000000 0.000000 0.000000 0.000000 0.000000 0.000000 0.000000 0.000000 0.000000 0.000000 0.250000 0.000000 0.000000 0.000000 0.000000 0.000000 0.250000 0.500000
0.000000 0.000000 0.000000 0.000000 0.000000 0.000000 0.000000 0.000000 0.000000 0.000000 0.000000 0.000000 0.000000 0.000000 0.000000 0.000000 0.000000 0.000000 0.000000 0.000000 1.000000
# New slice
