# Array shape: (2, 21, 2)
     0.000  61600.390
     0.000  78295.839
 37204.839 125915.103
 82685.343 139617.188
114794.199 102361.302
 36505.956 130995.931
109841.989 148743.581
133256.474 150161.445
140349.661 146142.712
126789.785 146236.523
122096.148 135809.923
117517.497 133716.920
127750.133  11174.789
 65970.287 131861.563
 48245.872 122633.446
     0.000 108084.582
     0.000  91909.268
     0.000  66116.926
     0.000      0.000
     0.000      0.000
     0.000      0.000
# New slice
     0.000  96451.041
 80418.072      0.000
 72271.256 108222.240
 34004.862 128046.049
 46645.607 134091.828
 18021.131 149125.062
 70987.734 148820.881
135411.665 145912.719
109891.373 132282.846
122619.854 146925.259
137029.922 117416.599
 44588.814 139922.911
108041.830 133238.185
     0.000 126505.742
 37210.684 117858.896
 54649.927 102739.040
     0.000 104057.669
     0.000  61193.396
 42463.478      0.000
 42569.144      0.000
     0.000      0.000
# New slice
