# Array shape: (2, 21, 2)
 16511.330  18910.856
 10624.303  22715.241
 15352.457  22521.369
 20570.628  21806.814
 22059.742  23614.320
 21884.508  24289.318
 21702.862  27525.503
 23984.995  27488.110
 23747.483  26237.483
 25097.365  28330.954
 25922.838  29790.190
 26632.026  31338.965
 28781.317  30638.310
 30838.093  30096.064
 28489.926  29522.150
 31040.665  26786.787
 29843.206  24828.517
 12748.205  27786.548
     0.000  26566.557
 12763.329  28587.601
 28852.267      0.000
# New slice
 16809.044  20250.187
 18285.631  16449.733
 19571.321  22049.488
 19506.059  21911.520
 19512.373  23658.901
 21581.616  25075.348
 21426.613  26006.999
 25176.694  23583.614
 25571.189  28587.288
 26357.303  29000.117
 25310.062  29027.913
 26183.161  32036.498
 25890.984  30322.942
 29010.852  30428.934
 25151.484  31380.014
 20112.016  29367.631
 23340.053  30414.100
 28374.141  24868.232
     0.000  22759.698
 19534.711  31734.151
     0.000  30783.122
# New slice
