# Array shape: (2, 21, 2)
145122.565  85935.118
127439.383 156657.482
     0.000 164215.881
 98722.344 177910.827
177012.904 214299.998
 95632.745 213048.844
164984.342 220458.468
192263.032 222386.106
188253.230 242196.927
218932.021 250158.831
 90644.898 259255.946
221745.903 272379.282
243675.520 289638.032
223887.695 262015.365
253308.735 281090.025
236203.992 319401.771
254967.017 331746.826
247108.510 338904.275
309929.710 325047.468
304862.515 347937.578
319388.636 264947.116
# New slice
     0.000 163337.972
146202.204 169133.129
122894.534 179033.726
165363.851 185693.148
130775.821 204394.367
182454.651 112116.257
199467.428 234546.817
200286.189 226260.760
 76957.894 250884.127
217937.099 190845.987
241048.852 258530.711
252822.158 248437.222
230680.921 279022.458
252539.551 233380.001
269098.785 308118.676
232860.156 304165.640
229845.458 278461.342
224922.829 316432.941
309862.111 328947.030
255025.581 327931.802
315132.766 326523.260
# New slice
