# Array shape: (2, 21, 2)
445341.138 499581.044
436189.530 589670.480
402511.178 691728.268
538955.494 772707.835
613422.118 781939.415
598664.031 824472.972
754033.876 870403.014
786810.706 866502.527
781910.827 899774.663
858463.765 893629.347
854612.178 885360.792
726754.403 922630.795
847294.386 762274.035
528088.283 808895.595
568246.872      0.000
     0.000 633382.895
     0.000 513808.521
     0.000 167775.717
     0.000 330348.900
     0.000      0.000
     0.000      0.000
# New slice
429836.528 486461.349
460589.801 592309.413
519978.338 668465.525
570528.659 761682.561
597438.125 803501.095
746465.542 793780.405
715340.789 899865.881
738021.752 858448.824
800545.484 745702.622
818242.258 787242.727
775674.433 855036.347
896936.594 852099.838
735628.164 852403.771
711318.838 493425.315
753371.983      0.000
     0.000 551316.773
     0.000 424610.503
394686.434 535492.562
     0.000 341795.791
     0.000      0.000
     0.000      0.000
# New slice
