# Array shape: (2, 21, 2)
  1072.842   1574.318
   988.934   1671.780
  1555.793   1844.984
  1733.524   2028.854
  1881.477   1487.563
  2235.521   1798.714
  1454.168   2142.618
  1864.615   2416.724
  2373.872   2794.722
  1877.491   1912.472
  1266.395      0.000
     0.000      0.000
     0.000      0.000
     0.000      0.000
     0.000      0.000
     0.000      0.000
     0.000      0.000
     0.000      0.000
     0.000      0.000
     0.000      0.000
     0.000      0.000
# New slice
  1066.394   1491.929
  1359.144   1737.152
  1471.291   1906.522
  1755.034   2062.388
  1801.380   1404.964
  1456.367   2423.610
  1347.697    888.750
  1841.420   2499.053
     0.000      0.000
     0.000   1500.430
     0.000      0.000
     0.000      0.000
     0.000      0.000
     0.000      0.000
     0.000      0.000
     0.000      0.000
     0.000      0.000
     0.000      0.000
     0.000      0.000
     0.000      0.000
     0.000      0.000
# New slice
