# Array shape: (2, 21, 2)
     0.000  24973.594
     0.000  28665.591
     0.000  68517.476
 35752.065  79884.918
 27737.618  85862.148
 36371.942  84628.290
 73076.291  85285.020
 81718.226  84799.358
 86455.031  73347.813
 83250.958  60830.201
 85750.171  60181.072
 51904.781  83009.251
 74895.901  47547.199
     0.000  57313.206
 14516.719  49496.899
     0.000  84085.392
     0.000  51469.156
     0.000  72398.227
     0.000  72945.479
     0.000  69023.277
     0.000  66707.586
# New slice
     0.000      0.000
     0.000      0.000
     0.000  67493.386
 23218.248  83835.093
 47522.025  85562.837
 43069.280  83818.589
 21767.904  82857.112
 84339.844  81999.770
 84490.050  71266.965
 81750.236  76933.002
 39734.474  83243.300
 85227.339  29309.904
 28418.066  81488.682
     0.000  58690.295
     0.000  60660.900
     0.000  58132.401
     0.000  28585.459
     0.000  14742.054
     0.000  61975.938
     0.000  53863.754
     0.000  57286.280
# New slice
