# Array shape: (2, 21, 2)
141482.054 168025.227
158274.656 228011.924
152650.957 252869.439
201363.208 267972.429
239023.277 316520.671
264696.887 297407.106
291196.044 361935.774
312826.721 355468.152
357288.016 315250.001
304496.211 294161.819
258485.863 417784.885
395514.319 222248.785
367591.195 454258.017
423338.894 463362.802
391993.824 332563.380
239655.710 361403.167
     0.000 182720.622
     0.000      0.000
     0.000      0.000
     0.000      0.000
     0.000      0.000
# New slice
116811.739 165695.428
 89403.854 182317.044
163131.971 205752.645
198216.812 275354.223
244493.092 306261.703
297447.355 344603.026
290710.418 292100.014
302139.511 362174.981
239356.209 378273.490
298594.327 371757.685
346804.806 431340.911
353169.438 443450.877
214289.044 375212.504
380524.507 452639.553
293299.881 396839.914
241073.949 438429.800
316394.438 326220.840
     0.000  20022.993
     0.000      0.000
     0.000      0.000
     0.000      0.000
# New slice
