# Array shape: (2, 21, 2)
119488.500 128982.680
110763.779 151079.052
131864.878 198168.482
146745.863 199308.999
182513.564 216612.321
200816.474 205785.125
224715.428 242942.459
208622.429 259878.744
239467.725 268221.035
259607.412 262064.756
253173.697 258529.037
270697.292 279306.337
288233.686 231819.500
215954.031      0.000
     0.000 150803.968
137423.204 230382.475
223262.921 160138.410
     0.000 158251.878
     0.000      0.000
     0.000      0.000
     0.000      0.000
# New slice
122054.839 145866.642
124290.326 156195.217
151178.824 177826.350
165739.282 197643.753
183144.693 211290.343
196847.406 227103.569
210031.514 194077.290
221591.769 263941.635
246124.251 277052.020
256386.903 277109.346
264817.877 275272.008
276009.236 259018.717
274505.328 198561.635
226441.843 217014.853
157153.142 192266.913
134390.499      0.000
     0.000 205992.322
     0.000 112671.652
221635.583      0.000
     0.000      0.000
     0.000      0.000
# New slice
