# Array shape: (2, 21, 2)
     0.000      0.000
     0.000  20478.272
 15151.556  21024.403
 19526.885  23236.214
 21997.168  22081.393
 18097.836  24663.489
 23229.045  27014.623
 25664.814  26761.594
 27579.560  29545.427
 28675.424  27569.270
 27760.194  32696.652
 30341.336  32362.909
 32495.458  35360.495
 34579.879  37498.027
 34213.531  30442.259
 37160.928  40463.740
 38440.882  41677.895
 40665.430  42986.984
 41507.490  42398.644
 43121.088  42421.257
 44011.098  45527.177
# New slice
     0.000  15997.734
 10125.506  18816.350
 18671.828  18546.761
 18240.641  23068.110
 20903.399  24735.050
 22805.213  12323.482
 14545.472  27576.510
 24539.256  30764.344
 27233.762  30559.543
 26701.149  31312.977
 28711.120  31509.339
 30165.371  35124.641
 29366.809  35631.416
 33202.751  37299.966
 35819.125  38422.873
 36828.444  39215.937
 37822.015  42006.547
 40704.698  41924.184
 41545.441  44665.604
 42406.789  43682.766
 30327.736  41409.087
# New slice
