# Array shape: (2, 21, 2)
 19369.837  20941.010
 20069.377  24653.553
 23210.444  28020.500
 19151.513  27169.368
 14011.773  34439.882
 31076.126  37222.789
 33640.353  39186.945
 36637.455  41267.819
 34247.039  43377.636
 39893.762  39686.910
 43316.707  43545.424
 40952.625  37789.238
 43844.809  41850.697
 44461.468   3354.987
 30370.047  40172.281
 30453.315      0.000
     0.000  25565.155
     0.000      0.000
     0.000      0.000
     0.000      0.000
     0.000      0.000
# New slice
 17807.376  22691.021
 16457.390  22523.949
 20143.177  27754.445
 24154.181  29240.875
 27909.643  31609.027
 25851.152  34702.923
 29439.635  36759.427
 31395.097  40323.755
 36939.998  42863.922
 40676.607  45013.513
 39262.972  43504.446
 43334.572  45758.950
 41719.310  39916.170
 22148.250   4485.878
 35311.169  17426.806
     0.000  29888.692
     0.000      0.000
     0.000      0.000
     0.000      0.000
     0.000      0.000
     0.000      0.000
# New slice
