# Array shape: (2, 21, 2)
 49699.430  53754.180
 50808.628  64384.347
 54227.634  81026.062
 60081.053  84415.390
 75500.931  86444.036
 66079.501  76553.921
 88247.446 101317.846
 95513.555 109511.290
 99935.149 124079.008
104313.994 123633.702
121600.160 127214.230
112613.826 133566.823
 86968.407 116578.182
110845.654 140359.196
118057.099  99795.985
130818.797 146525.253
 89743.056  94893.105
102353.272  82894.652
 96513.314  63857.745
     0.000  64979.708
     0.000  88635.922
# New slice
 38013.317  59383.200
 49944.173  52517.571
 58311.890  77404.470
 64549.676  74218.304
 68704.074  80905.082
 66279.571  93562.683
 86584.716  89984.838
 73544.567 118401.833
105102.550 101478.387
103948.732 124396.134
101434.888 126939.398
119431.728 109909.603
 83064.572 117591.209
 63523.834 102252.837
132135.016 141910.278
125013.762  92511.409
 65610.944 115035.019
 82139.291 147823.898
106331.308  70187.589
     0.000  78645.027
109451.456 213192.515
# New slice
