# Array shape: (2, 21, 2)
     0.000      0.000
     0.000      0.000
     0.000  17118.740
 13614.901  32598.744
 33042.777  39397.533
 36301.603  41868.215
 39986.270  39038.768
 45679.107  48165.468
 30580.557  48040.310
 48686.565  42201.983
     0.000  35383.390
     0.000  25743.673
     0.000      0.000
     0.000      0.000
     0.000      0.000
     0.000      0.000
     0.000      0.000
     0.000      0.000
     0.000      0.000
     0.000      0.000
     0.000      0.000
# New slice
     0.000      0.000
     0.000      0.000
     0.000      0.000
     0.000  31747.120
 32209.393  41470.160
 35379.022  41627.743
 42245.185  47649.910
 45415.487  43984.978
 48756.174  49294.748
 43683.669  30695.529
     0.000  31867.905
 27398.946      0.000
     0.000      0.000
     0.000      0.000
     0.000      0.000
     0.000      0.000
     0.000      0.000
     0.000      0.000
     0.000      0.000
     0.000      0.000
     0.000      0.000
# New slice
