# Array shape: (2, 21, 2)
224237.426 369665.239
234063.205 363452.188
278772.158 386152.646
336037.478 391375.608
370769.268 404856.170
370054.255 384704.712
383637.423 400101.481
405029.603 413060.979
396702.028 431117.204
395407.253 383083.475
401296.659 438913.615
435450.720 462949.387
431650.700 476701.714
454487.904 486057.250
469004.962 499982.321
483494.570 490638.928
466129.342 464736.796
479442.841 491432.178
497676.744 567681.451
496189.151 512695.236
549843.986 512058.812
# New slice
302493.781  24481.504
     0.000 345098.645
120064.432 334862.883
342578.420 389181.571
361346.302 398618.159
385085.361 397114.092
377403.235 408710.044
395117.183 421018.341
390180.777 415019.376
400087.185 423934.787
428915.493 406128.392
420813.301 482247.616
443302.628 413742.201
465230.922 425850.894
468405.324 499018.732
481866.401 505683.923
456866.347 494286.005
525918.058 494928.139
314149.913 516479.312
442827.210 569770.156
495348.684 537838.790
# New slice
