# Array shape: (2, 21, 2)
     0.000 383114.717
256625.121 447387.927
409653.208 510891.549
457451.555 482672.140
586340.928 864968.154
791041.366 980232.682
861684.836 973645.114
863445.291 1004093.771
925445.370 1012320.394
1012746.638 948094.768
1028634.643 977566.804
998741.672 917269.333
708268.901 949408.265
     0.000 896378.062
     0.000 770932.547
     0.000      0.000
     0.000      0.000
     0.000      0.000
     0.000      0.000
     0.000      0.000
     0.000      0.000
# New slice
     0.000      0.000
     0.000 484693.382
 66189.955 611310.233
321922.145 700750.511
422139.151 887062.077
597256.743 908359.122
856926.233 987893.839
933007.655 1044266.611
936689.180 939051.417
908934.690 1039777.770
1030270.411 970979.716
1043784.818 946253.709
     0.000 927023.189
927763.646 886248.464
554455.672 776717.824
684681.727      0.000
     0.000 146771.633
     0.000      0.000
     0.000      0.000
     0.000      0.000
     0.000      0.000
# New slice
