# Array shape: (2, 21, 2)
     0.000 313585.857
123997.268 443500.474
258122.071 541799.194
271819.016 588561.054
495581.727 631446.879
554067.206 650120.016
600237.332 719907.502
629042.208 770354.914
736620.021 702998.634
737747.769 737384.074
716839.879 736976.135
754958.279 637932.685
     0.000      0.000
     0.000      0.000
     0.000      0.000
     0.000      0.000
     0.000      0.000
     0.000      0.000
     0.000      0.000
     0.000      0.000
     0.000      0.000
# New slice
     0.000 398064.278
232801.119  87128.954
206938.922 456645.813
213917.372 580621.245
506075.768 682093.283
572036.463 704086.278
572262.023 739042.503
689825.496 779415.712
735367.233 550820.519
719814.862 661291.707
749946.255 542782.189
     0.000      0.000
     0.000      0.000
     0.000      0.000
     0.000      0.000
     0.000      0.000
     0.000      0.000
     0.000      0.000
     0.000      0.000
     0.000      0.000
     0.000      0.000
# New slice
