# Array shape: (2, 21, 2)
254823.083 440850.373
276993.367 518983.484
326481.534 657676.719
407618.772 835195.552
541775.589 842884.204
661064.440 966296.098
605588.702 1016615.881
780935.039 1062355.019
945388.524 1024207.939
958322.235 1057636.396
1044655.899 844766.397
1074914.275 795874.939
     0.000 198884.040
     0.000      0.000
     0.000      0.000
     0.000      0.000
     0.000      0.000
     0.000      0.000
     0.000      0.000
     0.000      0.000
     0.000      0.000
# New slice
261089.647 388836.089
     0.000 289033.187
396220.968 657271.423
227571.692 793038.530
440450.973 870867.650
693495.002 914302.498
773704.653 999902.259
836667.906 1024801.159
922030.591 1108257.066
1002450.877 1178883.773
1046653.616 1020892.399
1107214.553 907944.766
     0.000      0.000
     0.000      0.000
     0.000      0.000
     0.000      0.000
     0.000      0.000
     0.000      0.000
     0.000      0.000
     0.000      0.000
     0.000      0.000
# New slice
