# Array shape: (2, 21, 2)
     0.000      0.000
     0.000   8161.521
     0.000   8765.770
  6017.550   8825.984
  7269.852   8560.843
  8351.202   8805.348
  8615.739   7034.594
  8155.880   7222.012
  8965.786   7011.546
  4794.685   8626.931
     0.000   8333.741
  9108.985      0.000
  6986.997   4712.674
     0.000   4604.037
     0.000   8332.420
     0.000   7725.955
     0.000   5652.201
     0.000   9365.126
     0.000   2316.684
     0.000   6027.150
     0.000   6939.400
# New slice
     0.000   3563.681
     0.000   6983.731
  2160.084   8785.114
  6405.067   9004.878
  7320.709   8585.132
  7761.169   8459.741
  8770.252   7864.730
  8632.156   6235.053
  4255.569   9101.663
  7818.994   3402.923
  5324.761   8595.263
  4372.815   9734.811
     0.000   7424.861
  4273.174   7421.091
     0.000   8420.458
     0.000   6894.001
     0.000   7577.258
     0.000   6419.816
     0.000   6930.916
     0.000   8979.990
     0.000   8278.516
# New slice
