# Array shape: (2, 21, 2)
481720.025 602974.984
571166.283 599878.194
592377.200 686076.021
586896.714 745215.819
615428.929 786570.425
661501.982 817640.787
732969.929 828377.947
755843.160 863149.101
647356.509 886607.984
853846.925 928789.897
848302.655 944899.793
856819.674 865091.045
922037.483 896805.493
848676.423 935500.594
865072.569 846811.383
890619.019 974925.794
931805.836 815398.590
443737.992 951989.935
879337.333 577518.052
869176.865      0.000
813028.517      0.000
# New slice
391129.146 626650.158
503495.225 625208.551
547615.748 611546.073
611180.452 712105.310
465788.673 783165.999
633809.120 800231.283
754427.781 842401.480
783062.869 871319.711
803752.779 882839.409
848889.152 873557.292
845546.488 912588.732
858473.555 839081.250
837642.957 937543.676
828822.334 788061.690
902132.675 856222.834
963728.346 811921.674
904106.499 842106.078
933535.722 880765.540
692416.523 892979.921
652524.838      0.000
     0.000 642014.882
# New slice
