# Array shape: (2, 21, 2)
115552.836 120698.973
110021.274 111905.978
 98690.999 145727.301
124605.253 150013.548
 93281.023 155809.116
142846.608 161902.444
154628.797 164878.883
148483.623 167687.828
158530.317 160818.182
163638.904 175407.011
163603.345 175123.843
172487.917 152757.277
149063.444 177001.036
172145.867 143341.358
175369.336 197715.189
190581.810 205998.740
195897.358 205544.968
115451.471 208884.593
151227.395 196692.507
208264.564 139313.790
220069.840 219596.360
# New slice
109617.236 135089.586
116212.934 103005.809
131481.928 122146.285
100332.320 139330.828
129461.532      0.000
113577.139 132100.368
134620.093 159520.774
154966.518 172954.658
150558.649 175847.453
152765.319 186378.269
145189.128 179085.394
164268.016 149347.627
163414.761 185053.677
141333.085 206224.149
145327.456 191870.466
171646.846 204965.258
178452.993 196601.135
197833.123 193531.691
155937.011 226453.992
105649.775 202224.051
169367.075 213564.212
# New slice
