# Array shape: (2, 21, 2)
     0.000      0.000
     0.000      0.000
     0.000 437014.450
432134.985 660097.070
352785.687 721854.654
684366.274 758948.532
650436.451 811023.725
759915.850 791389.087
734630.261 841943.291
785388.641 883440.041
849360.363 875564.647
840713.213 882918.819
841413.097 877664.540
882996.309 868752.972
882012.163 907826.494
850455.321 835705.081
819021.175 874801.158
894033.862 847227.193
795630.092 899337.778
857959.209      0.000
734545.921 697810.047
# New slice
     0.000      0.000
     0.000      0.000
     0.000 528751.034
326900.236 487783.779
     0.000 707418.683
632946.255 692134.247
688754.999 833295.563
747650.802 826806.346
771153.952 777500.595
777314.710 714344.431
751606.812 839701.624
838608.309 904475.394
871258.168 838082.636
865999.131 824285.922
778499.540 936845.146
870875.811 704165.776
854849.173 764057.012
930618.473 800006.807
     0.000 975743.823
514249.368 943068.149
870939.196 833096.935
# New slice
