# Array shape: (2, 21, 2)
     0.000      0.000
     0.000      0.000
     0.000   3101.442
     0.000   4503.983
     0.000   6721.871
  5414.022   7732.941
  6150.483   7207.228
  7105.582   7296.820
  7774.998   8924.682
  7734.288   7597.845
  7169.016   7807.070
  8874.389   6741.863
  7713.065   1065.827
  8956.926   5549.771
  4841.561      0.000
     0.000      0.000
     0.000      0.000
     0.000      0.000
     0.000      0.000
     0.000      0.000
  -585.489      0.000
# New slice
     0.000      0.000
     0.000      0.000
     0.000      0.000
     0.000   4479.328
  2060.588   6519.699
  5050.841   7685.779
  5058.815   7967.541
  5718.557   8880.828
  7752.744   5163.611
  8067.147   7205.862
  8218.377   4997.441
  7810.237   9186.618
  9192.955   4443.024
  8005.273   3033.133
     0.000   4583.650
     0.000      0.000
     0.000      0.000
     0.000      0.000
     0.000      0.000
     0.000      0.000
     0.000      0.000
# New slice
