# Array shape: (2, 21, 2)
     0.000  32626.168
     0.000  57079.948
 30663.172  70802.544
 35890.983  70930.524
 58170.423  71276.699
 68904.374  76319.890
 68998.416  53452.928
 71447.864  63098.118
 72915.821  36957.130
 49242.422  79078.953
 75998.169  50215.221
 59676.613  81700.846
 52570.129  85705.185
     0.000  84091.804
     0.000  75989.189
 46555.813  75613.504
     0.000  63889.922
     0.000  64826.143
 53522.332  86442.814
 66008.066  16677.477
     0.000  63836.221
# New slice
     0.000  55275.424
 30682.041  65303.671
 29237.529  70277.070
 59123.620  75116.427
 65153.968  73142.392
 69964.865  81045.036
 69055.002  70848.823
 65999.535  75256.026
 58247.436  80203.701
 61202.811  76172.304
 62307.130  67780.044
 34846.013  76023.458
 65076.137  32055.251
 52031.948  84577.159
 41065.668  76752.816
 64830.864  81563.123
     0.000  82469.936
     0.000  68628.831
     0.000  67187.074
     0.000  76451.760
     0.000  69238.063
# New slice
