# Array shape: (2, 21, 2)
 26607.133  37622.456
 30642.049  35275.516
 33181.005  36896.901
 33518.882  37664.039
 36407.390  40423.420
 35496.062  43038.678
 35684.445  37926.824
 40190.903  47454.946
 39481.173  39597.025
 44532.869  37795.381
 46380.492  51109.329
 42878.983  40184.733
 45082.827  32775.497
     0.000  43816.411
     0.000  40655.798
 35152.085  46701.826
 41238.536      0.000
 38222.764  36057.223
 39795.378  51880.384
     0.000  50117.829
 58271.396  44932.583
# New slice
 25948.118  32716.785
 31594.225  35863.751
 33610.458  36446.207
 33939.409  39343.011
 36697.466  41327.523
 37701.447  43362.172
 37992.110  36807.400
 39016.108  44090.369
 42042.037  44283.724
 45009.573  49733.252
 44946.105  45712.659
 46309.075  40697.545
 50565.735  44451.580
 35724.462  50007.107
     0.000  51101.987
     0.000  33121.234
 35169.482  51368.349
 28713.534  48841.131
 40823.472  48520.689
     0.000  35619.989
 22323.788  56635.612
# New slice
