# Array shape: (2, 21, 2)
166889.740 178947.721
169912.051 299429.682
279180.054 339640.462
309172.323 366586.546
359470.244 417434.394
317695.593 374573.788
409435.116 445810.676
411859.334 442860.392
404928.261 456100.868
465563.650 449648.572
481288.733 442085.434
491504.663 425117.127
475408.783 366643.415
348349.048 402113.831
422199.833 329227.041
     0.000 429485.809
     0.000 368069.401
206740.352 246070.397
     0.000 178310.231
     0.000 165243.056
     0.000      0.000
# New slice
     0.000 187579.232
     0.000 259476.047
165047.351 329973.843
143704.313 415237.637
324296.488 447764.510
316394.885 430682.341
382058.396 449365.293
416719.405 405870.135
351016.087 438029.112
456944.451 474877.548
418054.233 491353.298
478897.714 435813.727
434287.660 401869.841
377538.063 500263.541
257087.817 412215.822
355335.478      0.000
263570.776 401167.234
     0.000 319607.506
246598.649 149270.255
     0.000      0.000
     0.000      0.000
# New slice
