# Array shape: (2, 21, 2)
    11.965   9723.383
  3103.078  -4844.413
  3974.739 -20439.485
 16806.236 -21723.860
 21865.285  13465.989
 12640.382  41293.070
 27842.436 -39329.578
 37297.947 -49821.094
 24558.950 -56261.532
     0.000  20788.259
 32796.663  -8937.690
     0.000      0.000
     0.000      0.000
     0.000      0.000
     0.000      0.000
     0.000      0.000
     0.000      0.000
     0.000      0.000
     0.000      0.000
     0.000      0.000
     0.000      0.000
# New slice
     5.764   -551.157
   899.118  -4014.061
  9436.472  -2942.681
 16102.606 -22504.248
 -2520.155 -31145.543
 20128.133 -24948.909
 38523.378      0.000
-57682.980 -37341.063
 31888.598  46111.717
     0.000 -92542.465
     0.000      0.000
     0.000      0.000
     0.000      0.000
     0.000      0.000
     0.000      0.000
     0.000      0.000
     0.000      0.000
     0.000      0.000
     0.000      0.000
     0.000      0.000
     0.000      0.000
# New slice
