# Array shape: (2, 21, 2)
946169.524 1092370.905
938131.112 1184093.414
894251.500 1207047.441
1104730.818 1255697.113
1256561.776 1355005.949
1292727.075 1359251.085
1344105.144 1472324.143
1425516.336 1476931.898
1469331.797 1528050.302
1482246.704 1449010.011
1503343.865 1303108.808
1583113.979 1549286.918
1421307.319 1546534.724
1583104.059 1642821.395
1559230.680 1502809.265
1619925.776 702341.243
540042.122 1207004.646
958370.204 833140.782
1149210.735 841775.174
     0.000 417660.863
773170.542 1065518.977
# New slice
924143.475 1003217.491
655693.058 1033101.781
767137.903 1309100.733
1023194.625 1269330.789
1035009.261 1368194.007
567290.336 1547562.279
1308513.956 1446542.291
1400844.098 1530842.997
1428418.724 1454506.337
1545572.450 1423773.310
1437241.336 1547780.685
1522706.778 1636386.726
1615296.514 1519618.369
1483872.521 1398304.904
1549973.910 1676282.302
1691512.586 521446.340
1097342.564 1166120.407
     0.000 1245771.137
837987.623 776054.604
     0.000 864141.228
394204.362 1309766.071
# New slice
