# Array shape: (2, 2, 21, 21)
1.000000 0.000000 0.000000 0.000000 0.000000 0.000000 0.000000 0.000000 0.000000 0.000000 0.000000 0.000000 0.000000 0.000000 0.000000 0.000000 0.000000 0.000000 0.000000 0.000000 0.000000
0.500000 0.500000 0.000000 0.000000 0.000000 0.000000 0.000000 0.000000 0.000000 0.000000 0.000000 0.000000 0.000000 0.000000 0.000000 0.000000 0.000000 0.000000 0.000000 0.000000 0.000000
0.333333 0.333333 0.333333 0.000000 0.000000 0.000000 0.000000 0.000000 0.000000 0.000000 0.000000 0.000000 0.000000 0.000000 0.000000 0.000000 0.000000 0.000000 0.000000 0.000000 0.000000
0.250000 0.250000 0.250000 0.250000 0.000000 0.000000 0.000000 0.000000 0.000000 0.000000 0.000000 0.000000 0.000000 0.000000 0.000000 0.000000 0.000000 0.000000 0.000000 0.000000 0.000000
0.166667 0.333333 0.166667 0.166667 0.166667 0.000000 0.000000 0.000000 0.000000 0.000000 0.000000 0.000000 0.000000 0.000000 0.000000 0.000000 0.000000 0.000000 0.000000 0.000000 0.000000
0.166667 0.166667 0.166667 0.166667 0.166667 0.166667 0.000000 0.000000 0.000000 0.000000 0.000000 0.000000 0.000000 0.000000 0.000000 0.000000 0.000000 0.000000 0.000000 0.000000 0.000000
0.142857 0.142857 0.142857 0.142857 0.142857 0.142857 0.142857 0.000000 0.000000 0.000000 0.000000 0.000000 0.000000 0.000000 0.000000 0.000000 0.000000 0.000000 0.000000 0.000000 0.000000
0.111111 0.111111 0.111111 0.111111 0.222222 0.111111 0.111111 0.111111 0.000000 0.000000 0.000000 0.000000 0.000000 0.000000 0.000000 0.000000 0.000000 0.000000 0.000000 0.000000 0.000000
0.090909 0.090909 0.090909 0.090909 0.090909 0.272727 0.090909 0.090909 0.090909 0.000000 0.000000 0.000000 0.000000 0.000000 0.000000 0.000000 0.000000 0.000000 0.000000 0.000000 0.000000
0.076923 0.076923 0.076923 0.076923 0.076923 0.153846 0.153846 0.153846 0.076923 0.076923 0.000000 0.000000 0.000000 0.000000 0.000000 0.000000 0.000000 0.000000 0.000000 0.000000 0.000000
0.076923 0.076923 0.076923 0.076923 0.076923 0.076923 0.076923 0.153846 0.076923 0.153846 0.076923 0.000000 0.000000 0.000000 0.000000 0.000000 0.000000 0.000000 0.000000 0.000000 0.000000
0.062500 0.062500 0.062500 0.062500 0.062500 0.062500 0.062500 0.187500 0.125000 0.125000 0.062500 0.062500 0.000000 0.000000 0.000000 0.000000 0.000000 0.000000 0.000000 0.000000 0.000000
0.071429 0.071429 0.071429 0.071429 0.071429 0.071429 0.071429 0.142857 0.071429 0.071429 0.071429 0.071429 0.071429 0.000000 0.000000 0.000000 0.000000 0.000000 0.000000 0.000000 0.000000
0.066667 0.066667 0.066667 0.066667 0.066667 0.066667 0.133333 0.066667 0.066667 0.066667 0.066667 0.066667 0.066667 0.066667 0.000000 0.000000 0.000000 0.000000 0.000000 0.000000 0.000000
0.062500 0.062500 0.062500 0.062500 0.062500 0.062500 0.062500 0.062500 0.062500 0.062500 0.062500 0.125000 0.062500 0.062500 0.062500 0.000000 0.000000 0.000000 0.000000 0.000000 0.000000
0.058824 0.058824 0.058824 0.058824 0.058824 0.058824 0.058824 0.058824 0.058824 0.058824 0.058824 0.117647 0.058824 0.058824 0.058824 0.058824 0.000000 0.000000 0.000000 0.000000 0.000000
0.058824 0.058824 0.058824 0.058824 0.058824 0.058824 0.058824 0.058824 0.058824 0.058824 0.058824 0.058824 0.058824 0.058824 0.058824 0.058824 0.058824 0.000000 0.000000 0.000000 0.000000
0.055556 0.055556 0.055556 0.055556 0.055556 0.055556 0.055556 0.055556 0.055556 0.055556 0.055556 0.055556 0.055556 0.055556 0.055556 0.055556 0.055556 0.055556 0.000000 0.000000 0.000000
0.052632 0.052632 0.052632 0.052632 0.052632 0.052632 0.052632 0.052632 0.052632 0.052632 0.052632 0.052632 0.052632 0.052632 0.052632 0.052632 0.052632 0.052632 0.052632 0.000000 0.000000
0.050000 0.050000 0.050000 0.050000 0.050000 0.050000 0.050000 0.050000 0.050000 0.050000 0.050000 0.050000 0.050000 0.050000 0.050000 0.050000 0.050000 0.050000 0.050000 0.050000 0.000000
0.047619 0.047619 0.047619 0.047619 0.047619 0.047619 0.047619 0.047619 0.047619 0.047619 0.047619 0.047619 0.047619 0.047619 0.047619 0.047619 0.047619 0.047619 0.047619 0.047619 0.047619
# New slice
0.045455 0.045455 0.090909 0.045455 0.045455 0.045455 0.045455 0.045455 0.045455 0.045455 0.045455 0.045455 0.045455 0.045455 0.045455 0.045455 0.045455 0.045455 0.045455 0.045455 0.045455
0.000000 0.050000 0.050000 0.050000 0.050000 0.050000 0.050000 0.050000 0.050000 0.050000 0.050000 0.050000 0.050000 0.050000 0.050000 0.050000 0.050000 0.050000 0.050000 0.050000 0.050000
0.000000 0.000000 0.050000 0.050000 0.100000 0.050000 0.050000 0.050000 0.050000 0.050000 0.050000 0.050000 0.050000 0.050000 0.050000 0.050000 0.050000 0.050000 0.050000 0.050000 0.050000
0.000000 0.000000 0.000000 0.055556 0.055556 0.055556 0.055556 0.055556 0.055556 0.055556 0.055556 0.055556 0.055556 0.055556 0.055556 0.055556 0.055556 0.055556 0.055556 0.055556 0.055556
0.000000 0.000000 0.000000 0.000000 0.136364 0.181818 0.045455 0.045455 0.045455 0.045455 0.045455 0.045455 0.045455 0.045455 0.045455 0.045455 0.045455 0.045455 0.045455 0.045455 0.045455
0.000000 0.000000 0.000000 0.000000 0.000000 0.166667 0.083333 0.125000 0.041667 0.041667 0.125000 0.041667 0.041667 0.041667 0.041667 0.041667 0.041667 0.041667 0.041667 0.041667 0.041667
0.000000 0.000000 0.000000 0.000000 0.000000 0.000000 0.200000 0.200000 0.080000 0.080000 0.040000 0.040000 0.040000 0.040000 0.040000 0.040000 0.040000 0.040000 0.040000 0.040000 0.040000
0.000000 0.000000 0.000000 0.000000 0.000000 0.037037 0.055556 0.240741 0.166667 0.203704 0.111111 0.018519 0.018519 0.018519 0.018519 0.018519 0.018519 0.018519 0.018519 0.018519 0.018519
0.000000 0.000000 0.000000 0.000000 0.000000 0.000000 0.052632 0.147368 0.157895 0.231579 0.189474 0.052632 0.063158 0.021053 0.010526 0.021053 0.010526 0.010526 0.010526 0.010526 0.010526
0.000000 0.000000 0.000000 0.000000 0.000000 0.000000 0.006289 0.075472 0.144654 0.220126 0.245283 0.138365 0.081761 0.037736 0.006289 0.012579 0.006289 0.006289 0.006289 0.006289 0.006289
0.000000 0.000000 0.000000 0.000000 0.000000 0.000000 0.000000 0.026596 0.117021 0.191489 0.202128 0.180851 0.138298 0.063830 0.047872 0.005319 0.005319 0.005319 0.005319 0.005319 0.005319
0.000000 0.000000 0.000000 0.000000 0.000000 0.000000 0.000000 0.017442 0.104651 0.087209 0.174419 0.180233 0.226744 0.110465 0.046512 0.023256 0.005814 0.005814 0.005814 0.005814 0.005814
0.000000 0.000000 0.000000 0.000000 0.000000 0.000000 0.000000 0.000000 0.032787 0.155738 0.172131 0.147541 0.122951 0.122951 0.098361 0.057377 0.040984 0.016393 0.016393 0.008197 0.008197
0.000000 0.000000 0.000000 0.000000 0.000000 0.000000 0.000000 0.000000 0.000000 0.057143 0.128571 0.128571 0.142857 0.100000 0.157143 0.128571 0.071429 0.028571 0.014286 0.028571 0.014286
0.000000 0.000000 0.000000 0.000000 0.000000 0.000000 0.000000 0.000000 0.000000 0.000000 0.021739 0.086957 0.195652 0.152174 0.173913 0.152174 0.086957 0.043478 0.021739 0.043478 0.021739
0.000000 0.000000 0.000000 0.000000 0.000000 0.000000 0.000000 0.000000 0.000000 0.000000 0.032258 0.064516 0.161290 0.032258 0.129032 0.096774 0.064516 0.193548 0.096774 0.064516 0.064516
0.000000 0.000000 0.000000 0.000000 0.000000 0.000000 0.000000 0.000000 0.000000 0.000000 0.000000 0.058824 0.058824 0.176471 0.058824 0.117647 0.117647 0.176471 0.117647 0.058824 0.058824
0.000000 0.000000 0.000000 0.000000 0.000000 0.000000 0.000000 0.000000 0.000000 0.000000 0.000000 0.000000 0.000000 0.176471 0.058824 0.117647 0.058824 0.294118 0.176471 0.058824 0.058824
0.000000 0.000000 0.000000 0.000000 0.000000 0.000000 0.000000 0.000000 0.000000 0.000000 0.000000 0.000000 0.142857 0.142857 0.000000 0.000000 0.000000 0.285714 0.142857 0.142857 0.142857
0.000000 0.000000 0.000000 0.000000 0.000000 0.000000 0.000000 0.000000 0.000000 0.000000 0.000000 0.000000 0.000000 0.000000 0.250000 0.250000 0.000000 0.000000 0.000000 0.250000 0.250000
0.000000 0.000000 0.000000 0.000000 0.000000 0.000000 0.000000 0.000000 0.000000 0.000000 0.000000 0.000000 0.000000 0.000000 0.000000 0.000000 0.000000 0.000000 0.000000 0.000000 1.000000
# New slice
1.000000 0.000000 0.000000 0.000000 0.000000 0.000000 0.000000 0.000000 0.000000 0.000000 0.000000 0.000000 0.000000 0.000000 0.000000 0.000000 0.000000 0.000000 0.000000 0.000000 0.000000
0.500000 0.500000 0.000000 0.000000 0.000000 0.000000 0.000000 0.000000 0.000000 0.000000 0.000000 0.000000 0.000000 0.000000 0.000000 0.000000 0.000000 0.000000 0.000000 0.000000 0.000000
0.333333 0.333333 0.333333 0.000000 0.000000 0.000000 0.000000 0.000000 0.000000 0.000000 0.000000 0.000000 0.000000 0.000000 0.000000 0.000000 0.000000 0.000000 0.000000 0.000000 0.000000
0.250000 0.250000 0.250000 0.250000 0.000000 0.000000 0.000000 0.000000 0.000000 0.000000 0.000000 0.000000 0.000000 0.000000 0.000000 0.000000 0.000000 0.000000 0.000000 0.000000 0.000000
0.200000 0.200000 0.200000 0.200000 0.200000 0.000000 0.000000 0.000000 0.000000 0.000000 0.000000 0.000000 0.000000 0.000000 0.000000 0.000000 0.000000 0.000000 0.000000 0.000000 0.000000
0.166667 0.166667 0.166667 0.166667 0.166667 0.166667 0.000000 0.000000 0.000000 0.000000 0.000000 0.000000 0.000000 0.000000 0.000000 0.000000 0.000000 0.000000 0.000000 0.000000 0.000000
0.250000 0.125000 0.125000 0.125000 0.125000 0.125000 0.125000 0.000000 0.000000 0.000000 0.000000 0.000000 0.000000 0.000000 0.000000 0.000000 0.000000 0.000000 0.000000 0.000000 0.000000
0.111111 0.111111 0.111111 0.111111 0.222222 0.111111 0.111111 0.111111 0.000000 0.000000 0.000000 0.000000 0.000000 0.000000 0.000000 0.000000 0.000000 0.000000 0.000000 0.000000 0.000000
0.100000 0.100000 0.100000 0.100000 0.100000 0.200000 0.100000 0.100000 0.100000 0.000000 0.000000 0.000000 0.000000 0.000000 0.000000 0.000000 0.000000 0.000000 0.000000 0.000000 0.000000
0.071429 0.071429 0.071429 0.071429 0.285714 0.071429 0.071429 0.071429 0.142857 0.071429 0.000000 0.000000 0.000000 0.000000 0.000000 0.000000 0.000000 0.000000 0.000000 0.000000 0.000000
0.076923 0.076923 0.076923 0.076923 0.076923 0.076923 0.076923 0.153846 0.153846 0.076923 0.076923 0.000000 0.000000 0.000000 0.000000 0.000000 0.000000 0.000000 0.000000 0.000000 0.000000
0.076923 0.076923 0.076923 0.076923 0.076923 0.076923 0.153846 0.076923 0.076923 0.076923 0.076923 0.076923 0.000000 0.000000 0.000000 0.000000 0.000000 0.000000 0.000000 0.000000 0.000000
0.066667 0.066667 0.066667 0.066667 0.133333 0.066667 0.066667 0.066667 0.066667 0.133333 0.066667 0.066667 0.066667 0.000000 0.000000 0.000000 0.000000 0.000000 0.000000 0.000000 0.000000
0.062500 0.062500 0.062500 0.062500 0.062500 0.062500 0.062500 0.062500 0.125000 0.125000 0.062500 0.062500 0.062500 0.062500 0.000000 0.000000 0.000000 0.000000 0.000000 0.000000 0.000000
0.013333 0.013333 0.013333 0.013333 0.013333 0.026667 0.040000 0.080000 0.120000 0.173333 0.213333 0.106667 0.120000 0.026667 0.026667 0.000000 0.000000 0.000000 0.000000 0.000000 0.000000
0.062500 0.062500 0.062500 0.062500 0.062500 0.062500 0.062500 0.062500 0.062500 0.062500 0.062500 0.062500 0.062500 0.062500 0.062500 0.062500 0.000000 0.000000 0.000000 0.000000 0.000000
0.055556 0.055556 0.055556 0.055556 0.055556 0.055556 0.055556 0.055556 0.055556 0.111111 0.055556 0.055556 0.055556 0.055556 0.055556 0.055556 0.055556 0.000000 0.000000 0.000000 0.000000
0.052632 0.052632 0.052632 0.052632 0.052632 0.052632 0.052632 0.052632 0.052632 0.052632 0.052632 0.105263 0.052632 0.052632 0.052632 0.052632 0.052632 0.052632 0.000000 0.000000 0.000000
0.052632 0.052632 0.052632 0.052632 0.052632 0.052632 0.052632 0.052632 0.052632 0.052632 0.052632 0.052632 0.052632 0.052632 0.052632 0.052632 0.052632 0.052632 0.052632 0.000000 0.000000
0.050000 0.050000 0.050000 0.050000 0.050000 0.050000 0.050000 0.050000 0.050000 0.050000 0.050000 0.050000 0.050000 0.050000 0.050000 0.050000 0.050000 0.050000 0.050000 0.050000 0.000000
0.047619 0.047619 0.047619 0.047619 0.047619 0.047619 0.047619 0.047619 0.047619 0.047619 0.047619 0.047619 0.047619 0.047619 0.047619 0.047619 0.047619 0.047619 0.047619 0.047619 0.047619
# New slice
0.047619 0.047619 0.047619 0.047619 0.047619 0.047619 0.047619 0.047619 0.047619 0.047619 0.047619 0.047619 0.047619 0.047619 0.047619 0.047619 0.047619 0.047619 0.047619 0.047619 0.047619
0.000000 0.047619 0.047619 0.047619 0.095238 0.047619 0.047619 0.047619 0.047619 0.047619 0.047619 0.047619 0.047619 0.047619 0.047619 0.047619 0.047619 0.047619 0.047619 0.047619 0.047619
0.000000 0.000000 0.052632 0.052632 0.052632 0.052632 0.052632 0.052632 0.052632 0.052632 0.052632 0.052632 0.052632 0.052632 0.052632 0.052632 0.052632 0.052632 0.052632 0.052632 0.052632
0.000000 0.000000 0.000000 0.055556 0.055556 0.055556 0.055556 0.055556 0.055556 0.055556 0.055556 0.055556 0.055556 0.055556 0.055556 0.055556 0.055556 0.055556 0.055556 0.055556 0.055556
0.000000 0.000000 0.000000 0.000000 0.166667 0.041667 0.166667 0.041667 0.083333 0.041667 0.041667 0.041667 0.041667 0.041667 0.041667 0.041667 0.041667 0.041667 0.041667 0.041667 0.041667
0.000000 0.000000 0.000000 0.000000 0.000000 0.178571 0.107143 0.107143 0.107143 0.107143 0.035714 0.035714 0.035714 0.035714 0.035714 0.035714 0.035714 0.035714 0.035714 0.035714 0.035714
0.000000 0.000000 0.000000 0.000000 0.000000 0.022222 0.155556 0.244444 0.133333 0.111111 0.111111 0.022222 0.022222 0.022222 0.022222 0.022222 0.022222 0.022222 0.022222 0.022222 0.022222
0.000000 0.000000 0.000000 0.000000 0.000000 0.000000 0.053191 0.127660 0.351064 0.191489 0.127660 0.053191 0.010638 0.010638 0.010638 0.010638 0.010638 0.010638 0.010638 0.010638 0.010638
0.000000 0.000000 0.000000 0.000000 0.000000 0.015504 0.023256 0.069767 0.155039 0.279070 0.248062 0.108527 0.031008 0.015504 0.007752 0.007752 0.007752 0.007752 0.007752 0.007752 0.007752
0.000000 0.000000 0.000000 0.000000 0.000000 0.000000 0.000000 0.058201 0.121693 0.201058 0.264550 0.179894 0.089947 0.047619 0.005291 0.005291 0.005291 0.005291 0.005291 0.005291 0.005291
0.000000 0.000000 0.000000 0.000000 0.000000 0.000000 0.015789 0.042105 0.063158 0.173684 0.178947 0.221053 0.168421 0.052632 0.042105 0.010526 0.010526 0.005263 0.005263 0.005263 0.005263
0.000000 0.000000 0.000000 0.000000 0.000000 0.000000 0.000000 0.031250 0.007812 0.171875 0.164062 0.171875 0.164062 0.140625 0.054688 0.046875 0.015625 0.007812 0.007812 0.007812 0.007812
0.000000 0.000000 0.000000 0.000000 0.000000 0.000000 0.000000 0.023438 0.007812 0.109375 0.164062 0.148438 0.101562 0.234375 0.117188 0.031250 0.031250 0.007812 0.007812 0.007812 0.007812
0.000000 0.000000 0.000000 0.000000 0.000000 0.000000 0.000000 0.009804 0.029412 0.088235 0.098039 0.117647 0.127451 0.147059 0.147059 0.117647 0.058824 0.009804 0.019608 0.019608 0.009804
0.000000 0.000000 0.000000 0.000000 0.000000 0.000000 0.000000 0.000000 0.000000 0.000000 0.125000 0.000000 0.000000 0.000000 0.125000 0.125000 0.125000 0.125000 0.125000 0.125000 0.125000
0.000000 0.000000 0.000000 0.000000 0.000000 0.000000 0.000000 0.000000 0.025000 0.025000 0.050000 0.175000 0.150000 0.100000 0.050000 0.175000 0.150000 0.025000 0.025000 0.025000 0.025000
0.000000 0.000000 0.000000 0.000000 0.000000 0.000000 0.000000 0.000000 0.000000 0.000000 0.045455 0.090909 0.181818 0.181818 0.090909 0.090909 0.045455 0.090909 0.045455 0.090909 0.045455
0.000000 0.000000 0.000000 0.000000 0.000000 0.000000 0.000000 0.000000 0.000000 0.000000 0.000000 0.083333 0.083333 0.166667 0.250000 0.000000 0.000000 0.083333 0.083333 0.083333 0.166667
0.000000 0.000000 0.000000 0.000000 0.000000 0.000000 0.000000 0.000000 0.000000 0.000000 0.000000 0.000000 0.000000 0.000000 0.000000 0.000000 0.166667 0.333333 0.166667 0.166667 0.166667
0.000000 0.000000 0.000000 0.000000 0.000000 0.000000 0.000000 0.000000 0.000000 0.000000 0.000000 0.000000 0.166667 0.000000 0.000000 0.000000 0.000000 0.333333 0.000000 0.333333 0.166667
0.000000 0.000000 0.000000 0.000000 0.000000 0.000000 0.000000 0.000000 0.000000 0.000000 0.000000 0.000000 0.000000 0.000000 0.333333 0.000000 0.000000 0.333333 0.000000 0.000000 0.333333
# New slice
