# Array shape: (2, 2, 21, 21)
1.000000 0.000000 0.000000 0.000000 0.000000 0.000000 0.000000 0.000000 0.000000 0.000000 0.000000 0.000000 0.000000 0.000000 0.000000 0.000000 0.000000 0.000000 0.000000 0.000000 0.000000
0.500000 0.500000 0.000000 0.000000 0.000000 0.000000 0.000000 0.000000 0.000000 0.000000 0.000000 0.000000 0.000000 0.000000 0.000000 0.000000 0.000000 0.000000 0.000000 0.000000 0.000000
0.333333 0.333333 0.333333 0.000000 0.000000 0.000000 0.000000 0.000000 0.000000 0.000000 0.000000 0.000000 0.000000 0.000000 0.000000 0.000000 0.000000 0.000000 0.000000 0.000000 0.000000
0.250000 0.250000 0.250000 0.250000 0.000000 0.000000 0.000000 0.000000 0.000000 0.000000 0.000000 0.000000 0.000000 0.000000 0.000000 0.000000 0.000000 0.000000 0.000000 0.000000 0.000000
0.200000 0.200000 0.200000 0.200000 0.200000 0.000000 0.000000 0.000000 0.000000 0.000000 0.000000 0.000000 0.000000 0.000000 0.000000 0.000000 0.000000 0.000000 0.000000 0.000000 0.000000
0.166667 0.166667 0.166667 0.166667 0.166667 0.166667 0.000000 0.000000 0.000000 0.000000 0.000000 0.000000 0.000000 0.000000 0.000000 0.000000 0.000000 0.000000 0.000000 0.000000 0.000000
0.142857 0.142857 0.142857 0.142857 0.142857 0.142857 0.142857 0.000000 0.000000 0.000000 0.000000 0.000000 0.000000 0.000000 0.000000 0.000000 0.000000 0.000000 0.000000 0.000000 0.000000
0.125000 0.125000 0.125000 0.125000 0.125000 0.125000 0.125000 0.125000 0.000000 0.000000 0.000000 0.000000 0.000000 0.000000 0.000000 0.000000 0.000000 0.000000 0.000000 0.000000 0.000000
0.100000 0.100000 0.100000 0.100000 0.100000 0.100000 0.200000 0.100000 0.100000 0.000000 0.000000 0.000000 0.000000 0.000000 0.000000 0.000000 0.000000 0.000000 0.000000 0.000000 0.000000
0.083333 0.083333 0.083333 0.083333 0.083333 0.083333 0.166667 0.166667 0.083333 0.083333 0.000000 0.000000 0.000000 0.000000 0.000000 0.000000 0.000000 0.000000 0.000000 0.000000 0.000000
0.076923 0.076923 0.076923 0.076923 0.076923 0.076923 0.076923 0.153846 0.076923 0.153846 0.076923 0.000000 0.000000 0.000000 0.000000 0.000000 0.000000 0.000000 0.000000 0.000000 0.000000
0.066667 0.066667 0.066667 0.066667 0.066667 0.066667 0.066667 0.200000 0.066667 0.133333 0.066667 0.066667 0.000000 0.000000 0.000000 0.000000 0.000000 0.000000 0.000000 0.000000 0.000000
0.071429 0.071429 0.071429 0.071429 0.071429 0.071429 0.071429 0.142857 0.071429 0.071429 0.071429 0.071429 0.071429 0.000000 0.000000 0.000000 0.000000 0.000000 0.000000 0.000000 0.000000
0.062500 0.062500 0.062500 0.062500 0.062500 0.062500 0.062500 0.062500 0.062500 0.125000 0.125000 0.062500 0.062500 0.062500 0.000000 0.000000 0.000000 0.000000 0.000000 0.000000 0.000000
0.062500 0.062500 0.062500 0.062500 0.062500 0.062500 0.062500 0.062500 0.062500 0.062500 0.125000 0.062500 0.062500 0.062500 0.062500 0.000000 0.000000 0.000000 0.000000 0.000000 0.000000
0.062500 0.062500 0.062500 0.062500 0.062500 0.062500 0.062500 0.062500 0.062500 0.062500 0.062500 0.062500 0.062500 0.062500 0.062500 0.062500 0.000000 0.000000 0.000000 0.000000 0.000000
0.058824 0.058824 0.058824 0.058824 0.058824 0.058824 0.058824 0.058824 0.058824 0.058824 0.058824 0.058824 0.058824 0.058824 0.058824 0.058824 0.058824 0.000000 0.000000 0.000000 0.000000
0.055556 0.055556 0.055556 0.055556 0.055556 0.055556 0.055556 0.055556 0.055556 0.055556 0.055556 0.055556 0.055556 0.055556 0.055556 0.055556 0.055556 0.055556 0.000000 0.000000 0.000000
0.052632 0.052632 0.052632 0.052632 0.052632 0.052632 0.052632 0.052632 0.052632 0.052632 0.052632 0.052632 0.052632 0.052632 0.052632 0.052632 0.052632 0.052632 0.052632 0.000000 0.000000
0.050000 0.050000 0.050000 0.050000 0.050000 0.050000 0.050000 0.050000 0.050000 0.050000 0.050000 0.050000 0.050000 0.050000 0.050000 0.050000 0.050000 0.050000 0.050000 0.050000 0.000000
0.047619 0.047619 0.047619 0.047619 0.047619 0.047619 0.047619 0.047619 0.047619 0.047619 0.047619 0.047619 0.047619 0.047619 0.047619 0.047619 0.047619 0.047619 0.047619 0.047619 0.047619
# New slice
0.047619 0.047619 0.047619 0.047619 0.047619 0.047619 0.047619 0.047619 0.047619 0.047619 0.047619 0.047619 0.047619 0.047619 0.047619 0.047619 0.047619 0.047619 0.047619 0.047619 0.047619
0.000000 0.050000 0.050000 0.050000 0.050000 0.050000 0.050000 0.050000 0.050000 0.050000 0.050000 0.050000 0.050000 0.050000 0.050000 0.050000 0.050000 0.050000 0.050000 0.050000 0.050000
0.000000 0.000000 0.052632 0.052632 0.052632 0.052632 0.052632 0.052632 0.052632 0.052632 0.052632 0.052632 0.052632 0.052632 0.052632 0.052632 0.052632 0.052632 0.052632 0.052632 0.052632
0.000000 0.000000 0.000000 0.055556 0.055556 0.055556 0.055556 0.055556 0.055556 0.055556 0.055556 0.055556 0.055556 0.055556 0.055556 0.055556 0.055556 0.055556 0.055556 0.055556 0.055556
0.000000 0.000000 0.000000 0.000000 0.058824 0.058824 0.058824 0.058824 0.058824 0.058824 0.058824 0.058824 0.058824 0.058824 0.058824 0.058824 0.058824 0.058824 0.058824 0.058824 0.058824
0.000000 0.000000 0.000000 0.000000 0.000000 0.062500 0.062500 0.062500 0.062500 0.062500 0.062500 0.062500 0.062500 0.062500 0.062500 0.062500 0.062500 0.062500 0.062500 0.062500 0.062500
0.000000 0.000000 0.000000 0.000000 0.000000 0.000000 0.058824 0.176471 0.058824 0.058824 0.058824 0.058824 0.058824 0.058824 0.058824 0.058824 0.058824 0.058824 0.058824 0.058824 0.058824
0.000000 0.000000 0.000000 0.000000 0.000000 0.000000 0.022222 0.200000 0.222222 0.266667 0.066667 0.022222 0.022222 0.022222 0.022222 0.022222 0.022222 0.022222 0.022222 0.022222 0.022222
0.000000 0.000000 0.000000 0.000000 0.000000 0.000000 0.013158 0.092105 0.157895 0.289474 0.184211 0.118421 0.039474 0.013158 0.013158 0.013158 0.013158 0.013158 0.013158 0.013158 0.013158
0.000000 0.000000 0.000000 0.000000 0.000000 0.000000 0.005814 0.058140 0.139535 0.209302 0.197674 0.220930 0.093023 0.029070 0.011628 0.005814 0.005814 0.005814 0.005814 0.005814 0.005814
0.000000 0.000000 0.000000 0.000000 0.000000 0.000000 0.000000 0.015152 0.111111 0.171717 0.207071 0.232323 0.146465 0.055556 0.025253 0.010101 0.005051 0.005051 0.005051 0.005051 0.005051
0.000000 0.000000 0.000000 0.000000 0.000000 0.000000 0.000000 0.010526 0.057895 0.126316 0.178947 0.247368 0.152632 0.126316 0.057895 0.015789 0.005263 0.005263 0.005263 0.005263 0.005263
0.000000 0.000000 0.000000 0.000000 0.000000 0.000000 0.000000 0.000000 0.038462 0.130769 0.138462 0.161538 0.138462 0.153846 0.107692 0.046154 0.038462 0.023077 0.007692 0.007692 0.007692
0.000000 0.000000 0.000000 0.000000 0.000000 0.000000 0.000000 0.000000 0.011364 0.011364 0.193182 0.204545 0.113636 0.113636 0.170455 0.102273 0.022727 0.022727 0.011364 0.011364 0.011364
0.000000 0.000000 0.000000 0.000000 0.000000 0.000000 0.000000 0.000000 0.000000 0.000000 0.100000 0.216667 0.183333 0.100000 0.116667 0.133333 0.050000 0.050000 0.016667 0.016667 0.016667
0.000000 0.000000 0.000000 0.000000 0.000000 0.000000 0.000000 0.000000 0.034483 0.000000 0.034483 0.103448 0.103448 0.068966 0.241379 0.103448 0.034483 0.172414 0.034483 0.034483 0.034483
0.000000 0.000000 0.000000 0.000000 0.000000 0.000000 0.000000 0.000000 0.000000 0.000000 0.000000 0.142857 0.000000 0.000000 0.000000 0.000000 0.142857 0.142857 0.285714 0.142857 0.142857
0.000000 0.000000 0.000000 0.000000 0.000000 0.000000 0.000000 0.000000 0.000000 0.000000 0.000000 0.111111 0.000000 0.111111 0.000000 0.111111 0.111111 0.222222 0.111111 0.111111 0.111111
0.000000 0.000000 0.000000 0.000000 0.000000 0.000000 0.000000 0.000000 0.000000 0.000000 0.000000 0.000000 0.000000 0.000000 0.250000 0.000000 0.000000 0.000000 0.250000 0.250000 0.250000
0.000000 0.000000 0.000000 0.000000 0.000000 0.000000 0.000000 0.000000 0.000000 0.000000 0.000000 0.000000 0.000000 0.000000 0.000000 0.000000 0.000000 0.000000 0.000000 0.500000 0.500000
0.000000 0.000000 0.000000 0.000000 0.000000 0.000000 0.000000 0.000000 0.000000 0.000000 0.000000 0.000000 0.000000 0.000000 0.000000 0.000000 0.000000 0.000000 0.000000 0.000000 1.000000
# New slice
1.000000 0.000000 0.000000 0.000000 0.000000 0.000000 0.000000 0.000000 0.000000 0.000000 0.000000 0.000000 0.000000 0.000000 0.000000 0.000000 0.000000 0.000000 0.000000 0.000000 0.000000
0.500000 0.500000 0.000000 0.000000 0.000000 0.000000 0.000000 0.000000 0.000000 0.000000 0.000000 0.000000 0.000000 0.000000 0.000000 0.000000 0.000000 0.000000 0.000000 0.000000 0.000000
0.333333 0.333333 0.333333 0.000000 0.000000 0.000000 0.000000 0.000000 0.000000 0.000000 0.000000 0.000000 0.000000 0.000000 0.000000 0.000000 0.000000 0.000000 0.000000 0.000000 0.000000
0.250000 0.250000 0.250000 0.250000 0.000000 0.000000 0.000000 0.000000 0.000000 0.000000 0.000000 0.000000 0.000000 0.000000 0.000000 0.000000 0.000000 0.000000 0.000000 0.000000 0.000000
0.200000 0.200000 0.200000 0.200000 0.200000 0.000000 0.000000 0.000000 0.000000 0.000000 0.000000 0.000000 0.000000 0.000000 0.000000 0.000000 0.000000 0.000000 0.000000 0.000000 0.000000
0.166667 0.166667 0.166667 0.166667 0.166667 0.166667 0.000000 0.000000 0.000000 0.000000 0.000000 0.000000 0.000000 0.000000 0.000000 0.000000 0.000000 0.000000 0.000000 0.000000 0.000000
0.142857 0.142857 0.142857 0.142857 0.142857 0.142857 0.142857 0.000000 0.000000 0.000000 0.000000 0.000000 0.000000 0.000000 0.000000 0.000000 0.000000 0.000000 0.000000 0.000000 0.000000
0.125000 0.125000 0.125000 0.125000 0.125000 0.125000 0.125000 0.125000 0.000000 0.000000 0.000000 0.000000 0.000000 0.000000 0.000000 0.000000 0.000000 0.000000 0.000000 0.000000 0.000000
0.100000 0.100000 0.100000 0.100000 0.100000 0.100000 0.100000 0.200000 0.100000 0.000000 0.000000 0.000000 0.000000 0.000000 0.000000 0.000000 0.000000 0.000000 0.000000 0.000000 0.000000
0.083333 0.083333 0.083333 0.083333 0.083333 0.083333 0.166667 0.083333 0.166667 0.083333 0.000000 0.000000 0.000000 0.000000 0.000000 0.000000 0.000000 0.000000 0.000000 0.000000 0.000000
0.083333 0.083333 0.083333 0.083333 0.083333 0.083333 0.166667 0.083333 0.083333 0.083333 0.083333 0.000000 0.000000 0.000000 0.000000 0.000000 0.000000 0.000000 0.000000 0.000000 0.000000
0.071429 0.071429 0.071429 0.071429 0.071429 0.071429 0.142857 0.071429 0.071429 0.142857 0.071429 0.071429 0.000000 0.000000 0.000000 0.000000 0.000000 0.000000 0.000000 0.000000 0.000000
0.071429 0.071429 0.071429 0.071429 0.071429 0.071429 0.071429 0.071429 0.071429 0.142857 0.071429 0.071429 0.071429 0.000000 0.000000 0.000000 0.000000 0.000000 0.000000 0.000000 0.000000
0.062500 0.062500 0.062500 0.062500 0.062500 0.062500 0.062500 0.062500 0.062500 0.125000 0.125000 0.062500 0.062500 0.062500 0.000000 0.000000 0.000000 0.000000 0.000000 0.000000 0.000000
0.014925 0.014925 0.014925 0.014925 0.014925 0.014925 0.014925 0.059701 0.134328 0.238806 0.179104 0.164179 0.089552 0.014925 0.014925 0.000000 0.000000 0.000000 0.000000 0.000000 0.000000
0.062500 0.062500 0.062500 0.062500 0.062500 0.062500 0.062500 0.062500 0.062500 0.062500 0.062500 0.062500 0.062500 0.062500 0.062500 0.062500 0.000000 0.000000 0.000000 0.000000 0.000000
0.058824 0.058824 0.058824 0.058824 0.058824 0.058824 0.058824 0.058824 0.058824 0.058824 0.058824 0.058824 0.058824 0.058824 0.058824 0.058824 0.058824 0.000000 0.000000 0.000000 0.000000
0.055556 0.055556 0.055556 0.055556 0.055556 0.055556 0.055556 0.055556 0.055556 0.055556 0.055556 0.055556 0.055556 0.055556 0.055556 0.055556 0.055556 0.055556 0.000000 0.000000 0.000000
0.052632 0.052632 0.052632 0.052632 0.052632 0.052632 0.052632 0.052632 0.052632 0.052632 0.052632 0.052632 0.052632 0.052632 0.052632 0.052632 0.052632 0.052632 0.052632 0.000000 0.000000
0.050000 0.050000 0.050000 0.050000 0.050000 0.050000 0.050000 0.050000 0.050000 0.050000 0.050000 0.050000 0.050000 0.050000 0.050000 0.050000 0.050000 0.050000 0.050000 0.050000 0.000000
0.047619 0.047619 0.047619 0.047619 0.047619 0.047619 0.047619 0.047619 0.047619 0.047619 0.047619 0.047619 0.047619 0.047619 0.047619 0.047619 0.047619 0.047619 0.047619 0.047619 0.047619
# New slice
0.047619 0.047619 0.047619 0.047619 0.047619 0.047619 0.047619 0.047619 0.047619 0.047619 0.047619 0.047619 0.047619 0.047619 0.047619 0.047619 0.047619 0.047619 0.047619 0.047619 0.047619
0.000000 0.050000 0.050000 0.050000 0.050000 0.050000 0.050000 0.050000 0.050000 0.050000 0.050000 0.050000 0.050000 0.050000 0.050000 0.050000 0.050000 0.050000 0.050000 0.050000 0.050000
0.000000 0.000000 0.052632 0.052632 0.052632 0.052632 0.052632 0.052632 0.052632 0.052632 0.052632 0.052632 0.052632 0.052632 0.052632 0.052632 0.052632 0.052632 0.052632 0.052632 0.052632
0.000000 0.000000 0.000000 0.055556 0.055556 0.055556 0.055556 0.055556 0.055556 0.055556 0.055556 0.055556 0.055556 0.055556 0.055556 0.055556 0.055556 0.055556 0.055556 0.055556 0.055556
0.000000 0.000000 0.000000 0.000000 0.058824 0.058824 0.058824 0.058824 0.058824 0.058824 0.058824 0.058824 0.058824 0.058824 0.058824 0.058824 0.058824 0.058824 0.058824 0.058824 0.058824
0.000000 0.000000 0.000000 0.000000 0.000000 0.058824 0.117647 0.058824 0.058824 0.058824 0.058824 0.058824 0.058824 0.058824 0.058824 0.058824 0.058824 0.058824 0.058824 0.058824 0.058824
0.000000 0.000000 0.000000 0.000000 0.000000 0.033333 0.066667 0.266667 0.133333 0.133333 0.033333 0.033333 0.033333 0.033333 0.033333 0.033333 0.033333 0.033333 0.033333 0.033333 0.033333
0.000000 0.000000 0.000000 0.000000 0.000000 0.000000 0.013514 0.135135 0.256757 0.337838 0.081081 0.040541 0.013514 0.027027 0.013514 0.013514 0.013514 0.013514 0.013514 0.013514 0.013514
0.000000 0.000000 0.000000 0.000000 0.000000 0.000000 0.022222 0.051852 0.133333 0.288889 0.281481 0.103704 0.044444 0.022222 0.007407 0.007407 0.007407 0.007407 0.007407 0.007407 0.007407
0.000000 0.000000 0.000000 0.000000 0.000000 0.000000 0.004808 0.086538 0.115385 0.177885 0.259615 0.120192 0.139423 0.043269 0.024038 0.004808 0.004808 0.004808 0.004808 0.004808 0.004808
0.000000 0.000000 0.000000 0.000000 0.000000 0.000000 0.005464 0.016393 0.081967 0.185792 0.185792 0.240437 0.147541 0.071038 0.032787 0.005464 0.005464 0.005464 0.005464 0.005464 0.005464
0.000000 0.000000 0.000000 0.000000 0.000000 0.000000 0.005682 0.017045 0.051136 0.176136 0.142045 0.113636 0.193182 0.153409 0.096591 0.017045 0.005682 0.011364 0.005682 0.005682 0.005682
0.000000 0.000000 0.000000 0.000000 0.000000 0.000000 0.000000 0.021739 0.043478 0.166667 0.115942 0.152174 0.115942 0.137681 0.152174 0.043478 0.021739 0.007246 0.007246 0.007246 0.007246
0.000000 0.000000 0.000000 0.000000 0.000000 0.000000 0.000000 0.000000 0.021978 0.076923 0.131868 0.164835 0.142857 0.164835 0.120879 0.076923 0.032967 0.032967 0.010989 0.010989 0.010989
0.000000 0.000000 0.000000 0.000000 0.000000 0.000000 0.000000 0.000000 0.000000 0.000000 0.037037 0.111111 0.111111 0.148148 0.222222 0.148148 0.037037 0.074074 0.037037 0.037037 0.037037
0.000000 0.000000 0.000000 0.000000 0.000000 0.000000 0.000000 0.000000 0.000000 0.000000 0.029412 0.147059 0.176471 0.147059 0.117647 0.205882 0.058824 0.029412 0.029412 0.029412 0.029412
0.000000 0.000000 0.000000 0.000000 0.000000 0.000000 0.000000 0.000000 0.000000 0.000000 0.055556 0.055556 0.166667 0.111111 0.166667 0.111111 0.111111 0.055556 0.055556 0.055556 0.055556
0.000000 0.000000 0.000000 0.000000 0.000000 0.000000 0.000000 0.000000 0.000000 0.000000 0.000000 0.133333 0.066667 0.066667 0.133333 0.066667 0.066667 0.200000 0.133333 0.066667 0.066667
0.000000 0.000000 0.000000 0.000000 0.000000 0.000000 0.000000 0.000000 0.000000 0.000000 0.000000 0.250000 0.000000 0.000000 0.000000 0.000000 0.000000 0.000000 0.250000 0.250000 0.250000
0.000000 0.000000 0.000000 0.000000 0.000000 0.000000 0.000000 0.000000 0.000000 0.000000 0.000000 0.000000 0.000000 0.000000 0.000000 0.000000 0.000000 0.000000 0.000000 0.500000 0.500000
0.000000 0.000000 0.000000 0.000000 0.000000 0.000000 0.000000 0.000000 0.000000 0.000000 0.000000 0.000000 0.000000 0.000000 0.000000 0.000000 0.000000 0.000000 0.000000 0.000000 1.000000
# New slice
