# Array shape: (2, 21, 2)
     0.000      0.000
     0.000      0.000
     0.000      0.000
     0.000      0.000
     0.000      0.000
 72404.732 205869.456
189455.185 256193.991
196525.366 315708.845
292310.993 345201.659
300591.255 376200.302
328021.324 287442.624
333608.166 357715.491
     0.000      0.000
     0.000      0.000
     0.000      0.000
     0.000      0.000
     0.000      0.000
     0.000      0.000
     0.000      0.000
     0.000      0.000
     0.000      0.000
# New slice
     0.000      0.000
     0.000      0.000
     0.000      0.000
     0.000      0.000
     0.000      0.000
 74742.614 214752.917
199087.198  92831.892
248176.107 301569.264
301220.150 346057.533
331048.105 369507.392
354521.244 313432.109
     0.000      0.000
     0.000      0.000
     0.000      0.000
     0.000      0.000
     0.000      0.000
     0.000      0.000
     0.000      0.000
     0.000      0.000
     0.000      0.000
     0.000      0.000
# New slice
