# Array shape: (2, 21, 2)
  2016.133  16599.951
     0.000  32014.479
     0.000  50242.344
 22762.321  67016.133
 26413.223  68821.061
 47483.638  77573.112
 46340.087  65640.265
 40473.961  79721.510
 51478.323  79662.230
     0.000  69237.019
 67506.805  41631.603
 61465.611  43053.348
 22911.591  61794.078
  2561.395  41669.164
     0.000  58199.563
     0.000  28480.278
     0.000      0.000
     0.000      0.000
     0.000      0.000
     0.000      0.000
     0.000      0.000
# New slice
     0.000  22475.492
  2443.434  49669.335
 11473.098  52646.018
 17381.438  64539.209
 26455.167  69459.235
 35953.881  79756.352
 41158.777  65776.214
 49704.294  66930.901
 30514.213  74476.307
 41341.654  60572.356
 56742.751  84953.020
 31042.043  83932.784
     0.000  65799.142
     0.000  57833.508
 45221.997  -2941.441
 23771.959  13982.288
     0.000  27633.648
     0.000      0.000
     0.000      0.000
     0.000      0.000
     0.000      0.000
# New slice
