# Array shape: (2, 21, 2)
     0.000  23640.786
  4280.132  42184.843
 20754.509  49242.878
 17769.064  55596.074
 25431.025  67079.095
 41319.483  71444.121
 27342.472  72438.428
 25465.712  65811.359
 45785.489  80750.432
 33242.050  99983.541
 44901.463  92188.568
 38787.175  77616.633
 19272.607  80710.201
 18360.949  65650.495
  7901.819  77503.786
     0.000  71144.983
     0.000  11079.055
     0.000      0.000
     0.000  18133.659
     0.000      0.000
     0.000      0.000
# New slice
     0.000  30445.512
  4234.628  37019.413
 12179.551  51499.846
 18872.141  57023.248
 37807.595  65886.672
 28294.361  75288.192
 45634.429  61685.622
 26466.326  77540.069
 34203.353  72991.691
 24098.396  75333.067
 37076.297  99020.435
  8826.708  74180.061
 24233.533  75754.038
     0.000  63437.912
 29966.905  68037.498
     0.000  69954.204
     0.000  31495.993
     0.000      0.000
     0.000      0.000
     0.000      0.000
     0.000      0.000
# New slice
