# Array shape: (2, 21, 2)
     0.000   6550.787
     0.000  27130.767
     0.000  30048.596
  6464.760  35368.414
     0.000  91979.919
 18729.113 101669.870
 29720.350  97613.119
 55395.738 105822.021
 23236.786 121120.706
 46718.995 121681.687
  9250.959 122398.707
 21759.404 119459.434
 44864.676 102711.810
     0.000  81887.393
     0.000  26620.194
     0.000  22524.013
     0.000   7819.109
     0.000      0.000
     0.000      0.000
     0.000      0.000
     0.000      0.000
# New slice
     0.000      0.000
     0.000      0.000
 12000.565  27294.067
 12038.627  49844.820
     0.000  79593.540
 24838.150  99181.880
 33947.367  98335.461
 39952.100 106546.949
102567.796  38913.583
 28421.936 121956.059
 24599.610 119335.571
 45880.272 126916.159
 31884.004 118026.053
 11041.988 102689.212
  9619.281  68122.482
     0.000  20148.500
     0.000   4917.958
     0.000   9424.853
     0.000      0.000
     0.000      0.000
     0.000      0.000
# New slice
