# Array shape: (2, 21, 2)
     0.000  90062.768
     0.000  87780.136
     0.000  92873.279
     0.000 105893.649
 86210.997 120350.069
101553.225 131662.873
102130.152 113937.768
109823.289 117597.311
111640.304 130351.377
103038.708 115674.214
110363.190 141945.515
116824.964 123501.175
115385.236 153497.899
135232.889 174682.460
136611.548 161501.428
142074.396 129162.505
156378.051 136083.450
162453.673 152797.642
136848.362 192671.266
183554.164 170271.961
172070.351 174074.100
# New slice
     0.000  79546.851
     0.000 100480.372
     0.000 105446.338
 89213.237 121597.308
     0.000 121167.624
 85751.770 115119.717
 98022.829 124195.895
 97204.630 118278.923
113742.669 125920.533
105009.150 143700.865
124186.063 140232.179
114788.737 110288.422
115341.095 135523.888
139709.563 123018.928
130904.202 155185.436
138825.616 132354.591
151529.375 131846.364
127294.326 166761.712
142812.532 186729.050
143811.881 144045.775
153658.546 159495.071
# New slice
