# Array shape: (2, 21, 2)
     0.000   6356.343
     0.000   9881.440
  2212.327  12415.140
  3330.484  21201.804
  2893.305  19903.609
  7417.939  24666.202
  8563.581  25006.050
  6001.605  32428.027
 16417.235  26389.847
 13856.567  43437.569
 15589.253  39642.470
 18052.741  35995.995
 23525.520  45994.609
 11792.312  50702.265
     0.000  41970.524
 16361.885  45342.899
 30678.929   8788.448
     0.000  41282.017
 46776.353   -190.221
     0.000  42571.605
 32472.257      0.000
# New slice
     0.000   7498.714
     0.000   8713.153
     0.000   9396.800
     0.000  19739.713
  8226.616  23356.584
  9190.268  23517.482
 12478.631  28653.397
 10372.557  19010.742
 12932.563  31573.669
 16380.487  29996.704
 14179.507  32196.363
 19159.249  30249.670
 15231.421  35132.628
 14959.498  32384.348
 14268.014  37059.473
 19356.957  39546.216
 20669.176  22541.863
     0.000  37111.164
 38704.420  29576.301
 20208.663  19649.706
     0.000      0.000
# New slice
