# Array shape: (2, 21, 2)
     0.000      0.000
     0.000      0.000
     0.000      0.000
     0.000      0.000
     0.000      0.000
     0.000      0.000
     0.000      0.000
     0.000 164906.933
     0.000 562233.820
     0.000 797219.292
476888.200 853096.030
703420.047 789201.290
288184.908 841846.315
     0.000 614907.872
     0.000      0.000
117624.892      0.000
     0.000      0.000
     0.000      0.000
     0.000      0.000
     0.000      0.000
     0.000      0.000
# New slice
     0.000      0.000
     0.000      0.000
     0.000      0.000
     0.000      0.000
     0.000      0.000
     0.000      0.000
     0.000      0.000
     0.000      0.000
149772.465 624840.570
195876.802 740025.968
     0.000 835662.861
778338.693 873681.417
315795.432 839916.243
     0.000 561963.690
     0.000      0.000
     0.000      0.000
     0.000      0.000
     0.000      0.000
     0.000      0.000
     0.000      0.000
     0.000      0.000
# New slice
