# Array shape: (2, 21, 2)
     0.000      0.000
     0.000      0.000
     0.000      0.000
     0.000      0.000
     0.000  67746.835
 10422.028  95666.035
 22020.286 111612.087
 41863.232 114780.172
 47131.518 103290.710
 37381.924 102168.416
 32209.217 100503.024
 25945.138  90028.975
 10351.696  84045.172
     0.000  43004.299
     0.000  32160.834
     0.000  14180.155
     0.000      0.000
     0.000      0.000
     0.000      0.000
     0.000      0.000
     0.000      0.000
# New slice
     0.000      0.000
     0.000      0.000
     0.000  19283.852
     0.000  19332.995
     0.000  64211.433
  6195.185  84678.134
 28199.735 107786.792
 47165.744 110811.152
 51546.201 104313.467
 49109.387 104518.147
110931.325  23008.025
 45728.584  96439.144
 31950.332  87162.169
     0.000  70407.824
     0.000  39835.210
     0.000  10632.610
     0.000   7046.172
     0.000   5905.668
     0.000      0.000
     0.000      0.000
     0.000      0.000
# New slice
