# Array shape: (2, 21, 2)
     0.000      0.000
     0.000      0.000
     0.000      0.000
     0.000  65694.914
     0.000      0.000
     0.000  67088.293
     0.000 195695.985
117254.377 214973.617
     0.000 191237.571
 73773.735 219064.891
151677.969 246838.975
200674.730 286864.435
137703.467 274567.845
143129.630 233215.532
 86960.044 339754.053
 83979.267 310320.625
     0.000 336162.968
     0.000 244723.335
     0.000 229247.589
     0.000      0.000
     0.000      0.000
# New slice
     0.000      0.000
     0.000  33406.728
     0.000      0.000
     0.000  41665.425
 19954.920      0.000
     0.000 165621.449
     0.000 192647.317
105810.563 184123.102
115541.907 237684.480
110027.997 199288.211
149085.222 243486.926
 98913.998 270585.802
121459.663 265727.912
 72300.107 313938.512
234761.767 336091.275
 89251.595 277692.318
     0.000 308886.960
     0.000 328127.802
     0.000 322825.079
     0.000 148749.592
     0.000      0.000
# New slice
