# Array shape: (2, 21, 2)
     0.000      0.000
     0.000      0.000
     0.000      0.000
     0.000  21180.749
     0.000      0.000
     0.000 181802.466
 60072.729 301913.902
103307.654 376670.702
127196.081 400265.083
197475.686 406579.311
 95971.904 411763.183
102188.079 398694.003
126559.323 383004.203
 97538.484 335782.538
     0.000 237282.317
     0.000 127046.444
     0.000      0.000
     0.000      0.000
     0.000      0.000
     0.000      0.000
     0.000      0.000
# New slice
     0.000      0.000
     0.000      0.000
     0.000      0.000
     0.000      0.000
 16445.408 135740.092
     0.000 249292.049
     0.000 291070.153
 22718.121 362579.811
 49514.186 405171.748
160626.578 393376.293
138180.687 413954.587
253995.914 402241.828
 44444.739 381696.599
123829.158 341487.578
     0.000 314306.498
     0.000 196417.894
     0.000  59350.498
     0.000  12980.342
     0.000      0.000
     0.000      0.000
     0.000      0.000
# New slice
