# Array shape: (2, 21, 2)
 14640.285  42329.146
  6899.217  45601.414
 33562.382   4470.484
 24722.127  57090.486
 15805.858  58795.168
 32228.011  63043.231
 48611.313  30957.116
 38995.084  69241.442
 45321.890  73875.033
 45481.498  69795.109
 50401.577  66919.814
 58401.405  80614.536
 46358.297  72343.953
 46676.318  82015.031
     0.000  83871.513
     0.000  79255.014
 21323.340  85917.862
 29479.303  88770.055
 23076.815  65901.103
 16389.246  48404.989
     0.000  98510.109
# New slice
 17726.527  45779.572
 14251.851  45286.470
 23228.235  51755.477
 27581.668  55128.595
 39333.996  32279.374
 31784.799  63011.947
 31571.711  65198.077
 34963.598  60674.442
 34796.504  68728.363
 25703.962  72478.246
 32826.757  70122.595
 67439.283  31686.520
 54019.671  68839.522
 59334.819  39410.125
 44653.755  91458.834
     0.000  64241.177
     0.000  78748.381
     0.000  86523.599
 20502.145  56711.596
 44489.403  99584.505
 32000.075  73964.163
# New slice
