# Array shape: (2, 2, 21, 21)
1.000000 0.000000 0.000000 0.000000 0.000000 0.000000 0.000000 0.000000 0.000000 0.000000 0.000000 0.000000 0.000000 0.000000 0.000000 0.000000 0.000000 0.000000 0.000000 0.000000 0.000000
0.909091 0.090909 0.000000 0.000000 0.000000 0.000000 0.000000 0.000000 0.000000 0.000000 0.000000 0.000000 0.000000 0.000000 0.000000 0.000000 0.000000 0.000000 0.000000 0.000000 0.000000
0.647059 0.294118 0.058824 0.000000 0.000000 0.000000 0.000000 0.000000 0.000000 0.000000 0.000000 0.000000 0.000000 0.000000 0.000000 0.000000 0.000000 0.000000 0.000000 0.000000 0.000000
0.200000 0.400000 0.200000 0.200000 0.000000 0.000000 0.000000 0.000000 0.000000 0.000000 0.000000 0.000000 0.000000 0.000000 0.000000 0.000000 0.000000 0.000000 0.000000 0.000000 0.000000
0.125000 0.125000 0.375000 0.250000 0.125000 0.000000 0.000000 0.000000 0.000000 0.000000 0.000000 0.000000 0.000000 0.000000 0.000000 0.000000 0.000000 0.000000 0.000000 0.000000 0.000000
0.200000 0.100000 0.200000 0.100000 0.300000 0.100000 0.000000 0.000000 0.000000 0.000000 0.000000 0.000000 0.000000 0.000000 0.000000 0.000000 0.000000 0.000000 0.000000 0.000000 0.000000
0.076923 0.076923 0.384615 0.153846 0.153846 0.076923 0.076923 0.000000 0.000000 0.000000 0.000000 0.000000 0.000000 0.000000 0.000000 0.000000 0.000000 0.000000 0.000000 0.000000 0.000000
0.050000 0.100000 0.100000 0.250000 0.150000 0.200000 0.050000 0.100000 0.000000 0.000000 0.000000 0.000000 0.000000 0.000000 0.000000 0.000000 0.000000 0.000000 0.000000 0.000000 0.000000
0.047619 0.047619 0.047619 0.095238 0.095238 0.238095 0.142857 0.238095 0.047619 0.000000 0.000000 0.000000 0.000000 0.000000 0.000000 0.000000 0.000000 0.000000 0.000000 0.000000 0.000000
0.041667 0.041667 0.041667 0.041667 0.083333 0.125000 0.250000 0.166667 0.166667 0.041667 0.000000 0.000000 0.000000 0.000000 0.000000 0.000000 0.000000 0.000000 0.000000 0.000000 0.000000
0.058824 0.058824 0.058824 0.058824 0.117647 0.058824 0.058824 0.176471 0.235294 0.058824 0.058824 0.000000 0.000000 0.000000 0.000000 0.000000 0.000000 0.000000 0.000000 0.000000 0.000000
0.025641 0.025641 0.025641 0.025641 0.051282 0.025641 0.102564 0.128205 0.179487 0.333333 0.051282 0.025641 0.000000 0.000000 0.000000 0.000000 0.000000 0.000000 0.000000 0.000000 0.000000
0.026316 0.026316 0.026316 0.026316 0.026316 0.026316 0.026316 0.078947 0.210526 0.236842 0.210526 0.052632 0.026316 0.000000 0.000000 0.000000 0.000000 0.000000 0.000000 0.000000 0.000000
0.034483 0.034483 0.034483 0.034483 0.034483 0.034483 0.034483 0.068966 0.103448 0.068966 0.206897 0.206897 0.068966 0.034483 0.000000 0.000000 0.000000 0.000000 0.000000 0.000000 0.000000
0.027778 0.027778 0.027778 0.027778 0.027778 0.027778 0.055556 0.027778 0.083333 0.111111 0.111111 0.083333 0.166667 0.166667 0.027778 0.000000 0.000000 0.000000 0.000000 0.000000 0.000000
0.035714 0.035714 0.035714 0.035714 0.035714 0.035714 0.035714 0.035714 0.035714 0.071429 0.107143 0.142857 0.142857 0.107143 0.071429 0.035714 0.000000 0.000000 0.000000 0.000000 0.000000
0.019231 0.019231 0.019231 0.019231 0.019231 0.019231 0.019231 0.019231 0.019231 0.057692 0.057692 0.153846 0.115385 0.115385 0.115385 0.192308 0.019231 0.000000 0.000000 0.000000 0.000000
0.040000 0.040000 0.040000 0.040000 0.040000 0.040000 0.040000 0.040000 0.040000 0.080000 0.040000 0.160000 0.120000 0.040000 0.040000 0.040000 0.080000 0.040000 0.000000 0.000000 0.000000
0.038462 0.038462 0.038462 0.038462 0.038462 0.038462 0.038462 0.038462 0.038462 0.038462 0.038462 0.038462 0.038462 0.038462 0.076923 0.192308 0.115385 0.038462 0.038462 0.000000 0.000000
0.041667 0.041667 0.041667 0.041667 0.041667 0.041667 0.041667 0.041667 0.041667 0.041667 0.083333 0.083333 0.041667 0.041667 0.041667 0.083333 0.041667 0.083333 0.041667 0.041667 0.000000
0.040000 0.040000 0.040000 0.040000 0.040000 0.040000 0.040000 0.040000 0.040000 0.040000 0.040000 0.040000 0.040000 0.080000 0.040000 0.080000 0.040000 0.040000 0.080000 0.040000 0.080000
# New slice
0.043478 0.195652 0.195652 0.130435 0.086957 0.021739 0.021739 0.021739 0.021739 0.021739 0.021739 0.021739 0.021739 0.021739 0.021739 0.021739 0.021739 0.021739 0.021739 0.021739 0.021739
0.000000 0.050000 0.050000 0.050000 0.050000 0.050000 0.050000 0.050000 0.050000 0.050000 0.050000 0.050000 0.050000 0.050000 0.050000 0.050000 0.050000 0.050000 0.050000 0.050000 0.050000
0.000000 0.000000 0.045455 0.181818 0.045455 0.045455 0.045455 0.045455 0.045455 0.045455 0.045455 0.045455 0.045455 0.045455 0.045455 0.045455 0.045455 0.045455 0.045455 0.045455 0.045455
0.000000 0.000000 0.000000 0.093750 0.156250 0.218750 0.093750 0.031250 0.031250 0.031250 0.031250 0.031250 0.031250 0.031250 0.031250 0.031250 0.031250 0.031250 0.031250 0.031250 0.031250
0.000000 0.000000 0.000000 0.030303 0.212121 0.151515 0.121212 0.060606 0.030303 0.060606 0.030303 0.030303 0.030303 0.030303 0.030303 0.030303 0.030303 0.030303 0.030303 0.030303 0.030303
0.000000 0.000000 0.000000 0.000000 0.000000 0.057143 0.085714 0.257143 0.171429 0.114286 0.028571 0.028571 0.028571 0.028571 0.028571 0.028571 0.028571 0.028571 0.028571 0.028571 0.028571
0.000000 0.000000 0.000000 0.000000 0.000000 0.019608 0.098039 0.176471 0.274510 0.117647 0.117647 0.019608 0.019608 0.019608 0.019608 0.019608 0.019608 0.019608 0.019608 0.019608 0.019608
0.000000 0.000000 0.000000 0.000000 0.000000 0.023256 0.116279 0.139535 0.209302 0.232558 0.023256 0.023256 0.023256 0.046512 0.023256 0.023256 0.023256 0.023256 0.023256 0.023256 0.023256
0.000000 0.000000 0.000000 0.000000 0.000000 0.000000 0.000000 0.016393 0.163934 0.229508 0.262295 0.131148 0.049180 0.032787 0.016393 0.016393 0.016393 0.016393 0.016393 0.016393 0.016393
0.000000 0.000000 0.000000 0.000000 0.000000 0.000000 0.000000 0.047059 0.023529 0.164706 0.188235 0.258824 0.141176 0.082353 0.023529 0.011765 0.011765 0.011765 0.011765 0.011765 0.011765
0.000000 0.000000 0.000000 0.000000 0.000000 0.000000 0.000000 0.010753 0.032258 0.172043 0.118280 0.247312 0.161290 0.096774 0.053763 0.032258 0.032258 0.010753 0.010753 0.010753 0.010753
0.000000 0.000000 0.000000 0.000000 0.000000 0.000000 0.000000 0.000000 0.056818 0.045455 0.136364 0.102273 0.238636 0.215909 0.079545 0.068182 0.011364 0.011364 0.011364 0.011364 0.011364
0.000000 0.000000 0.000000 0.000000 0.000000 0.000000 0.000000 0.000000 0.000000 0.025000 0.075000 0.100000 0.175000 0.250000 0.162500 0.125000 0.037500 0.012500 0.012500 0.012500 0.012500
0.000000 0.000000 0.000000 0.000000 0.000000 0.000000 0.000000 0.000000 0.000000 0.000000 0.044118 0.132353 0.088235 0.073529 0.294118 0.161765 0.073529 0.073529 0.029412 0.014706 0.014706
0.000000 0.000000 0.000000 0.000000 0.000000 0.000000 0.000000 0.000000 0.000000 0.000000 0.000000 0.098039 0.117647 0.078431 0.098039 0.235294 0.196078 0.098039 0.039216 0.019608 0.019608
0.000000 0.000000 0.000000 0.000000 0.000000 0.000000 0.000000 0.000000 0.000000 0.000000 0.020000 0.060000 0.120000 0.080000 0.140000 0.120000 0.140000 0.120000 0.120000 0.060000 0.020000
0.000000 0.000000 0.000000 0.000000 0.000000 0.000000 0.000000 0.000000 0.000000 0.000000 0.000000 0.000000 0.000000 0.000000 0.200000 0.000000 0.100000 0.200000 0.300000 0.100000 0.100000
0.000000 0.000000 0.000000 0.000000 0.000000 0.000000 0.000000 0.000000 0.000000 0.000000 0.000000 0.000000 0.000000 0.000000 0.080000 0.120000 0.080000 0.200000 0.160000 0.200000 0.160000
0.000000 0.000000 0.000000 0.000000 0.000000 0.000000 0.000000 0.000000 0.000000 0.000000 0.000000 0.000000 0.000000 0.000000 0.000000 0.142857 0.000000 0.000000 0.285714 0.142857 0.428571
0.000000 0.000000 0.000000 0.000000 0.000000 0.000000 0.000000 0.000000 0.000000 0.000000 0.000000 0.000000 0.000000 0.000000 0.000000 0.333333 0.000000 0.000000 0.000000 0.333333 0.333333
0.000000 0.000000 0.000000 0.000000 0.000000 0.000000 0.000000 0.000000 0.000000 0.000000 0.000000 0.000000 0.125000 0.000000 0.000000 0.125000 0.000000 0.125000 0.000000 0.000000 0.625000
# New slice
1.000000 0.000000 0.000000 0.000000 0.000000 0.000000 0.000000 0.000000 0.000000 0.000000 0.000000 0.000000 0.000000 0.000000 0.000000 0.000000 0.000000 0.000000 0.000000 0.000000 0.000000
0.833333 0.166667 0.000000 0.000000 0.000000 0.000000 0.000000 0.000000 0.000000 0.000000 0.000000 0.000000 0.000000 0.000000 0.000000 0.000000 0.000000 0.000000 0.000000 0.000000 0.000000
0.666667 0.250000 0.083333 0.000000 0.000000 0.000000 0.000000 0.000000 0.000000 0.000000 0.000000 0.000000 0.000000 0.000000 0.000000 0.000000 0.000000 0.000000 0.000000 0.000000 0.000000
0.125000 0.500000 0.250000 0.125000 0.000000 0.000000 0.000000 0.000000 0.000000 0.000000 0.000000 0.000000 0.000000 0.000000 0.000000 0.000000 0.000000 0.000000 0.000000 0.000000 0.000000
0.181818 0.363636 0.272727 0.090909 0.090909 0.000000 0.000000 0.000000 0.000000 0.000000 0.000000 0.000000 0.000000 0.000000 0.000000 0.000000 0.000000 0.000000 0.000000 0.000000 0.000000
0.071429 0.071429 0.142857 0.285714 0.357143 0.071429 0.000000 0.000000 0.000000 0.000000 0.000000 0.000000 0.000000 0.000000 0.000000 0.000000 0.000000 0.000000 0.000000 0.000000 0.000000
0.076923 0.076923 0.153846 0.153846 0.230769 0.230769 0.076923 0.000000 0.000000 0.000000 0.000000 0.000000 0.000000 0.000000 0.000000 0.000000 0.000000 0.000000 0.000000 0.000000 0.000000
0.066667 0.066667 0.066667 0.133333 0.200000 0.200000 0.200000 0.066667 0.000000 0.000000 0.000000 0.000000 0.000000 0.000000 0.000000 0.000000 0.000000 0.000000 0.000000 0.000000 0.000000
0.038462 0.038462 0.038462 0.076923 0.269231 0.153846 0.192308 0.153846 0.038462 0.000000 0.000000 0.000000 0.000000 0.000000 0.000000 0.000000 0.000000 0.000000 0.000000 0.000000 0.000000
0.027778 0.027778 0.027778 0.027778 0.055556 0.138889 0.166667 0.277778 0.166667 0.083333 0.000000 0.000000 0.000000 0.000000 0.000000 0.000000 0.000000 0.000000 0.000000 0.000000 0.000000
0.025000 0.025000 0.025000 0.025000 0.050000 0.100000 0.225000 0.125000 0.225000 0.150000 0.025000 0.000000 0.000000 0.000000 0.000000 0.000000 0.000000 0.000000 0.000000 0.000000 0.000000
0.040000 0.040000 0.040000 0.040000 0.080000 0.040000 0.080000 0.120000 0.240000 0.080000 0.160000 0.040000 0.000000 0.000000 0.000000 0.000000 0.000000 0.000000 0.000000 0.000000 0.000000
0.012346 0.012346 0.012346 0.012346 0.012346 0.012346 0.074074 0.086420 0.172840 0.197531 0.283951 0.098765 0.012346 0.000000 0.000000 0.000000 0.000000 0.000000 0.000000 0.000000 0.000000
0.045455 0.045455 0.045455 0.045455 0.045455 0.045455 0.090909 0.090909 0.136364 0.090909 0.090909 0.090909 0.090909 0.045455 0.000000 0.000000 0.000000 0.000000 0.000000 0.000000 0.000000
0.040000 0.040000 0.040000 0.040000 0.040000 0.040000 0.040000 0.040000 0.160000 0.040000 0.160000 0.120000 0.080000 0.080000 0.040000 0.000000 0.000000 0.000000 0.000000 0.000000 0.000000
0.038462 0.038462 0.038462 0.038462 0.038462 0.038462 0.038462 0.076923 0.038462 0.115385 0.153846 0.076923 0.115385 0.076923 0.038462 0.038462 0.000000 0.000000 0.000000 0.000000 0.000000
0.047619 0.047619 0.047619 0.047619 0.047619 0.047619 0.047619 0.047619 0.047619 0.047619 0.095238 0.095238 0.047619 0.047619 0.142857 0.047619 0.047619 0.000000 0.000000 0.000000 0.000000
0.028571 0.028571 0.028571 0.028571 0.028571 0.028571 0.028571 0.028571 0.028571 0.057143 0.057143 0.085714 0.057143 0.085714 0.057143 0.228571 0.085714 0.028571 0.000000 0.000000 0.000000
0.035714 0.035714 0.035714 0.035714 0.035714 0.035714 0.035714 0.035714 0.035714 0.035714 0.035714 0.071429 0.107143 0.107143 0.107143 0.071429 0.071429 0.035714 0.035714 0.000000 0.000000
0.045455 0.045455 0.045455 0.045455 0.045455 0.045455 0.045455 0.045455 0.045455 0.045455 0.045455 0.045455 0.090909 0.045455 0.045455 0.045455 0.045455 0.090909 0.045455 0.045455 0.000000
0.031250 0.031250 0.031250 0.031250 0.031250 0.031250 0.031250 0.031250 0.031250 0.031250 0.031250 0.031250 0.062500 0.031250 0.031250 0.031250 0.125000 0.093750 0.093750 0.062500 0.093750
# New slice
0.096774 0.225806 0.096774 0.032258 0.032258 0.032258 0.032258 0.032258 0.032258 0.032258 0.032258 0.032258 0.032258 0.032258 0.032258 0.032258 0.032258 0.032258 0.032258 0.032258 0.032258
0.000000 0.028571 0.200000 0.142857 0.142857 0.057143 0.028571 0.028571 0.028571 0.028571 0.028571 0.028571 0.028571 0.028571 0.028571 0.028571 0.028571 0.028571 0.028571 0.028571 0.028571
0.000000 0.000000 0.045455 0.045455 0.090909 0.090909 0.045455 0.090909 0.045455 0.045455 0.045455 0.045455 0.045455 0.045455 0.045455 0.045455 0.045455 0.045455 0.045455 0.045455 0.045455
0.000000 0.000000 0.000000 0.035714 0.285714 0.071429 0.107143 0.035714 0.035714 0.035714 0.035714 0.035714 0.035714 0.035714 0.035714 0.035714 0.035714 0.035714 0.035714 0.035714 0.035714
0.000000 0.000000 0.000000 0.022222 0.066667 0.266667 0.200000 0.111111 0.022222 0.044444 0.022222 0.044444 0.022222 0.022222 0.022222 0.022222 0.022222 0.022222 0.022222 0.022222 0.022222
0.000000 0.000000 0.000000 0.000000 0.000000 0.025641 0.307692 0.128205 0.128205 0.102564 0.025641 0.051282 0.025641 0.025641 0.025641 0.025641 0.025641 0.025641 0.025641 0.025641 0.025641
0.000000 0.000000 0.000000 0.000000 0.000000 0.056604 0.188679 0.169811 0.207547 0.150943 0.037736 0.018868 0.018868 0.018868 0.018868 0.018868 0.018868 0.018868 0.018868 0.018868 0.018868
0.000000 0.000000 0.000000 0.000000 0.000000 0.000000 0.015385 0.123077 0.215385 0.276923 0.153846 0.030769 0.061538 0.015385 0.015385 0.015385 0.015385 0.015385 0.015385 0.015385 0.015385
0.000000 0.000000 0.000000 0.000000 0.000000 0.011364 0.000000 0.034091 0.147727 0.238636 0.261364 0.136364 0.045455 0.022727 0.034091 0.011364 0.011364 0.011364 0.011364 0.011364 0.011364
0.000000 0.000000 0.000000 0.000000 0.000000 0.000000 0.020202 0.010101 0.040404 0.191919 0.232323 0.171717 0.151515 0.050505 0.070707 0.010101 0.010101 0.010101 0.010101 0.010101 0.010101
0.000000 0.000000 0.000000 0.000000 0.000000 0.000000 0.000000 0.000000 0.028846 0.086538 0.105769 0.211538 0.250000 0.134615 0.076923 0.057692 0.009615 0.009615 0.009615 0.009615 0.009615
0.000000 0.000000 0.000000 0.000000 0.000000 0.000000 0.000000 0.000000 0.010309 0.000000 0.144330 0.144330 0.216495 0.247423 0.082474 0.072165 0.030928 0.010309 0.020619 0.010309 0.010309
0.000000 0.000000 0.000000 0.000000 0.000000 0.000000 0.000000 0.000000 0.000000 0.052632 0.052632 0.157895 0.157895 0.131579 0.131579 0.131579 0.078947 0.026316 0.026316 0.026316 0.026316
0.000000 0.000000 0.000000 0.000000 0.000000 0.000000 0.000000 0.000000 0.013333 0.026667 0.040000 0.133333 0.080000 0.133333 0.226667 0.146667 0.066667 0.080000 0.026667 0.013333 0.013333
0.000000 0.000000 0.000000 0.000000 0.000000 0.000000 0.000000 0.000000 0.000000 0.000000 0.063492 0.095238 0.063492 0.063492 0.095238 0.126984 0.285714 0.079365 0.063492 0.047619 0.015873
0.000000 0.000000 0.000000 0.000000 0.000000 0.000000 0.000000 0.000000 0.000000 0.000000 0.018519 0.000000 0.074074 0.037037 0.129630 0.129630 0.240741 0.166667 0.148148 0.037037 0.018519
0.000000 0.000000 0.000000 0.000000 0.000000 0.000000 0.000000 0.000000 0.000000 0.000000 0.000000 0.000000 0.131579 0.078947 0.078947 0.131579 0.157895 0.236842 0.078947 0.052632 0.052632
0.000000 0.000000 0.000000 0.000000 0.000000 0.000000 0.000000 0.000000 0.000000 0.000000 0.000000 0.000000 0.000000 0.000000 0.100000 0.000000 0.000000 0.300000 0.200000 0.300000 0.100000
0.000000 0.000000 0.000000 0.000000 0.000000 0.000000 0.000000 0.000000 0.000000 0.000000 0.000000 0.000000 0.000000 0.125000 0.062500 0.000000 0.000000 0.062500 0.125000 0.312500 0.312500
0.000000 0.000000 0.000000 0.000000 0.000000 0.000000 0.000000 0.000000 0.000000 0.000000 0.000000 0.000000 0.000000 0.071429 0.142857 0.000000 0.071429 0.000000 0.071429 0.142857 0.500000
0.000000 0.000000 0.000000 0.000000 0.000000 0.000000 0.000000 0.000000 0.000000 0.000000 0.000000 0.000000 0.000000 0.000000 0.000000 0.000000 0.000000 0.000000 0.000000 0.500000 0.500000
# New slice
