# Array shape: (2, 2, 21, 21)
1.000000 0.000000 0.000000 0.000000 0.000000 0.000000 0.000000 0.000000 0.000000 0.000000 0.000000 0.000000 0.000000 0.000000 0.000000 0.000000 0.000000 0.000000 0.000000 0.000000 0.000000
0.850000 0.150000 0.000000 0.000000 0.000000 0.000000 0.000000 0.000000 0.000000 0.000000 0.000000 0.000000 0.000000 0.000000 0.000000 0.000000 0.000000 0.000000 0.000000 0.000000 0.000000
0.478261 0.347826 0.173913 0.000000 0.000000 0.000000 0.000000 0.000000 0.000000 0.000000 0.000000 0.000000 0.000000 0.000000 0.000000 0.000000 0.000000 0.000000 0.000000 0.000000 0.000000
0.131579 0.421053 0.421053 0.026316 0.000000 0.000000 0.000000 0.000000 0.000000 0.000000 0.000000 0.000000 0.000000 0.000000 0.000000 0.000000 0.000000 0.000000 0.000000 0.000000 0.000000
0.063830 0.191489 0.319149 0.361702 0.063830 0.000000 0.000000 0.000000 0.000000 0.000000 0.000000 0.000000 0.000000 0.000000 0.000000 0.000000 0.000000 0.000000 0.000000 0.000000 0.000000
0.027027 0.135135 0.243243 0.243243 0.324324 0.027027 0.000000 0.000000 0.000000 0.000000 0.000000 0.000000 0.000000 0.000000 0.000000 0.000000 0.000000 0.000000 0.000000 0.000000 0.000000
0.023810 0.047619 0.023810 0.119048 0.166667 0.547619 0.071429 0.000000 0.000000 0.000000 0.000000 0.000000 0.000000 0.000000 0.000000 0.000000 0.000000 0.000000 0.000000 0.000000 0.000000
0.033333 0.033333 0.066667 0.033333 0.166667 0.233333 0.333333 0.100000 0.000000 0.000000 0.000000 0.000000 0.000000 0.000000 0.000000 0.000000 0.000000 0.000000 0.000000 0.000000 0.000000
0.017857 0.017857 0.053571 0.053571 0.125000 0.214286 0.214286 0.267857 0.035714 0.000000 0.000000 0.000000 0.000000 0.000000 0.000000 0.000000 0.000000 0.000000 0.000000 0.000000 0.000000
0.035714 0.035714 0.035714 0.035714 0.035714 0.107143 0.107143 0.250000 0.321429 0.035714 0.000000 0.000000 0.000000 0.000000 0.000000 0.000000 0.000000 0.000000 0.000000 0.000000 0.000000
0.052632 0.052632 0.052632 0.052632 0.052632 0.105263 0.052632 0.052632 0.105263 0.368421 0.052632 0.000000 0.000000 0.000000 0.000000 0.000000 0.000000 0.000000 0.000000 0.000000 0.000000
0.035714 0.035714 0.035714 0.035714 0.035714 0.071429 0.107143 0.178571 0.107143 0.107143 0.214286 0.035714 0.000000 0.000000 0.000000 0.000000 0.000000 0.000000 0.000000 0.000000 0.000000
0.052632 0.052632 0.052632 0.052632 0.052632 0.052632 0.052632 0.105263 0.052632 0.105263 0.052632 0.263158 0.052632 0.000000 0.000000 0.000000 0.000000 0.000000 0.000000 0.000000 0.000000
0.062500 0.062500 0.062500 0.062500 0.062500 0.062500 0.062500 0.062500 0.062500 0.062500 0.125000 0.125000 0.062500 0.062500 0.000000 0.000000 0.000000 0.000000 0.000000 0.000000 0.000000
0.052632 0.052632 0.052632 0.052632 0.052632 0.105263 0.105263 0.052632 0.052632 0.052632 0.105263 0.052632 0.052632 0.105263 0.052632 0.000000 0.000000 0.000000 0.000000 0.000000 0.000000
0.052632 0.052632 0.052632 0.052632 0.052632 0.105263 0.052632 0.052632 0.052632 0.052632 0.052632 0.052632 0.052632 0.052632 0.157895 0.052632 0.000000 0.000000 0.000000 0.000000 0.000000
0.058824 0.058824 0.058824 0.058824 0.058824 0.058824 0.058824 0.058824 0.058824 0.058824 0.058824 0.058824 0.058824 0.058824 0.058824 0.058824 0.058824 0.000000 0.000000 0.000000 0.000000
0.052632 0.052632 0.052632 0.052632 0.052632 0.052632 0.052632 0.052632 0.052632 0.052632 0.052632 0.105263 0.052632 0.052632 0.052632 0.052632 0.052632 0.052632 0.000000 0.000000 0.000000
0.047619 0.047619 0.047619 0.047619 0.047619 0.047619 0.047619 0.047619 0.047619 0.047619 0.047619 0.047619 0.047619 0.047619 0.095238 0.047619 0.047619 0.095238 0.047619 0.000000 0.000000
0.050000 0.050000 0.050000 0.050000 0.050000 0.050000 0.050000 0.050000 0.050000 0.050000 0.050000 0.050000 0.050000 0.050000 0.050000 0.050000 0.050000 0.050000 0.050000 0.050000 0.000000
0.047619 0.047619 0.047619 0.047619 0.047619 0.047619 0.047619 0.047619 0.047619 0.047619 0.047619 0.047619 0.047619 0.047619 0.047619 0.047619 0.047619 0.047619 0.047619 0.047619 0.047619
# New slice
0.080645 0.354839 0.145161 0.145161 0.016129 0.016129 0.016129 0.016129 0.016129 0.016129 0.016129 0.016129 0.016129 0.016129 0.016129 0.016129 0.016129 0.016129 0.016129 0.016129 0.016129
0.000000 0.093750 0.265625 0.234375 0.062500 0.078125 0.046875 0.015625 0.015625 0.015625 0.015625 0.015625 0.015625 0.015625 0.015625 0.015625 0.015625 0.015625 0.015625 0.015625 0.015625
0.000000 0.000000 0.123077 0.353846 0.184615 0.092308 0.030769 0.015385 0.015385 0.015385 0.015385 0.015385 0.015385 0.015385 0.015385 0.015385 0.015385 0.015385 0.015385 0.015385 0.015385
0.000000 0.000000 0.034091 0.079545 0.272727 0.227273 0.181818 0.045455 0.011364 0.022727 0.011364 0.011364 0.011364 0.011364 0.011364 0.011364 0.011364 0.011364 0.011364 0.011364 0.011364
0.000000 0.000000 0.000000 0.047059 0.105882 0.282353 0.258824 0.117647 0.047059 0.011765 0.011765 0.011765 0.011765 0.011765 0.011765 0.011765 0.011765 0.011765 0.011765 0.011765 0.011765
0.000000 0.000000 0.000000 0.059322 0.076271 0.135593 0.322034 0.194915 0.101695 0.016949 0.008475 0.008475 0.008475 0.008475 0.008475 0.008475 0.008475 0.008475 0.008475 0.008475 0.008475
0.000000 0.000000 0.000000 0.041237 0.061856 0.092784 0.082474 0.329897 0.206186 0.051546 0.030928 0.010309 0.010309 0.010309 0.010309 0.010309 0.010309 0.010309 0.010309 0.010309 0.010309
0.000000 0.000000 0.000000 0.023810 0.059524 0.035714 0.107143 0.059524 0.321429 0.178571 0.059524 0.035714 0.023810 0.011905 0.011905 0.011905 0.011905 0.011905 0.011905 0.011905 0.011905
0.000000 0.000000 0.000000 0.000000 0.000000 0.108696 0.043478 0.065217 0.065217 0.304348 0.108696 0.065217 0.065217 0.021739 0.021739 0.021739 0.021739 0.021739 0.021739 0.021739 0.021739
0.000000 0.000000 0.000000 0.000000 0.019231 0.019231 0.115385 0.038462 0.038462 0.096154 0.250000 0.173077 0.096154 0.019231 0.019231 0.019231 0.019231 0.019231 0.019231 0.019231 0.019231
0.000000 0.000000 0.000000 0.000000 0.000000 0.032258 0.096774 0.096774 0.064516 0.032258 0.096774 0.129032 0.129032 0.064516 0.064516 0.032258 0.032258 0.032258 0.032258 0.032258 0.032258
0.000000 0.000000 0.000000 0.047619 0.000000 0.000000 0.000000 0.047619 0.000000 0.000000 0.047619 0.095238 0.190476 0.190476 0.047619 0.095238 0.047619 0.047619 0.047619 0.047619 0.047619
0.000000 0.000000 0.000000 0.000000 0.000000 0.000000 0.000000 0.000000 0.090909 0.000000 0.000000 0.000000 0.181818 0.181818 0.227273 0.090909 0.045455 0.045455 0.045455 0.045455 0.045455
0.000000 0.000000 0.000000 0.000000 0.000000 0.000000 0.000000 0.000000 0.000000 0.000000 0.076923 0.000000 0.000000 0.076923 0.307692 0.153846 0.076923 0.076923 0.076923 0.076923 0.076923
0.000000 0.000000 0.000000 0.000000 0.000000 0.000000 0.000000 0.083333 0.000000 0.000000 0.083333 0.000000 0.000000 0.083333 0.083333 0.250000 0.083333 0.083333 0.083333 0.083333 0.083333
0.000000 0.000000 0.000000 0.000000 0.000000 0.000000 0.000000 0.000000 0.125000 0.000000 0.000000 0.000000 0.000000 0.000000 0.000000 0.125000 0.125000 0.125000 0.250000 0.125000 0.125000
0.000000 0.000000 0.000000 0.000000 0.000000 0.000000 0.000000 0.000000 0.000000 0.000000 0.000000 0.000000 0.000000 0.000000 0.000000 0.000000 0.285714 0.142857 0.285714 0.142857 0.142857
0.000000 0.000000 0.000000 0.000000 0.000000 0.000000 0.000000 0.000000 0.000000 0.000000 0.000000 0.000000 0.000000 0.000000 0.000000 0.000000 0.000000 0.250000 0.250000 0.250000 0.250000
0.000000 0.000000 0.000000 0.000000 0.000000 0.000000 0.000000 0.000000 0.000000 0.000000 0.000000 0.000000 0.000000 0.000000 0.000000 0.000000 0.000000 0.000000 0.333333 0.333333 0.333333
0.000000 0.000000 0.000000 0.000000 0.000000 0.000000 0.000000 0.000000 0.000000 0.000000 0.000000 0.000000 0.000000 0.000000 0.000000 0.000000 0.000000 0.000000 0.000000 0.500000 0.500000
0.000000 0.000000 0.000000 0.000000 0.000000 0.000000 0.000000 0.000000 0.000000 0.000000 0.000000 0.000000 0.000000 0.000000 0.000000 0.000000 0.000000 0.000000 0.000000 0.000000 1.000000
# New slice
1.000000 0.000000 0.000000 0.000000 0.000000 0.000000 0.000000 0.000000 0.000000 0.000000 0.000000 0.000000 0.000000 0.000000 0.000000 0.000000 0.000000 0.000000 0.000000 0.000000 0.000000
0.869565 0.130435 0.000000 0.000000 0.000000 0.000000 0.000000 0.000000 0.000000 0.000000 0.000000 0.000000 0.000000 0.000000 0.000000 0.000000 0.000000 0.000000 0.000000 0.000000 0.000000
0.419355 0.516129 0.064516 0.000000 0.000000 0.000000 0.000000 0.000000 0.000000 0.000000 0.000000 0.000000 0.000000 0.000000 0.000000 0.000000 0.000000 0.000000 0.000000 0.000000 0.000000
0.212121 0.303030 0.393939 0.090909 0.000000 0.000000 0.000000 0.000000 0.000000 0.000000 0.000000 0.000000 0.000000 0.000000 0.000000 0.000000 0.000000 0.000000 0.000000 0.000000 0.000000
0.096774 0.258065 0.258065 0.354839 0.032258 0.000000 0.000000 0.000000 0.000000 0.000000 0.000000 0.000000 0.000000 0.000000 0.000000 0.000000 0.000000 0.000000 0.000000 0.000000 0.000000
0.058824 0.058824 0.205882 0.294118 0.294118 0.088235 0.000000 0.000000 0.000000 0.000000 0.000000 0.000000 0.000000 0.000000 0.000000 0.000000 0.000000 0.000000 0.000000 0.000000 0.000000
0.028571 0.085714 0.114286 0.142857 0.200000 0.371429 0.057143 0.000000 0.000000 0.000000 0.000000 0.000000 0.000000 0.000000 0.000000 0.000000 0.000000 0.000000 0.000000 0.000000 0.000000
0.026316 0.026316 0.052632 0.052632 0.236842 0.289474 0.236842 0.078947 0.000000 0.000000 0.000000 0.000000 0.000000 0.000000 0.000000 0.000000 0.000000 0.000000 0.000000 0.000000 0.000000
0.027778 0.027778 0.055556 0.083333 0.194444 0.055556 0.277778 0.222222 0.055556 0.000000 0.000000 0.000000 0.000000 0.000000 0.000000 0.000000 0.000000 0.000000 0.000000 0.000000 0.000000
0.047619 0.047619 0.047619 0.047619 0.047619 0.142857 0.190476 0.142857 0.238095 0.047619 0.000000 0.000000 0.000000 0.000000 0.000000 0.000000 0.000000 0.000000 0.000000 0.000000 0.000000
0.050000 0.050000 0.050000 0.050000 0.050000 0.100000 0.050000 0.200000 0.250000 0.100000 0.050000 0.000000 0.000000 0.000000 0.000000 0.000000 0.000000 0.000000 0.000000 0.000000 0.000000
0.043478 0.043478 0.043478 0.043478 0.086957 0.086957 0.086957 0.086957 0.086957 0.217391 0.130435 0.043478 0.000000 0.000000 0.000000 0.000000 0.000000 0.000000 0.000000 0.000000 0.000000
0.027027 0.027027 0.054054 0.027027 0.081081 0.054054 0.054054 0.081081 0.135135 0.108108 0.108108 0.189189 0.054054 0.000000 0.000000 0.000000 0.000000 0.000000 0.000000 0.000000 0.000000
0.062500 0.062500 0.062500 0.062500 0.062500 0.062500 0.125000 0.062500 0.125000 0.062500 0.062500 0.062500 0.062500 0.062500 0.000000 0.000000 0.000000 0.000000 0.000000 0.000000 0.000000
0.052632 0.052632 0.052632 0.052632 0.052632 0.105263 0.052632 0.052632 0.052632 0.052632 0.105263 0.052632 0.052632 0.157895 0.052632 0.000000 0.000000 0.000000 0.000000 0.000000 0.000000
0.055556 0.055556 0.055556 0.055556 0.055556 0.055556 0.055556 0.055556 0.055556 0.055556 0.055556 0.055556 0.111111 0.055556 0.111111 0.055556 0.000000 0.000000 0.000000 0.000000 0.000000
0.052632 0.052632 0.052632 0.052632 0.052632 0.052632 0.052632 0.052632 0.052632 0.052632 0.052632 0.052632 0.105263 0.105263 0.052632 0.052632 0.052632 0.000000 0.000000 0.000000 0.000000
0.050000 0.050000 0.050000 0.050000 0.050000 0.050000 0.050000 0.050000 0.050000 0.050000 0.050000 0.050000 0.050000 0.050000 0.050000 0.100000 0.100000 0.050000 0.000000 0.000000 0.000000
0.052632 0.052632 0.052632 0.052632 0.052632 0.052632 0.052632 0.052632 0.052632 0.052632 0.052632 0.052632 0.052632 0.052632 0.052632 0.052632 0.052632 0.052632 0.052632 0.000000 0.000000
0.050000 0.050000 0.050000 0.050000 0.050000 0.050000 0.050000 0.050000 0.050000 0.050000 0.050000 0.050000 0.050000 0.050000 0.050000 0.050000 0.050000 0.050000 0.050000 0.050000 0.000000
0.047619 0.047619 0.047619 0.047619 0.047619 0.047619 0.047619 0.047619 0.047619 0.047619 0.047619 0.047619 0.047619 0.047619 0.047619 0.047619 0.047619 0.047619 0.047619 0.047619 0.047619
# New slice
0.202899 0.275362 0.144928 0.115942 0.028986 0.014493 0.014493 0.014493 0.014493 0.014493 0.014493 0.014493 0.014493 0.014493 0.014493 0.014493 0.014493 0.014493 0.014493 0.014493 0.014493
0.000000 0.142857 0.333333 0.190476 0.063492 0.031746 0.015873 0.015873 0.015873 0.015873 0.015873 0.015873 0.015873 0.015873 0.015873 0.015873 0.015873 0.015873 0.015873 0.015873 0.015873
0.000000 0.012048 0.156627 0.361446 0.180723 0.084337 0.024096 0.024096 0.012048 0.012048 0.012048 0.012048 0.012048 0.012048 0.012048 0.012048 0.012048 0.012048 0.012048 0.012048 0.012048
0.000000 0.000000 0.060976 0.134146 0.292683 0.219512 0.097561 0.024390 0.024390 0.012195 0.012195 0.012195 0.012195 0.012195 0.012195 0.012195 0.012195 0.012195 0.012195 0.012195 0.012195
0.000000 0.000000 0.000000 0.062500 0.162500 0.350000 0.150000 0.100000 0.025000 0.012500 0.012500 0.012500 0.012500 0.012500 0.012500 0.012500 0.012500 0.012500 0.012500 0.012500 0.012500
0.000000 0.000000 0.021277 0.063830 0.042553 0.085106 0.308511 0.191489 0.127660 0.042553 0.010638 0.010638 0.010638 0.010638 0.010638 0.010638 0.010638 0.010638 0.010638 0.010638 0.010638
0.000000 0.000000 0.009709 0.019417 0.038835 0.038835 0.155340 0.320388 0.194175 0.097087 0.029126 0.009709 0.009709 0.009709 0.009709 0.009709 0.009709 0.009709 0.009709 0.009709 0.009709
0.000000 0.000000 0.000000 0.010753 0.053763 0.064516 0.064516 0.107527 0.258065 0.225806 0.096774 0.021505 0.010753 0.010753 0.010753 0.010753 0.010753 0.010753 0.010753 0.010753 0.010753
0.000000 0.000000 0.000000 0.000000 0.000000 0.027778 0.055556 0.041667 0.166667 0.250000 0.236111 0.083333 0.027778 0.013889 0.013889 0.013889 0.013889 0.013889 0.013889 0.013889 0.013889
0.000000 0.000000 0.000000 0.000000 0.058824 0.078431 0.039216 0.058824 0.039216 0.039216 0.274510 0.176471 0.078431 0.019608 0.019608 0.019608 0.019608 0.019608 0.019608 0.019608 0.019608
0.000000 0.000000 0.000000 0.017241 0.017241 0.051724 0.051724 0.034483 0.017241 0.034483 0.086207 0.241379 0.206897 0.120690 0.017241 0.017241 0.017241 0.017241 0.017241 0.017241 0.017241
0.000000 0.000000 0.000000 0.000000 0.033333 0.000000 0.066667 0.066667 0.000000 0.000000 0.000000 0.066667 0.300000 0.100000 0.166667 0.033333 0.033333 0.033333 0.033333 0.033333 0.033333
0.000000 0.000000 0.000000 0.000000 0.000000 0.000000 0.000000 0.000000 0.000000 0.000000 0.000000 0.090909 0.090909 0.181818 0.090909 0.090909 0.090909 0.090909 0.090909 0.090909 0.090909
0.000000 0.000000 0.000000 0.000000 0.043478 0.043478 0.000000 0.043478 0.000000 0.000000 0.000000 0.000000 0.086957 0.173913 0.217391 0.086957 0.086957 0.086957 0.043478 0.043478 0.043478
0.000000 0.000000 0.000000 0.000000 0.000000 0.000000 0.000000 0.000000 0.133333 0.066667 0.000000 0.000000 0.066667 0.000000 0.133333 0.200000 0.133333 0.066667 0.066667 0.066667 0.066667
0.000000 0.000000 0.000000 0.000000 0.000000 0.000000 0.000000 0.000000 0.000000 0.000000 0.000000 0.125000 0.000000 0.000000 0.000000 0.125000 0.125000 0.250000 0.125000 0.125000 0.125000
0.000000 0.000000 0.000000 0.000000 0.000000 0.000000 0.000000 0.000000 0.000000 0.000000 0.000000 0.000000 0.000000 0.000000 0.000000 0.000000 0.200000 0.200000 0.200000 0.200000 0.200000
0.000000 0.000000 0.000000 0.000000 0.000000 0.000000 0.000000 0.000000 0.000000 0.000000 0.000000 0.000000 0.000000 0.000000 0.000000 0.000000 0.000000 0.250000 0.250000 0.250000 0.250000
0.000000 0.000000 0.000000 0.000000 0.000000 0.000000 0.000000 0.000000 0.000000 0.000000 0.000000 0.000000 0.000000 0.000000 0.000000 0.000000 0.000000 0.000000 0.333333 0.333333 0.333333
0.000000 0.000000 0.000000 0.000000 0.000000 0.000000 0.000000 0.000000 0.000000 0.000000 0.000000 0.000000 0.000000 0.000000 0.000000 0.000000 0.000000 0.000000 0.000000 0.500000 0.500000
0.000000 0.000000 0.000000 0.000000 0.000000 0.000000 0.000000 0.000000 0.000000 0.000000 0.000000 0.000000 0.000000 0.000000 0.000000 0.000000 0.000000 0.000000 0.000000 0.000000 1.000000
# New slice
