# Array shape: (2, 21, 2)
     0.000      0.000
     0.000      0.000
     0.000  24855.420
     0.000  49030.663
     0.000      0.000
     0.000  53015.920
 32689.038  90165.856
 62579.870 103352.968
 80426.936 112534.592
 83555.577 114620.432
105862.200  84353.284
114812.983 112490.825
 46620.153 125879.061
 56255.483 143994.533
     0.000 134785.855
 55255.579  46891.508
     0.000  49569.109
     0.000      0.000
     0.000      0.000
     0.000      0.000
     0.000      0.000
# New slice
     0.000      0.000
     0.000      0.000
     0.000  48202.099
 40374.895      0.000
 24029.010  73266.666
 23645.115  76205.049
     0.000  89118.679
 52942.228 102518.004
 78108.468  96525.219
 94258.010 114986.874
103792.384 120054.013
101672.059 113376.031
122799.587  97372.715
     0.000 124102.936
     0.000 135892.164
     0.000 133226.794
     0.000 105536.261
     0.000      0.000
     0.000      0.000
     0.000      0.000
     0.000      0.000
# New slice
