# Array shape: (2, 21, 2)
108165.262      0.000
113365.776 201840.133
     0.000 246185.933
176782.432 254363.739
203004.548 267975.707
206632.827 297020.284
244512.792 305327.051
261940.330 302855.820
243840.638 331205.654
272540.168 320286.252
273367.265 309741.364
292926.153 356117.535
281415.992 355063.228
319897.672 327589.370
297611.544 330935.331
294247.329 328155.064
248892.349 347730.451
266675.947 374207.379
318411.055 327616.476
328534.849      0.000
291599.341 317296.946
# New slice
     0.000 232206.155
     0.000 165556.785
     0.000 255097.496
155511.882 259308.558
210344.561 262152.650
184660.046 287227.887
237680.259 296817.222
250578.296 311724.427
255901.528 328299.550
272349.171 350816.200
282909.252 340355.712
281212.808 317884.251
304873.023 353697.904
324071.328 338574.892
326032.829 318170.453
316146.115 342654.060
286751.187 345387.567
294525.029 321942.306
324772.208 317306.256
253245.488 315644.748
324694.050 294948.283
# New slice
