# Array shape: (2, 21, 2)
  2175.801   4120.196
  2224.966   6276.691
  3305.712   7563.751
  4838.261   8295.052
  5572.526  10292.543
  6834.785  10470.619
  8650.731  11927.571
  9393.414  12452.857
  9865.957  13280.261
 10700.982  14634.194
  8260.603  15191.048
 10559.386  15396.151
  5480.668  13434.762
  5860.176  12861.290
  1870.351   6682.981
  4272.797   5039.833
     0.000   5929.378
     0.000   9250.669
     0.000   5231.550
  2819.878      0.000
  6500.202      0.000
# New slice
  2178.229   5343.349
  2326.534   6027.736
  2831.469   8279.078
  4372.948   9086.079
  5812.351   9294.664
  5686.746  11059.422
  8162.791  12378.016
  8302.683  10819.450
 10833.573  13923.392
  9493.338  15114.150
 10072.617  14368.337
  7649.401  14036.062
  6386.577  15310.492
  9595.963  12264.566
  7943.364  13113.922
  7702.584   5629.087
     0.000   8432.767
  2611.221   4973.096
  1225.395   7244.019
  2738.931   3671.757
  6137.695  10686.670
# New slice
