# Array shape: (2, 21, 2)
478979.996 451514.119
     0.000 557638.359
205210.038 515881.765
439027.903 595813.987
247772.497 645198.980
483677.295 618352.558
566228.250 717214.951
562179.465 755600.659
601700.745 762267.626
691456.739 760491.492
729051.096 829002.200
702275.501 763737.911
713102.068 771788.990
710498.853 733623.066
708412.412 573310.483
770516.423 916290.549
     0.000 788883.412
518457.343 848758.286
727270.425 137078.027
538378.392 861122.363
628893.327 1080489.316
# New slice
454200.319 557582.396
498929.089 507769.077
213223.207 513773.967
     0.000 646984.315
314304.755 636142.570
449131.026 674898.839
576294.501 715605.921
641225.655 712987.295
623515.399 765986.568
668587.466 748022.481
688580.062 795441.165
694006.440 733621.361
637600.371 743808.748
739876.420 754834.680
710531.059 694855.179
806424.301 766080.065
670382.072 875689.438
787715.545 391188.095
697347.004 891033.185
304269.534 927073.887
834882.079 907076.828
# New slice
