# Array shape: (2, 21, 2)
     0.000      0.000
     0.000      0.000
     0.000      0.000
     0.000      0.000
     0.000      0.000
     0.000  96625.514
 94785.039 310497.197
124320.505 341836.035
292948.263 392039.654
329600.135 407369.556
347263.194 421144.520
401420.257 328481.507
272382.469 439961.540
     0.000 469404.369
     0.000 410662.028
     0.000      0.000
     0.000      0.000
     0.000      0.000
     0.000      0.000
     0.000      0.000
     0.000      0.000
# New slice
     0.000      0.000
     0.000      0.000
     0.000      0.000
     0.000      0.000
     0.000 210718.616
     0.000 268734.425
     0.000 300583.048
182045.953 355542.186
286703.150 371910.059
293707.359 404274.416
343073.231 448651.559
354062.188 399121.834
355619.658 398521.205
286669.623 438234.866
     0.000 446202.504
     0.000 253327.391
     0.000      0.000
     0.000      0.000
     0.000      0.000
     0.000      0.000
     0.000      0.000
# New slice
