# Array shape: (2, 21, 2)
266618.496 187188.675
 89807.868 265430.492
285650.409 357234.747
193367.059 372771.537
156104.847 388894.745
345212.913 441341.129
367664.189 425650.142
377426.027 469261.268
419091.789 491962.878
374823.049 471418.177
448020.512 443145.349
447511.350 534998.924
432893.088 546848.808
474293.425 561634.581
420225.099 509121.528
460641.626 510119.418
534338.935 533099.747
300887.002 594286.130
520285.614 316391.083
446640.342 426745.682
419406.447 605533.794
# New slice
263475.552 336817.727
275671.792 162747.820
     0.000 333827.315
241766.803 427662.702
349393.589 394836.710
333400.422 426287.273
327986.794 442629.408
400829.768 480752.474
425574.134 487772.648
416325.984 488651.530
447469.727 456505.041
440872.009 529162.604
450605.546 434130.720
422235.292 546791.896
429546.198 542163.198
472015.255 494433.158
503678.669 391111.469
277307.764 514330.786
     0.000 554534.369
296476.454 517148.502
508032.833 458289.064
# New slice
