# Array shape: (2, 21, 2)
     0.000      0.000
     0.000      0.000
     0.000      0.000
     0.000      0.000
     0.000      0.000
     0.000      0.000
     0.000      0.000
     0.000   5347.018
  3362.305   5020.982
  4597.012   6834.394
  5607.019   7075.884
  6255.519   8021.681
  7476.052   7670.804
  7820.625   8687.029
  7781.139   8358.819
  8565.175   8414.259
  8612.617   8364.382
     0.000      0.000
     0.000      0.000
     0.000      0.000
     0.000      0.000
# New slice
     0.000      0.000
     0.000      0.000
     0.000      0.000
     0.000      0.000
     0.000      0.000
     0.000      0.000
     0.000      0.000
     0.000      0.000
  4251.484   4911.983
     0.000   4650.969
     0.000   5057.702
     0.000   8347.430
  6417.770   7363.383
  7210.880   8498.805
  7758.161   8664.472
  8308.271   8809.851
  8479.543   8448.971
     0.000      0.000
     0.000      0.000
     0.000      0.000
     0.000      0.000
# New slice
