# Array shape: (2, 21, 2)
     0.000 151770.101
     0.000 135827.545
134693.910 295003.357
209908.284 220665.317
168391.666 383032.162
287122.439 260145.746
346844.594 457475.408
451404.664 474724.956
501038.278 527412.392
478926.204 647518.829
603954.854 674145.599
642110.821 646712.429
692426.386 675420.601
688693.594 639189.728
534519.560 604228.956
     0.000 430843.684
     0.000      0.000
197835.332      0.000
     0.000      0.000
     0.000      0.000
     0.000      0.000
# New slice
     0.000 101101.311
 51864.757 218019.934
     0.000 241907.188
123525.438 232957.462
     0.000 275155.493
     0.000 266973.394
383801.537 448065.679
385574.788 506399.966
500158.158 589188.260
532396.598 590747.940
576861.149 646742.114
645611.103 533306.635
670742.290 702187.928
682830.932 640412.093
509401.469 602060.258
674326.927 525699.878
     0.000      0.000
     0.000      0.000
     0.000      0.000
     0.000      0.000
     0.000      0.000
# New slice
