# Array shape: (2, 21, 2)
     0.000      0.000
     0.000      0.000
     0.000      0.000
     0.000      0.000
     0.000      0.000
     0.000 826264.813
702171.993 1114385.759
791115.933 940692.479
932206.253 1276510.755
1104091.272 1427396.078
1372958.880 1474937.311
1470274.038 1258223.771
1480051.745 1430890.896
1413007.714 1338342.415
     0.000 1276500.019
     0.000      0.000
     0.000      0.000
     0.000      0.000
     0.000      0.000
     0.000      0.000
     0.000      0.000
# New slice
     0.000      0.000
     0.000      0.000
     0.000      0.000
     0.000      0.000
     0.000      0.000
     0.000 832164.915
     0.000 986491.032
726496.836 1313226.247
1163784.918 1288278.329
1166796.613 1444807.033
1318299.876 1419636.415
1399695.755 1283069.602
1520993.133 1298331.579
1522539.648 1221258.923
     0.000      0.000
     0.000      0.000
     0.000      0.000
     0.000      0.000
     0.000      0.000
     0.000      0.000
     0.000      0.000
# New slice
