# Array shape: (2, 21, 2)
   249.209    387.777
   291.719    886.882
   880.195    998.938
   883.013    651.121
  1150.595    981.752
  1284.583    339.640
   510.203    960.994
     0.000      0.000
     0.000      0.000
     0.000      0.000
     0.000      0.000
     0.000      0.000
     0.000      0.000
     0.000      0.000
     0.000      0.000
     0.000      0.000
     0.000      0.000
     0.000      0.000
     0.000      0.000
     0.000      0.000
     0.000      0.000
# New slice
   174.287    860.553
   299.988    928.600
   570.610   1044.031
   864.606   1099.128
   964.535    369.267
   857.759   -256.278
     0.000   1635.496
   973.713      0.000
     0.000      0.000
     0.000      0.000
     0.000      0.000
     0.000      0.000
     0.000      0.000
     0.000      0.000
     0.000      0.000
     0.000      0.000
     0.000      0.000
     0.000      0.000
     0.000      0.000
     0.000      0.000
     0.000      0.000
# New slice
