# Array shape: (2, 21, 2)
     0.000      0.000
     0.000      0.000
     0.000      0.000
     0.000      0.000
     0.000      0.000
     0.000      0.000
     0.000  15809.922
     0.000      0.000
 12943.172  15319.830
 13796.178  16275.142
 16933.366  18050.289
 15959.672  19013.332
 18508.995  21138.467
 18776.217  20459.720
 19524.913  22233.655
 20363.856  21209.158
 21274.373  22355.811
 21068.827  22619.352
 22708.675  20007.151
 23970.025  17557.727
 23335.124  25424.817
# New slice
     0.000      0.000
     0.000      0.000
     0.000      0.000
     0.000      0.000
     0.000      0.000
     0.000      0.000
     0.000      0.000
     0.000  13630.404
     0.000  18594.737
 15940.822  17522.059
 14166.941  18296.115
     0.000  18623.866
 19206.112  19473.513
 19213.488  21462.812
 21067.347  22132.328
 21384.679  22067.628
 16766.539  19739.568
 22146.575  16860.855
 22774.833  17778.983
 23614.697  23829.211
 21066.010  25226.499
# New slice
