# Array shape: (2, 21, 2)
 32988.165  46361.812
 34615.863  46132.233
 39405.805  54109.285
 43824.880  58653.896
 47097.834  57813.613
 51747.940  59957.190
 54884.136  62189.428
 57050.186  62568.906
 36214.477  54379.991
 61550.613  65114.913
 28904.330  33607.894
 53175.370  36851.416
 61090.825      0.000
     0.000      0.000
     0.000      0.000
     0.000      0.000
     0.000      0.000
     0.000      0.000
     0.000      0.000
     0.000      0.000
     0.000      0.000
# New slice
 37895.617  48080.892
 40061.616  53857.724
 34425.474  59519.561
 48484.837  44075.407
 56339.440  42618.097
 56603.733  60673.331
 50727.464  63539.049
 50213.656  60525.752
     0.000  31604.047
     0.000  29835.230
     0.000  30144.392
     0.000      0.000
     0.000      0.000
     0.000      0.000
     0.000      0.000
     0.000      0.000
     0.000      0.000
     0.000      0.000
     0.000      0.000
     0.000      0.000
     0.000      0.000
# New slice
