# Array shape: (2, 21, 2)
     0.000  41016.006
 22121.500  53454.975
 40959.116  60158.406
 51677.380  62637.350
 58915.559  67345.100
 57730.786  64909.773
 50672.924  64819.285
 69142.147  73628.092
 45902.163  73569.708
 71729.783  73828.564
 56177.427  73259.791
 59924.006  22492.115
 35494.078  53940.763
     0.000      0.000
     0.000      0.000
     0.000      0.000
     0.000      0.000
     0.000      0.000
     0.000      0.000
     0.000      0.000
     0.000      0.000
# New slice
 22428.302  39404.166
 36109.766  60251.857
 41806.694  57485.289
 47767.257  63602.293
 60101.124  67816.242
 59519.667  67586.530
 67202.754  72063.606
 53675.633  70995.421
 63610.684  70564.744
 73376.871  67391.060
 37143.336  72490.337
 57375.150  62599.406
 28476.530  27333.993
     0.000  27895.274
     0.000      0.000
     0.000      0.000
     0.000      0.000
     0.000      0.000
     0.000      0.000
     0.000      0.000
     0.000      0.000
# New slice
