# Array shape: (2, 21, 2)
707355.586 3828634.975
3135542.679 3802285.298
3208770.279 3768218.380
3737621.249 3891874.300
3719362.029 3806024.988
2834000.067 3502295.473
2334379.298 3569874.583
3064288.658      0.000
     0.000      0.000
     0.000      0.000
     0.000      0.000
     0.000      0.000
     0.000      0.000
     0.000      0.000
     0.000      0.000
     0.000      0.000
     0.000      0.000
     0.000      0.000
     0.000      0.000
     0.000      0.000
     0.000      0.000
# New slice
3196644.347 3142288.822
3452826.371 3849461.300
3641153.068 3721867.062
3666059.015 3790149.942
3677645.749 3264222.107
3792237.930 2830849.123
     0.000 3075143.046
     0.000 3155124.075
     0.000 2722127.416
     0.000      0.000
     0.000      0.000
     0.000      0.000
     0.000      0.000
     0.000      0.000
     0.000      0.000
     0.000      0.000
     0.000      0.000
     0.000      0.000
     0.000      0.000
     0.000      0.000
     0.000      0.000
# New slice
