# Array shape: (2, 2, 21, 21)
1.000000 0.000000 0.000000 0.000000 0.000000 0.000000 0.000000 0.000000 0.000000 0.000000 0.000000 0.000000 0.000000 0.000000 0.000000 0.000000 0.000000 0.000000 0.000000 0.000000 0.000000
0.666667 0.333333 0.000000 0.000000 0.000000 0.000000 0.000000 0.000000 0.000000 0.000000 0.000000 0.000000 0.000000 0.000000 0.000000 0.000000 0.000000 0.000000 0.000000 0.000000 0.000000
0.500000 0.250000 0.250000 0.000000 0.000000 0.000000 0.000000 0.000000 0.000000 0.000000 0.000000 0.000000 0.000000 0.000000 0.000000 0.000000 0.000000 0.000000 0.000000 0.000000 0.000000
0.500000 0.250000 0.125000 0.125000 0.000000 0.000000 0.000000 0.000000 0.000000 0.000000 0.000000 0.000000 0.000000 0.000000 0.000000 0.000000 0.000000 0.000000 0.000000 0.000000 0.000000
0.166667 0.166667 0.416667 0.166667 0.083333 0.000000 0.000000 0.000000 0.000000 0.000000 0.000000 0.000000 0.000000 0.000000 0.000000 0.000000 0.000000 0.000000 0.000000 0.000000 0.000000
0.133333 0.200000 0.266667 0.200000 0.133333 0.066667 0.000000 0.000000 0.000000 0.000000 0.000000 0.000000 0.000000 0.000000 0.000000 0.000000 0.000000 0.000000 0.000000 0.000000 0.000000
0.040000 0.080000 0.160000 0.320000 0.240000 0.120000 0.040000 0.000000 0.000000 0.000000 0.000000 0.000000 0.000000 0.000000 0.000000 0.000000 0.000000 0.000000 0.000000 0.000000 0.000000
0.040000 0.040000 0.160000 0.080000 0.320000 0.240000 0.080000 0.040000 0.000000 0.000000 0.000000 0.000000 0.000000 0.000000 0.000000 0.000000 0.000000 0.000000 0.000000 0.000000 0.000000
0.040000 0.040000 0.080000 0.080000 0.120000 0.160000 0.240000 0.200000 0.040000 0.000000 0.000000 0.000000 0.000000 0.000000 0.000000 0.000000 0.000000 0.000000 0.000000 0.000000 0.000000
0.037037 0.037037 0.037037 0.037037 0.185185 0.148148 0.111111 0.296296 0.074074 0.037037 0.000000 0.000000 0.000000 0.000000 0.000000 0.000000 0.000000 0.000000 0.000000 0.000000 0.000000
0.047619 0.047619 0.047619 0.047619 0.095238 0.095238 0.238095 0.095238 0.190476 0.047619 0.047619 0.000000 0.000000 0.000000 0.000000 0.000000 0.000000 0.000000 0.000000 0.000000 0.000000
0.037037 0.037037 0.037037 0.037037 0.074074 0.111111 0.111111 0.074074 0.222222 0.148148 0.074074 0.037037 0.000000 0.000000 0.000000 0.000000 0.000000 0.000000 0.000000 0.000000 0.000000
0.040000 0.040000 0.040000 0.040000 0.040000 0.040000 0.120000 0.040000 0.120000 0.160000 0.120000 0.160000 0.040000 0.000000 0.000000 0.000000 0.000000 0.000000 0.000000 0.000000 0.000000
0.043478 0.043478 0.043478 0.043478 0.043478 0.043478 0.043478 0.043478 0.086957 0.086957 0.173913 0.173913 0.086957 0.043478 0.000000 0.000000 0.000000 0.000000 0.000000 0.000000 0.000000
0.052632 0.052632 0.052632 0.052632 0.052632 0.052632 0.052632 0.157895 0.052632 0.052632 0.052632 0.105263 0.052632 0.105263 0.052632 0.000000 0.000000 0.000000 0.000000 0.000000 0.000000
0.047619 0.047619 0.047619 0.047619 0.047619 0.047619 0.047619 0.095238 0.047619 0.142857 0.047619 0.047619 0.095238 0.095238 0.047619 0.047619 0.000000 0.000000 0.000000 0.000000 0.000000
0.050000 0.050000 0.050000 0.050000 0.050000 0.050000 0.050000 0.050000 0.050000 0.100000 0.050000 0.100000 0.050000 0.050000 0.050000 0.100000 0.050000 0.000000 0.000000 0.000000 0.000000
0.050000 0.050000 0.050000 0.050000 0.050000 0.050000 0.050000 0.050000 0.050000 0.050000 0.050000 0.050000 0.150000 0.050000 0.050000 0.050000 0.050000 0.050000 0.000000 0.000000 0.000000
0.047619 0.047619 0.047619 0.047619 0.047619 0.047619 0.047619 0.047619 0.047619 0.047619 0.047619 0.047619 0.047619 0.095238 0.047619 0.095238 0.047619 0.047619 0.047619 0.000000 0.000000
0.050000 0.050000 0.050000 0.050000 0.050000 0.050000 0.050000 0.050000 0.050000 0.050000 0.050000 0.050000 0.050000 0.050000 0.050000 0.050000 0.050000 0.050000 0.050000 0.050000 0.000000
0.045455 0.045455 0.045455 0.045455 0.045455 0.045455 0.045455 0.045455 0.045455 0.045455 0.045455 0.045455 0.045455 0.045455 0.045455 0.045455 0.045455 0.045455 0.045455 0.045455 0.090909
# New slice
0.129032 0.161290 0.129032 0.032258 0.032258 0.032258 0.032258 0.032258 0.032258 0.032258 0.032258 0.032258 0.032258 0.032258 0.032258 0.032258 0.032258 0.032258 0.032258 0.032258 0.032258
0.000000 0.074074 0.148148 0.148148 0.037037 0.037037 0.037037 0.037037 0.037037 0.037037 0.037037 0.037037 0.037037 0.037037 0.037037 0.037037 0.037037 0.037037 0.037037 0.037037 0.037037
0.000000 0.028571 0.028571 0.200000 0.228571 0.057143 0.057143 0.028571 0.028571 0.028571 0.028571 0.028571 0.028571 0.028571 0.028571 0.028571 0.028571 0.028571 0.028571 0.028571 0.028571
0.000000 0.000000 0.024390 0.097561 0.219512 0.195122 0.121951 0.024390 0.024390 0.024390 0.024390 0.024390 0.024390 0.024390 0.024390 0.024390 0.024390 0.024390 0.024390 0.024390 0.024390
0.000000 0.000000 0.000000 0.057692 0.076923 0.269231 0.269231 0.057692 0.038462 0.019231 0.019231 0.019231 0.019231 0.019231 0.019231 0.019231 0.019231 0.019231 0.019231 0.019231 0.019231
0.000000 0.000000 0.000000 0.000000 0.032258 0.064516 0.354839 0.193548 0.145161 0.032258 0.016129 0.016129 0.016129 0.016129 0.016129 0.016129 0.016129 0.016129 0.016129 0.016129 0.016129
0.000000 0.000000 0.000000 0.013333 0.013333 0.080000 0.053333 0.253333 0.293333 0.133333 0.026667 0.013333 0.013333 0.013333 0.013333 0.013333 0.013333 0.013333 0.013333 0.013333 0.013333
0.000000 0.000000 0.000000 0.011364 0.034091 0.034091 0.090909 0.113636 0.272727 0.170455 0.125000 0.022727 0.034091 0.011364 0.011364 0.011364 0.011364 0.011364 0.011364 0.011364 0.011364
0.000000 0.000000 0.000000 0.000000 0.024691 0.024691 0.049383 0.000000 0.123457 0.259259 0.185185 0.148148 0.086420 0.012346 0.012346 0.012346 0.012346 0.012346 0.012346 0.012346 0.012346
0.000000 0.000000 0.000000 0.000000 0.000000 0.029703 0.019802 0.069307 0.108911 0.178218 0.178218 0.198020 0.118812 0.029703 0.009901 0.009901 0.009901 0.009901 0.009901 0.009901 0.009901
0.000000 0.000000 0.000000 0.000000 0.000000 0.034091 0.034091 0.079545 0.079545 0.079545 0.079545 0.204545 0.159091 0.113636 0.045455 0.034091 0.011364 0.011364 0.011364 0.011364 0.011364
0.000000 0.000000 0.000000 0.000000 0.000000 0.010526 0.042105 0.063158 0.063158 0.063158 0.073684 0.136842 0.189474 0.157895 0.084211 0.063158 0.010526 0.010526 0.010526 0.010526 0.010526
0.000000 0.000000 0.000000 0.000000 0.000000 0.000000 0.024096 0.024096 0.048193 0.072289 0.084337 0.072289 0.108434 0.156627 0.204819 0.108434 0.036145 0.024096 0.012048 0.012048 0.012048
0.000000 0.000000 0.000000 0.000000 0.000000 0.000000 0.017241 0.034483 0.000000 0.034483 0.051724 0.068966 0.086207 0.120690 0.172414 0.189655 0.155172 0.017241 0.017241 0.017241 0.017241
0.000000 0.000000 0.000000 0.000000 0.000000 0.023256 0.000000 0.000000 0.000000 0.046512 0.000000 0.046512 0.093023 0.069767 0.093023 0.232558 0.232558 0.093023 0.023256 0.023256 0.023256
0.000000 0.000000 0.000000 0.000000 0.000000 0.025000 0.000000 0.025000 0.000000 0.000000 0.025000 0.100000 0.100000 0.050000 0.075000 0.025000 0.175000 0.225000 0.125000 0.025000 0.025000
0.000000 0.000000 0.000000 0.000000 0.000000 0.000000 0.000000 0.000000 0.000000 0.031250 0.031250 0.062500 0.062500 0.062500 0.062500 0.093750 0.125000 0.125000 0.187500 0.125000 0.031250
0.000000 0.000000 0.000000 0.000000 0.000000 0.000000 0.000000 0.000000 0.000000 0.000000 0.000000 0.058824 0.117647 0.000000 0.058824 0.000000 0.117647 0.176471 0.235294 0.058824 0.176471
0.000000 0.000000 0.000000 0.000000 0.000000 0.000000 0.000000 0.000000 0.000000 0.000000 0.000000 0.000000 0.000000 0.000000 0.000000 0.000000 0.000000 0.076923 0.153846 0.307692 0.461538
0.000000 0.000000 0.000000 0.000000 0.000000 0.000000 0.000000 0.000000 0.000000 0.000000 0.000000 0.000000 0.100000 0.000000 0.000000 0.000000 0.000000 0.200000 0.100000 0.300000 0.300000
0.000000 0.000000 0.000000 0.000000 0.000000 0.000000 0.000000 0.000000 0.000000 0.000000 0.000000 0.000000 0.000000 0.000000 0.076923 0.000000 0.076923 0.000000 0.076923 0.153846 0.615385
# New slice
1.000000 0.000000 0.000000 0.000000 0.000000 0.000000 0.000000 0.000000 0.000000 0.000000 0.000000 0.000000 0.000000 0.000000 0.000000 0.000000 0.000000 0.000000 0.000000 0.000000 0.000000
0.750000 0.250000 0.000000 0.000000 0.000000 0.000000 0.000000 0.000000 0.000000 0.000000 0.000000 0.000000 0.000000 0.000000 0.000000 0.000000 0.000000 0.000000 0.000000 0.000000 0.000000
0.333333 0.333333 0.333333 0.000000 0.000000 0.000000 0.000000 0.000000 0.000000 0.000000 0.000000 0.000000 0.000000 0.000000 0.000000 0.000000 0.000000 0.000000 0.000000 0.000000 0.000000
0.250000 0.166667 0.500000 0.083333 0.000000 0.000000 0.000000 0.000000 0.000000 0.000000 0.000000 0.000000 0.000000 0.000000 0.000000 0.000000 0.000000 0.000000 0.000000 0.000000 0.000000
0.111111 0.333333 0.111111 0.333333 0.111111 0.000000 0.000000 0.000000 0.000000 0.000000 0.000000 0.000000 0.000000 0.000000 0.000000 0.000000 0.000000 0.000000 0.000000 0.000000 0.000000
0.083333 0.083333 0.333333 0.333333 0.083333 0.083333 0.000000 0.000000 0.000000 0.000000 0.000000 0.000000 0.000000 0.000000 0.000000 0.000000 0.000000 0.000000 0.000000 0.000000 0.000000
0.071429 0.071429 0.142857 0.071429 0.285714 0.285714 0.071429 0.000000 0.000000 0.000000 0.000000 0.000000 0.000000 0.000000 0.000000 0.000000 0.000000 0.000000 0.000000 0.000000 0.000000
0.045455 0.045455 0.045455 0.090909 0.272727 0.181818 0.272727 0.045455 0.000000 0.000000 0.000000 0.000000 0.000000 0.000000 0.000000 0.000000 0.000000 0.000000 0.000000 0.000000 0.000000
0.043478 0.043478 0.043478 0.130435 0.130435 0.347826 0.086957 0.130435 0.043478 0.000000 0.000000 0.000000 0.000000 0.000000 0.000000 0.000000 0.000000 0.000000 0.000000 0.000000 0.000000
0.047619 0.047619 0.047619 0.047619 0.047619 0.190476 0.142857 0.190476 0.190476 0.047619 0.000000 0.000000 0.000000 0.000000 0.000000 0.000000 0.000000 0.000000 0.000000 0.000000 0.000000
0.050000 0.050000 0.050000 0.050000 0.100000 0.050000 0.150000 0.250000 0.100000 0.100000 0.050000 0.000000 0.000000 0.000000 0.000000 0.000000 0.000000 0.000000 0.000000 0.000000 0.000000
0.043478 0.043478 0.043478 0.043478 0.043478 0.043478 0.086957 0.173913 0.086957 0.217391 0.130435 0.043478 0.000000 0.000000 0.000000 0.000000 0.000000 0.000000 0.000000 0.000000 0.000000
0.043478 0.043478 0.043478 0.043478 0.043478 0.043478 0.086957 0.130435 0.086957 0.043478 0.217391 0.130435 0.043478 0.000000 0.000000 0.000000 0.000000 0.000000 0.000000 0.000000 0.000000
0.017544 0.017544 0.017544 0.017544 0.052632 0.052632 0.070175 0.052632 0.105263 0.122807 0.140351 0.210526 0.105263 0.017544 0.000000 0.000000 0.000000 0.000000 0.000000 0.000000 0.000000
0.043478 0.043478 0.043478 0.043478 0.043478 0.043478 0.043478 0.086957 0.043478 0.043478 0.086957 0.217391 0.130435 0.043478 0.043478 0.000000 0.000000 0.000000 0.000000 0.000000 0.000000
0.052632 0.052632 0.052632 0.052632 0.052632 0.052632 0.052632 0.052632 0.105263 0.105263 0.052632 0.052632 0.105263 0.052632 0.052632 0.052632 0.000000 0.000000 0.000000 0.000000 0.000000
0.025000 0.025000 0.025000 0.025000 0.025000 0.050000 0.025000 0.025000 0.025000 0.075000 0.025000 0.050000 0.225000 0.150000 0.125000 0.075000 0.025000 0.000000 0.000000 0.000000 0.000000
0.047619 0.047619 0.047619 0.047619 0.047619 0.047619 0.047619 0.047619 0.047619 0.047619 0.047619 0.047619 0.047619 0.047619 0.095238 0.047619 0.142857 0.047619 0.000000 0.000000 0.000000
0.050000 0.050000 0.050000 0.050000 0.050000 0.050000 0.050000 0.050000 0.050000 0.050000 0.050000 0.050000 0.050000 0.050000 0.100000 0.050000 0.050000 0.050000 0.050000 0.000000 0.000000
0.047619 0.047619 0.047619 0.047619 0.047619 0.047619 0.047619 0.047619 0.047619 0.047619 0.047619 0.047619 0.047619 0.047619 0.095238 0.047619 0.047619 0.047619 0.047619 0.047619 0.000000
0.031250 0.031250 0.031250 0.031250 0.031250 0.031250 0.031250 0.031250 0.031250 0.031250 0.031250 0.031250 0.031250 0.093750 0.062500 0.062500 0.093750 0.031250 0.125000 0.093750 0.031250
# New slice
0.076923 0.115385 0.076923 0.076923 0.038462 0.038462 0.038462 0.038462 0.038462 0.038462 0.038462 0.038462 0.038462 0.038462 0.038462 0.038462 0.038462 0.038462 0.038462 0.038462 0.038462
0.000000 0.038462 0.115385 0.153846 0.038462 0.076923 0.038462 0.038462 0.038462 0.038462 0.038462 0.038462 0.038462 0.038462 0.038462 0.038462 0.038462 0.038462 0.038462 0.038462 0.038462
0.000000 0.000000 0.028571 0.171429 0.200000 0.085714 0.114286 0.028571 0.028571 0.028571 0.028571 0.028571 0.028571 0.028571 0.028571 0.028571 0.028571 0.028571 0.028571 0.028571 0.028571
0.000000 0.000000 0.000000 0.171429 0.200000 0.114286 0.085714 0.028571 0.057143 0.028571 0.028571 0.028571 0.028571 0.028571 0.028571 0.028571 0.028571 0.028571 0.028571 0.028571 0.028571
0.000000 0.000000 0.000000 0.019231 0.076923 0.250000 0.269231 0.057692 0.076923 0.038462 0.019231 0.019231 0.019231 0.019231 0.019231 0.019231 0.019231 0.019231 0.019231 0.019231 0.019231
0.000000 0.000000 0.000000 0.000000 0.016393 0.049180 0.245902 0.311475 0.131148 0.065574 0.016393 0.016393 0.016393 0.016393 0.016393 0.016393 0.016393 0.016393 0.016393 0.016393 0.016393
0.000000 0.000000 0.000000 0.000000 0.012195 0.048780 0.134146 0.231707 0.219512 0.182927 0.048780 0.012195 0.012195 0.012195 0.012195 0.012195 0.012195 0.012195 0.012195 0.012195 0.012195
0.000000 0.000000 0.000000 0.000000 0.037500 0.012500 0.025000 0.112500 0.212500 0.312500 0.100000 0.062500 0.025000 0.012500 0.012500 0.012500 0.012500 0.012500 0.012500 0.012500 0.012500
0.000000 0.000000 0.000000 0.000000 0.000000 0.009259 0.064815 0.083333 0.138889 0.231481 0.212963 0.129630 0.055556 0.009259 0.009259 0.009259 0.009259 0.009259 0.009259 0.009259 0.009259
0.000000 0.000000 0.000000 0.000000 0.000000 0.000000 0.000000 0.079208 0.079208 0.138614 0.198020 0.257426 0.128713 0.039604 0.019802 0.009901 0.009901 0.009901 0.009901 0.009901 0.009901
0.000000 0.000000 0.000000 0.000000 0.000000 0.000000 0.028986 0.086957 0.086957 0.086957 0.072464 0.188406 0.159420 0.144928 0.057971 0.014493 0.014493 0.014493 0.014493 0.014493 0.014493
0.000000 0.000000 0.000000 0.000000 0.000000 0.012658 0.025316 0.037975 0.037975 0.101266 0.088608 0.075949 0.215190 0.189873 0.088608 0.050633 0.025316 0.012658 0.012658 0.012658 0.012658
0.000000 0.000000 0.000000 0.000000 0.015385 0.000000 0.000000 0.000000 0.015385 0.015385 0.015385 0.138462 0.107692 0.292308 0.200000 0.046154 0.076923 0.030769 0.015385 0.015385 0.015385
0.000000 0.000000 0.000000 0.000000 0.000000 0.000000 0.000000 0.000000 0.058824 0.000000 0.000000 0.058824 0.000000 0.176471 0.235294 0.117647 0.117647 0.058824 0.058824 0.058824 0.058824
0.000000 0.000000 0.000000 0.000000 0.000000 0.000000 0.000000 0.025000 0.025000 0.075000 0.050000 0.100000 0.025000 0.075000 0.050000 0.125000 0.275000 0.100000 0.025000 0.025000 0.025000
0.000000 0.000000 0.000000 0.000000 0.000000 0.000000 0.000000 0.000000 0.045455 0.000000 0.045455 0.045455 0.136364 0.045455 0.000000 0.136364 0.272727 0.136364 0.045455 0.045455 0.045455
0.000000 0.000000 0.000000 0.000000 0.000000 0.000000 0.000000 0.000000 0.000000 0.000000 0.000000 0.111111 0.111111 0.000000 0.000000 0.000000 0.111111 0.111111 0.222222 0.111111 0.222222
0.000000 0.000000 0.000000 0.000000 0.000000 0.000000 0.000000 0.000000 0.000000 0.000000 0.076923 0.000000 0.000000 0.076923 0.000000 0.076923 0.076923 0.076923 0.307692 0.153846 0.153846
0.000000 0.000000 0.000000 0.000000 0.000000 0.000000 0.000000 0.000000 0.000000 0.000000 0.000000 0.000000 0.083333 0.000000 0.083333 0.166667 0.000000 0.000000 0.083333 0.166667 0.416667
0.000000 0.000000 0.000000 0.000000 0.000000 0.000000 0.000000 0.000000 0.000000 0.000000 0.000000 0.000000 0.125000 0.000000 0.125000 0.125000 0.000000 0.125000 0.000000 0.250000 0.250000
0.000000 0.000000 0.000000 0.000000 0.000000 0.000000 0.000000 0.000000 0.000000 0.000000 0.000000 0.000000 0.000000 0.000000 0.000000 0.000000 0.000000 0.000000 0.000000 0.000000 1.000000
# New slice
