# Array shape: (2, 2, 21, 21)
1.000000 0.000000 0.000000 0.000000 0.000000 0.000000 0.000000 0.000000 0.000000 0.000000 0.000000 0.000000 0.000000 0.000000 0.000000 0.000000 0.000000 0.000000 0.000000 0.000000 0.000000
0.875000 0.125000 0.000000 0.000000 0.000000 0.000000 0.000000 0.000000 0.000000 0.000000 0.000000 0.000000 0.000000 0.000000 0.000000 0.000000 0.000000 0.000000 0.000000 0.000000 0.000000
0.538462 0.384615 0.076923 0.000000 0.000000 0.000000 0.000000 0.000000 0.000000 0.000000 0.000000 0.000000 0.000000 0.000000 0.000000 0.000000 0.000000 0.000000 0.000000 0.000000 0.000000
0.226190 0.559524 0.202381 0.011905 0.000000 0.000000 0.000000 0.000000 0.000000 0.000000 0.000000 0.000000 0.000000 0.000000 0.000000 0.000000 0.000000 0.000000 0.000000 0.000000 0.000000
0.157895 0.263158 0.368421 0.157895 0.052632 0.000000 0.000000 0.000000 0.000000 0.000000 0.000000 0.000000 0.000000 0.000000 0.000000 0.000000 0.000000 0.000000 0.000000 0.000000 0.000000
0.050000 0.200000 0.150000 0.400000 0.150000 0.050000 0.000000 0.000000 0.000000 0.000000 0.000000 0.000000 0.000000 0.000000 0.000000 0.000000 0.000000 0.000000 0.000000 0.000000 0.000000
0.010101 0.050505 0.141414 0.333333 0.282828 0.171717 0.010101 0.000000 0.000000 0.000000 0.000000 0.000000 0.000000 0.000000 0.000000 0.000000 0.000000 0.000000 0.000000 0.000000 0.000000
0.041667 0.041667 0.083333 0.083333 0.250000 0.375000 0.083333 0.041667 0.000000 0.000000 0.000000 0.000000 0.000000 0.000000 0.000000 0.000000 0.000000 0.000000 0.000000 0.000000 0.000000
0.043478 0.043478 0.043478 0.173913 0.173913 0.260870 0.173913 0.043478 0.043478 0.000000 0.000000 0.000000 0.000000 0.000000 0.000000 0.000000 0.000000 0.000000 0.000000 0.000000 0.000000
0.050000 0.050000 0.050000 0.100000 0.150000 0.100000 0.200000 0.200000 0.050000 0.050000 0.000000 0.000000 0.000000 0.000000 0.000000 0.000000 0.000000 0.000000 0.000000 0.000000 0.000000
0.014925 0.014925 0.014925 0.014925 0.104478 0.104478 0.134328 0.268657 0.194030 0.119403 0.014925 0.000000 0.000000 0.000000 0.000000 0.000000 0.000000 0.000000 0.000000 0.000000 0.000000
0.052632 0.052632 0.052632 0.052632 0.105263 0.052632 0.105263 0.210526 0.105263 0.105263 0.052632 0.052632 0.000000 0.000000 0.000000 0.000000 0.000000 0.000000 0.000000 0.000000 0.000000
0.028571 0.028571 0.028571 0.028571 0.028571 0.028571 0.057143 0.142857 0.171429 0.085714 0.171429 0.171429 0.028571 0.000000 0.000000 0.000000 0.000000 0.000000 0.000000 0.000000 0.000000
0.058824 0.058824 0.058824 0.058824 0.058824 0.058824 0.058824 0.058824 0.117647 0.058824 0.058824 0.117647 0.058824 0.117647 0.000000 0.000000 0.000000 0.000000 0.000000 0.000000 0.000000
0.066667 0.066667 0.066667 0.066667 0.066667 0.066667 0.066667 0.066667 0.066667 0.066667 0.066667 0.066667 0.066667 0.066667 0.066667 0.000000 0.000000 0.000000 0.000000 0.000000 0.000000
0.055556 0.055556 0.055556 0.055556 0.055556 0.055556 0.055556 0.055556 0.055556 0.055556 0.055556 0.055556 0.055556 0.111111 0.111111 0.055556 0.000000 0.000000 0.000000 0.000000 0.000000
0.055556 0.055556 0.055556 0.055556 0.055556 0.055556 0.055556 0.055556 0.055556 0.111111 0.055556 0.055556 0.055556 0.055556 0.055556 0.055556 0.055556 0.000000 0.000000 0.000000 0.000000
0.055556 0.055556 0.055556 0.055556 0.055556 0.055556 0.055556 0.055556 0.055556 0.055556 0.055556 0.055556 0.055556 0.055556 0.055556 0.055556 0.055556 0.055556 0.000000 0.000000 0.000000
0.052632 0.052632 0.052632 0.052632 0.052632 0.052632 0.052632 0.052632 0.052632 0.052632 0.052632 0.052632 0.052632 0.052632 0.052632 0.052632 0.052632 0.052632 0.052632 0.000000 0.000000
0.050000 0.050000 0.050000 0.050000 0.050000 0.050000 0.050000 0.050000 0.050000 0.050000 0.050000 0.050000 0.050000 0.050000 0.050000 0.050000 0.050000 0.050000 0.050000 0.050000 0.000000
0.047619 0.047619 0.047619 0.047619 0.047619 0.047619 0.047619 0.047619 0.047619 0.047619 0.047619 0.047619 0.047619 0.047619 0.047619 0.047619 0.047619 0.047619 0.047619 0.047619 0.047619
# New slice
0.100000 0.320000 0.120000 0.100000 0.020000 0.040000 0.020000 0.020000 0.020000 0.020000 0.020000 0.020000 0.020000 0.020000 0.020000 0.020000 0.020000 0.020000 0.020000 0.020000 0.020000
0.014925 0.059701 0.328358 0.253731 0.089552 0.029851 0.014925 0.014925 0.014925 0.014925 0.014925 0.014925 0.014925 0.014925 0.014925 0.014925 0.014925 0.014925 0.014925 0.014925 0.014925
0.000000 0.000000 0.207792 0.220779 0.233766 0.103896 0.051948 0.012987 0.012987 0.012987 0.012987 0.012987 0.012987 0.012987 0.012987 0.012987 0.012987 0.012987 0.012987 0.012987 0.012987
0.000000 0.000000 0.035714 0.178571 0.071429 0.142857 0.071429 0.035714 0.035714 0.035714 0.035714 0.035714 0.035714 0.035714 0.035714 0.035714 0.035714 0.035714 0.035714 0.035714 0.035714
0.000000 0.000000 0.023256 0.058140 0.127907 0.313953 0.186047 0.116279 0.034884 0.011628 0.011628 0.011628 0.011628 0.011628 0.011628 0.011628 0.011628 0.011628 0.011628 0.011628 0.011628
0.000000 0.000000 0.000000 0.042373 0.059322 0.127119 0.194915 0.313559 0.127119 0.042373 0.008475 0.008475 0.008475 0.008475 0.008475 0.008475 0.008475 0.008475 0.008475 0.008475 0.008475
0.000000 0.000000 0.000000 0.000000 0.000000 0.000000 0.178571 0.071429 0.250000 0.107143 0.035714 0.035714 0.035714 0.035714 0.035714 0.035714 0.035714 0.035714 0.035714 0.035714 0.035714
0.000000 0.000000 0.000000 0.016260 0.032520 0.024390 0.138211 0.121951 0.203252 0.268293 0.097561 0.024390 0.008130 0.008130 0.008130 0.008130 0.008130 0.008130 0.008130 0.008130 0.008130
0.000000 0.000000 0.000000 0.000000 0.008696 0.026087 0.069565 0.104348 0.173913 0.243478 0.234783 0.060870 0.008696 0.008696 0.008696 0.008696 0.008696 0.008696 0.008696 0.008696 0.008696
0.000000 0.000000 0.000000 0.000000 0.000000 0.020202 0.060606 0.090909 0.101010 0.151515 0.191919 0.181818 0.111111 0.020202 0.010101 0.010101 0.010101 0.010101 0.010101 0.010101 0.010101
0.000000 0.000000 0.000000 0.000000 0.052632 0.052632 0.105263 0.052632 0.052632 0.052632 0.052632 0.105263 0.052632 0.052632 0.052632 0.052632 0.052632 0.052632 0.052632 0.052632 0.052632
0.000000 0.000000 0.000000 0.000000 0.000000 0.025000 0.050000 0.075000 0.050000 0.025000 0.050000 0.125000 0.225000 0.150000 0.050000 0.050000 0.025000 0.025000 0.025000 0.025000 0.025000
0.000000 0.000000 0.000000 0.000000 0.000000 0.000000 0.000000 0.000000 0.000000 0.000000 0.000000 0.083333 0.083333 0.166667 0.083333 0.083333 0.166667 0.083333 0.083333 0.083333 0.083333
0.000000 0.000000 0.000000 0.000000 0.000000 0.000000 0.000000 0.000000 0.000000 0.062500 0.000000 0.000000 0.000000 0.250000 0.062500 0.250000 0.125000 0.062500 0.062500 0.062500 0.062500
0.000000 0.000000 0.000000 0.000000 0.000000 0.000000 0.000000 0.000000 0.076923 0.076923 0.000000 0.076923 0.000000 0.076923 0.230769 0.076923 0.076923 0.076923 0.076923 0.076923 0.076923
0.000000 0.000000 0.000000 0.000000 0.000000 0.000000 0.000000 0.000000 0.000000 0.000000 0.000000 0.083333 0.083333 0.000000 0.000000 0.083333 0.333333 0.083333 0.166667 0.083333 0.083333
0.000000 0.000000 0.000000 0.000000 0.000000 0.000000 0.000000 0.000000 0.000000 0.000000 0.000000 0.111111 0.000000 0.000000 0.000000 0.222222 0.222222 0.111111 0.111111 0.111111 0.111111
0.000000 0.000000 0.000000 0.000000 0.000000 0.000000 0.000000 0.000000 0.000000 0.000000 0.000000 0.000000 0.000000 0.000000 0.000000 0.000000 0.000000 0.250000 0.250000 0.250000 0.250000
0.000000 0.000000 0.000000 0.000000 0.000000 0.000000 0.000000 0.000000 0.000000 0.000000 0.000000 0.000000 0.000000 0.000000 0.000000 0.000000 0.000000 0.000000 0.250000 0.250000 0.500000
0.000000 0.000000 0.000000 0.000000 0.000000 0.000000 0.000000 0.000000 0.000000 0.000000 0.000000 0.000000 0.000000 0.000000 0.000000 0.000000 0.000000 0.000000 0.000000 0.500000 0.500000
0.000000 0.000000 0.000000 0.000000 0.000000 0.000000 0.000000 0.000000 0.000000 0.000000 0.000000 0.000000 0.000000 0.000000 0.000000 0.000000 0.000000 0.000000 0.000000 0.000000 1.000000
# New slice
1.000000 0.000000 0.000000 0.000000 0.000000 0.000000 0.000000 0.000000 0.000000 0.000000 0.000000 0.000000 0.000000 0.000000 0.000000 0.000000 0.000000 0.000000 0.000000 0.000000 0.000000
0.941176 0.058824 0.000000 0.000000 0.000000 0.000000 0.000000 0.000000 0.000000 0.000000 0.000000 0.000000 0.000000 0.000000 0.000000 0.000000 0.000000 0.000000 0.000000 0.000000 0.000000
0.722222 0.222222 0.055556 0.000000 0.000000 0.000000 0.000000 0.000000 0.000000 0.000000 0.000000 0.000000 0.000000 0.000000 0.000000 0.000000 0.000000 0.000000 0.000000 0.000000 0.000000
0.375000 0.312500 0.250000 0.062500 0.000000 0.000000 0.000000 0.000000 0.000000 0.000000 0.000000 0.000000 0.000000 0.000000 0.000000 0.000000 0.000000 0.000000 0.000000 0.000000 0.000000
0.142857 0.238095 0.190476 0.380952 0.047619 0.000000 0.000000 0.000000 0.000000 0.000000 0.000000 0.000000 0.000000 0.000000 0.000000 0.000000 0.000000 0.000000 0.000000 0.000000 0.000000
0.055556 0.111111 0.333333 0.277778 0.166667 0.055556 0.000000 0.000000 0.000000 0.000000 0.000000 0.000000 0.000000 0.000000 0.000000 0.000000 0.000000 0.000000 0.000000 0.000000 0.000000
0.045455 0.045455 0.272727 0.272727 0.136364 0.181818 0.045455 0.000000 0.000000 0.000000 0.000000 0.000000 0.000000 0.000000 0.000000 0.000000 0.000000 0.000000 0.000000 0.000000 0.000000
0.038462 0.076923 0.076923 0.192308 0.230769 0.192308 0.153846 0.038462 0.000000 0.000000 0.000000 0.000000 0.000000 0.000000 0.000000 0.000000 0.000000 0.000000 0.000000 0.000000 0.000000
0.047619 0.047619 0.047619 0.095238 0.095238 0.238095 0.190476 0.190476 0.047619 0.000000 0.000000 0.000000 0.000000 0.000000 0.000000 0.000000 0.000000 0.000000 0.000000 0.000000 0.000000
0.040000 0.040000 0.040000 0.040000 0.080000 0.120000 0.280000 0.200000 0.120000 0.040000 0.000000 0.000000 0.000000 0.000000 0.000000 0.000000 0.000000 0.000000 0.000000 0.000000 0.000000
0.018519 0.018519 0.018519 0.018519 0.037037 0.111111 0.166667 0.185185 0.166667 0.240741 0.018519 0.000000 0.000000 0.000000 0.000000 0.000000 0.000000 0.000000 0.000000 0.000000 0.000000
0.047619 0.047619 0.047619 0.047619 0.095238 0.095238 0.095238 0.095238 0.190476 0.142857 0.047619 0.047619 0.000000 0.000000 0.000000 0.000000 0.000000 0.000000 0.000000 0.000000 0.000000
0.058824 0.058824 0.058824 0.058824 0.058824 0.058824 0.058824 0.117647 0.058824 0.117647 0.117647 0.117647 0.058824 0.000000 0.000000 0.000000 0.000000 0.000000 0.000000 0.000000 0.000000
0.041667 0.041667 0.041667 0.041667 0.041667 0.041667 0.125000 0.041667 0.041667 0.041667 0.125000 0.166667 0.166667 0.041667 0.000000 0.000000 0.000000 0.000000 0.000000 0.000000 0.000000
0.066667 0.066667 0.066667 0.066667 0.066667 0.066667 0.066667 0.066667 0.066667 0.066667 0.066667 0.066667 0.066667 0.066667 0.066667 0.000000 0.000000 0.000000 0.000000 0.000000 0.000000
0.062500 0.062500 0.062500 0.062500 0.062500 0.062500 0.062500 0.062500 0.062500 0.062500 0.062500 0.062500 0.062500 0.062500 0.062500 0.062500 0.000000 0.000000 0.000000 0.000000 0.000000
0.055556 0.055556 0.055556 0.055556 0.055556 0.055556 0.055556 0.055556 0.055556 0.055556 0.055556 0.055556 0.055556 0.111111 0.055556 0.055556 0.055556 0.000000 0.000000 0.000000 0.000000
0.055556 0.055556 0.055556 0.055556 0.055556 0.055556 0.055556 0.055556 0.055556 0.055556 0.055556 0.055556 0.055556 0.055556 0.055556 0.055556 0.055556 0.055556 0.000000 0.000000 0.000000
0.052632 0.052632 0.052632 0.052632 0.052632 0.052632 0.052632 0.052632 0.052632 0.052632 0.052632 0.052632 0.052632 0.052632 0.052632 0.052632 0.052632 0.052632 0.052632 0.000000 0.000000
0.047619 0.047619 0.047619 0.047619 0.047619 0.047619 0.047619 0.047619 0.047619 0.047619 0.047619 0.047619 0.047619 0.047619 0.047619 0.047619 0.095238 0.047619 0.047619 0.047619 0.000000
0.045455 0.045455 0.045455 0.045455 0.045455 0.045455 0.045455 0.045455 0.045455 0.045455 0.045455 0.045455 0.045455 0.045455 0.090909 0.045455 0.045455 0.045455 0.045455 0.045455 0.045455
# New slice
0.031250 0.328125 0.234375 0.125000 0.031250 0.015625 0.015625 0.015625 0.015625 0.015625 0.015625 0.015625 0.015625 0.015625 0.015625 0.015625 0.015625 0.015625 0.015625 0.015625 0.015625
0.000000 0.045455 0.272727 0.287879 0.090909 0.060606 0.030303 0.015152 0.015152 0.015152 0.015152 0.015152 0.015152 0.015152 0.015152 0.015152 0.015152 0.015152 0.015152 0.015152 0.015152
0.000000 0.000000 0.084507 0.211268 0.366197 0.112676 0.028169 0.014085 0.014085 0.014085 0.014085 0.014085 0.014085 0.014085 0.014085 0.014085 0.014085 0.014085 0.014085 0.014085 0.014085
0.000000 0.000000 0.000000 0.123596 0.303371 0.280899 0.101124 0.033708 0.022472 0.011236 0.011236 0.011236 0.011236 0.011236 0.011236 0.011236 0.011236 0.011236 0.011236 0.011236 0.011236
0.000000 0.000000 0.000000 0.040000 0.110000 0.250000 0.300000 0.090000 0.080000 0.020000 0.010000 0.010000 0.010000 0.010000 0.010000 0.010000 0.010000 0.010000 0.010000 0.010000 0.010000
0.000000 0.000000 0.000000 0.000000 0.050633 0.075949 0.240506 0.303797 0.151899 0.025316 0.025316 0.012658 0.012658 0.012658 0.012658 0.012658 0.012658 0.012658 0.012658 0.012658 0.012658
0.000000 0.000000 0.000000 0.009901 0.039604 0.009901 0.128713 0.247525 0.277228 0.128713 0.049505 0.019802 0.009901 0.009901 0.009901 0.009901 0.009901 0.009901 0.009901 0.009901 0.009901
0.000000 0.000000 0.000000 0.000000 0.020833 0.041667 0.083333 0.166667 0.270833 0.177083 0.093750 0.041667 0.020833 0.010417 0.010417 0.010417 0.010417 0.010417 0.010417 0.010417 0.010417
0.000000 0.000000 0.000000 0.000000 0.010753 0.043011 0.043011 0.118280 0.161290 0.182796 0.193548 0.118280 0.043011 0.010753 0.010753 0.010753 0.010753 0.010753 0.010753 0.010753 0.010753
0.000000 0.000000 0.000000 0.000000 0.000000 0.013333 0.053333 0.120000 0.133333 0.173333 0.200000 0.120000 0.080000 0.013333 0.013333 0.013333 0.013333 0.013333 0.013333 0.013333 0.013333
0.000000 0.000000 0.000000 0.000000 0.000000 0.000000 0.000000 0.086957 0.000000 0.086957 0.043478 0.217391 0.173913 0.043478 0.086957 0.043478 0.043478 0.043478 0.043478 0.043478 0.043478
0.000000 0.000000 0.000000 0.000000 0.000000 0.000000 0.025641 0.000000 0.000000 0.102564 0.153846 0.128205 0.230769 0.128205 0.051282 0.051282 0.025641 0.025641 0.025641 0.025641 0.025641
0.000000 0.000000 0.000000 0.000000 0.000000 0.037037 0.000000 0.000000 0.037037 0.074074 0.037037 0.000000 0.111111 0.222222 0.148148 0.148148 0.037037 0.037037 0.037037 0.037037 0.037037
0.000000 0.000000 0.000000 0.000000 0.000000 0.000000 0.000000 0.000000 0.000000 0.000000 0.100000 0.100000 0.000000 0.100000 0.100000 0.100000 0.100000 0.100000 0.100000 0.100000 0.100000
0.000000 0.000000 0.000000 0.000000 0.000000 0.000000 0.000000 0.000000 0.090909 0.000000 0.000000 0.000000 0.181818 0.000000 0.090909 0.181818 0.090909 0.090909 0.090909 0.090909 0.090909
0.000000 0.000000 0.000000 0.000000 0.000000 0.000000 0.000000 0.000000 0.000000 0.000000 0.090909 0.000000 0.090909 0.000000 0.000000 0.181818 0.272727 0.090909 0.090909 0.090909 0.090909
0.000000 0.000000 0.000000 0.000000 0.000000 0.000000 0.000000 0.000000 0.000000 0.000000 0.000000 0.000000 0.000000 0.000000 0.000000 0.125000 0.125000 0.125000 0.125000 0.375000 0.125000
0.000000 0.000000 0.000000 0.000000 0.000000 0.000000 0.000000 0.000000 0.000000 0.000000 0.000000 0.000000 0.000000 0.000000 0.000000 0.000000 0.000000 0.250000 0.250000 0.250000 0.250000
0.000000 0.000000 0.000000 0.000000 0.000000 0.000000 0.000000 0.000000 0.000000 0.000000 0.000000 0.000000 0.000000 0.000000 0.000000 0.000000 0.000000 0.000000 0.333333 0.333333 0.333333
0.000000 0.000000 0.000000 0.000000 0.000000 0.000000 0.000000 0.000000 0.000000 0.000000 0.000000 0.000000 0.000000 0.000000 0.000000 0.000000 0.000000 0.000000 0.000000 0.500000 0.500000
0.000000 0.000000 0.000000 0.000000 0.000000 0.000000 0.000000 0.000000 0.000000 0.000000 0.333333 0.000000 0.000000 0.000000 0.000000 0.000000 0.000000 0.000000 0.000000 0.000000 0.666667
# New slice
