# Array shape: (2, 21, 2)
     0.000     41.380
     0.000    201.777
    88.735    331.282
   117.705    471.184
     0.000    492.010
   188.587    609.784
   238.513    643.110
   333.583    590.260
   417.016    423.718
   487.187    802.468
   459.437    376.474
   332.379    114.678
     0.000    419.948
   215.988    -45.187
     0.000    269.288
     0.000    305.293
     0.000      0.000
     0.000      0.000
     0.000      0.000
     0.000      0.000
     0.000      0.000
# New slice
     0.000     56.046
     0.000    249.243
    95.008    324.711
    42.606    446.604
   217.698    554.621
   187.009    624.155
   309.470    585.730
   349.658    753.489
   423.506    496.690
   568.455    288.356
   209.107    475.874
   215.666    856.077
   672.877   -229.410
     0.000    -80.701
     0.000    283.184
     0.000      0.000
     0.000   -211.921
     0.000      0.000
     0.000      0.000
     0.000      0.000
    77.469      0.000
# New slice
