# Array shape: (2, 21, 2)
     0.000      0.000
     0.000      0.000
     0.000      0.000
     0.000  33238.386
     0.000  44498.732
     0.000      0.000
     0.000  73129.672
     0.000 125700.818
 26794.363 114959.968
 95554.090 117573.161
 74284.028 117231.528
 84756.349 129315.371
     0.000      0.000
     0.000      0.000
     0.000      0.000
     0.000      0.000
     0.000      0.000
     0.000      0.000
     0.000      0.000
     0.000      0.000
     0.000      0.000
# New slice
     0.000      0.000
     0.000      0.000
     0.000      0.000
     0.000      0.000
     0.000      0.000
     0.000  91136.284
     0.000  56997.249
     0.000 111524.448
 39942.692 119162.349
 70637.009 124368.131
 72377.419 120318.676
     0.000 111634.870
113325.777      0.000
     0.000      0.000
     0.000      0.000
     0.000      0.000
     0.000      0.000
     0.000      0.000
     0.000      0.000
     0.000      0.000
     0.000      0.000
# New slice
