# Array shape: (2, 21, 2)
  4899.595  33698.985
  5651.870  31397.118
  9376.949  47022.039
 24966.229  44659.321
 25356.077  55019.976
 29816.669  70933.175
 36656.967  61910.458
 51946.772  50601.964
 45020.092  45056.257
 45741.207  52808.088
 59931.238  38407.253
 16276.305  66330.903
 15073.445  80423.574
     0.000  69315.500
 22689.603  48579.477
 42109.334  11801.184
     0.000  25867.541
     0.000  78997.847
     0.000  60429.934
     0.000      0.000
     0.000  61168.291
# New slice
  5418.058  24775.458
  7709.886  43595.709
 14883.220  42797.072
 19707.885  49114.626
 25249.149  53275.111
 23646.908  44920.870
 30708.723  46160.926
 49162.168  80380.668
 51008.047  58986.902
 62622.665  42959.237
 49113.134  80503.590
 48626.091  72296.453
 65045.643  28461.046
 66492.735   7216.371
 57163.509      0.000
     0.000  55343.019
 62394.006      0.000
     0.000      0.000
     0.000  70358.240
 53144.652      0.000
     0.000  77255.300
# New slice
