# Array shape: (2, 21, 2)
  1509.183   7718.708
  4987.848      0.000
     0.000  11834.287
  3096.808  10073.443
  1758.136  10341.116
  2271.714  17204.964
 11697.068  18988.350
  3597.148  18922.008
 13502.733  20004.858
 16177.791  23194.199
 18221.418  23337.615
 20919.226  21158.372
 18743.210  20710.822
 17609.268  19829.337
 15785.986  20745.140
 12875.429  23804.487
 11509.071  21854.249
  5279.505   9668.213
  5294.908      0.000
     0.000      0.000
     0.000      0.000
# New slice
  3971.832   8508.286
  1206.458  12489.049
  1928.953  12559.021
  1597.931  12772.870
     0.000  16550.850
     0.000  18696.997
  9044.513  19434.154
  9303.101  18688.346
 12643.413  20288.634
 16984.608  23503.367
 18226.106  23886.231
 19685.822  23064.312
 22033.321  17446.708
 22182.934  19650.158
 15069.261  20109.023
 15705.283  24166.698
     0.000      0.000
     0.000      0.000
     0.000      0.000
     0.000      0.000
     0.000      0.000
# New slice
