# Array shape: (2, 21, 2)
     0.000   8856.628
     0.000  22263.372
  2988.101  51500.350
     0.000  46625.684
 39360.256  14616.745
 19683.347 110312.060
 13496.874 141138.213
 46237.343 159441.744
 76025.417 126624.558
 87791.959 156932.378
 94008.385 193303.474
125779.558 208525.272
 88866.944 163653.568
 25443.861 169435.962
 73738.150 155867.991
 87216.201 152002.659
  4669.611 131425.173
 38073.199 158743.912
     0.000 190202.767
 32058.994      0.000
 21136.172  52454.435
# New slice
     0.000  15776.437
     0.000  32636.367
 10934.974  55033.740
  6983.005  91653.465
 14181.361 107983.626
 43430.023 122380.616
 62937.273 127289.960
 65526.539 141152.516
 91273.140 172246.212
 98089.276 148949.090
142445.725  28917.859
115158.296 179039.109
 67369.902 198886.017
 65394.593  92209.839
111479.791  86652.342
 46525.392 207916.415
 -6240.542 177385.550
     0.000  76240.993
     0.000  84168.689
   260.110 110334.018
 75989.748 -15512.128
# New slice
