# Array shape: (2, 21, 2)
  4849.761      0.000
  1510.250  29156.111
  4515.667  36116.017
 17718.633   5446.681
 28017.823  16112.961
 16174.450  64081.587
 32178.043  69378.361
 32257.552  90593.167
 52298.208  45274.926
 30165.868  99452.103
 59187.941  97973.006
 57727.193 116703.249
 57434.612 111485.592
 96558.214  63514.217
 47651.142  85872.956
 37343.342  78282.675
  7061.951 112701.582
 44022.347  34537.218
     0.000  44292.483
     0.000  60475.569
     0.000  62414.230
# New slice
   483.555  20813.330
     0.000  22182.071
   825.082  38579.490
  7904.173  50339.325
  7893.792  57548.946
 27633.514  79352.174
 33585.611  76561.106
 37437.881  91712.898
 54199.403  49319.359
 58397.230 127653.908
 68545.305 124241.156
 51799.200 103246.925
 16669.138 120927.990
 42219.827 128984.917
 80608.131    422.567
 39130.684  94397.400
 34741.077  25012.560
 84435.675  20010.807
     0.000  33804.580
     0.000  66960.236
     0.000  21689.610
# New slice
