# Array shape: (2, 21, 2)
     0.000      0.000
     0.000      0.000
     0.000   9906.641
     0.000  12700.681
     0.000  29741.225
 10010.719  46044.293
 12428.859  43378.365
 24380.016  47646.249
 32824.872  64549.480
 28509.045  53807.139
 43404.439  43594.360
 54900.844  40275.391
 34981.060  67366.583
     0.000  73401.911
 10980.272  63130.459
     0.000  34767.235
     0.000  37221.533
     0.000  11084.846
     0.000  14514.719
     0.000      0.000
     0.000      0.000
# New slice
     0.000      0.000
     0.000   6077.730
     0.000    861.403
     0.000  27893.213
  5387.282  36853.338
  7641.281  42135.168
 18355.984  57899.384
 35051.684  46813.029
 38360.776  57821.224
 41830.608  52078.601
 40632.828  69534.531
 43923.628  58512.873
 54936.796  33808.515
 28637.103  50707.700
 57388.602   7887.931
 34350.619  17312.192
 11625.860  29915.363
     0.000  36801.490
 14208.682  -3419.164
     0.000  -6149.498
 15918.887      0.000
# New slice
