# Array shape: (2, 21, 2)
  3187.904  12014.625
  3577.271  13374.701
  7472.115  23012.912
 11391.266  17556.330
 12430.355  26709.367
 14379.572  27756.789
 17471.267  30173.215
 19268.362  35152.284
 25077.826   7838.338
 19468.847  26203.261
 26749.919  14040.597
 26937.820  21123.987
 16423.718   3881.502
     0.000  12758.523
     0.000      0.000
     0.000  17208.626
     0.000      0.000
     0.000  -3571.641
     0.000      0.000
     0.000      0.000
 -1298.144  18096.007
# New slice
  1490.878  15144.210
  2107.961  19634.053
  5367.666  20381.869
  9273.066  23595.721
 12342.638  21202.329
 12974.192  25802.485
 17546.219  20854.343
 19667.343  25768.856
 25655.822  20827.504
 24910.399  28309.206
 12000.734  38434.719
 15820.077  23055.050
 13204.356  19889.177
 10548.400  -1478.296
     0.000  10430.845
     0.000  26013.997
     0.000  21636.409
     0.000      0.000
     0.000  25788.536
     0.000  16038.892
     0.000  11476.554
# New slice
