# Array shape: (2, 21, 2)
  4426.817  25130.925
  6922.890  42164.040
 16922.036  46402.018
 20869.318  46323.289
 25783.225  53934.075
 40112.857  66072.856
 37630.462  66549.555
 38983.891  55927.437
 43221.434  81040.930
 57605.950  53417.236
 53131.134  52064.297
 75154.926  33265.394
 -1402.519  54262.959
 17899.010  66469.213
 28388.133      0.000
     0.000  -1930.079
     0.000   9803.901
     0.000  29466.571
     0.000  34423.227
     0.000      0.000
     0.000  22951.363
# New slice
  3276.623  25820.978
  4304.216  34006.762
 13554.715  43022.633
 21990.987  48355.111
 29611.864  63294.259
 39249.557  52545.494
 43257.827  51698.279
 46782.311  50440.613
 50574.425  37696.722
 50152.937  73249.983
 55146.230  65043.931
 39927.491  54909.842
 30474.440  59261.900
 62808.245    559.287
     0.000  57858.986
     0.000  21439.807
  5956.248  36108.879
     0.000      0.000
     0.000      0.000
     0.000      0.000
     0.000   3718.472
# New slice
