# Array shape: (2, 21, 2)
     0.000      0.000
     0.000      0.000
     0.000   6338.753
  4155.079  22116.567
 11656.811  21762.680
 12477.405  30828.054
 14916.602  27237.552
  6931.261  24093.657
 18388.742  34408.480
 11313.343  36470.348
 29356.057  25659.269
 35963.980  16819.097
     0.000  34200.975
     0.000  39137.461
     0.000  38338.187
 37511.760  10984.489
     0.000  19050.675
 10595.062  16005.481
     0.000    133.607
     0.000      0.000
 48027.566  -3640.860
# New slice
     0.000      0.000
     0.000   4706.824
     0.000  18316.126
  5373.158  23621.908
 14138.508  26923.008
 15812.940  29950.055
 15517.484  31117.710
 17991.998  35755.758
 22909.321  28179.411
 31201.112  17208.892
  2520.024  43907.025
 20758.726  41494.385
 21066.091  44234.008
 25610.605  44749.131
  7552.293  43611.865
  8074.392  29399.017
 34515.360  17155.311
 25022.906   9215.303
 14981.844  35261.954
     0.000  43236.627
 17918.692  43287.711
# New slice
